# z mu_apparent dmu
1.124000 25.406618 0.209719
0.552000 23.496163 0.135657
0.671000 23.809347 0.147584
0.511000 23.394132 0.128262
1.030000 25.134153 0.132285
0.012063 14.180301 0.100844
0.013898 14.629046 0.157123
0.017334 15.641298 0.128535
0.018380 15.426246 0.116831
0.016162 15.400682 0.155787
0.017892 15.481013 0.196962
0.019859 15.494457 0.165717
0.014460 14.729232 0.089565
0.016485 15.274557 0.066929
0.024112 15.651656 0.071532
0.017334 15.617900 0.121772
0.012086 14.406991 0.093833
0.020023 15.095837 0.091744
0.015815 15.274207 0.081717
0.022318 16.118196 0.066051
0.022826 15.662824 0.150172
0.011729 14.398862 0.120743
0.029472 16.664738 0.074787
0.016172 15.316503 0.070073
0.011122 14.831084 0.092122
0.010462 14.210502 0.094730
0.014254 14.822146 0.115920
0.015789 15.873006 0.082310
0.016930 14.288794 0.079170
0.019711 15.726607 0.074642
0.014780 15.115504 0.096033
0.019587 15.761382 0.079894
0.016648 15.601320 0.065057
0.028795 16.593433 0.075843
0.021416 16.039428 0.076394
0.020962 15.953621 0.081749
0.014305 14.944789 0.099056
0.017937 15.481323 0.084919
0.018419 15.370130 0.075408
0.015426 15.072181 0.074170
0.019592 15.800632 0.074704
0.010418 14.448335 0.126813
0.016089 15.242452 0.083394
0.019510 15.660507 0.081845
0.018966 15.616589 0.079533
0.018888 15.687739 0.075045
0.013531 14.632056 0.079447
0.017802 16.122128 0.172875
0.016439 15.342995 0.077422
0.017920 15.613753 0.064764
0.018770 15.698522 0.080606
0.017130 15.512732 0.084955
0.018045 15.632808 0.080280
0.017532 15.495672 0.070753
0.014825 14.786053 0.067963
0.010674 15.723531 0.097165
0.014398 14.994726 0.069834
0.010828 14.163120 0.093790
0.017558 15.134436 0.075061
0.015472 14.930698 0.082912
0.015013 15.226684 0.068885
0.015360 14.836554 0.075446
0.016051 15.366816 0.073061
0.017024 15.138133 0.063363
0.023495 16.062278 0.073234
0.014385 14.693631 0.081617
0.020575 15.408261 0.060456
0.010448 14.525270 0.073503
0.017538 15.440266 0.068493
0.017505 14.579533 0.075219
0.015300 15.198470 0.078166
0.018318 15.919091 0.072662
0.015292 15.705486 0.121418
0.016666 15.415092 0.084899
0.017203 14.953184 0.070757
0.013694 15.057029 0.077387
0.012991 15.116148 0.121779
0.022023 15.957714 0.067034
0.017980 15.685971 0.071495
0.017642 15.174147 0.101975
0.014831 15.043212 0.074980
0.024501 16.075348 0.074355
0.016653 14.896966 0.088753
0.015371 15.233912 0.067117
0.014740 15.110953 0.080651
0.018530 15.773931 0.057444
0.020159 15.602102 0.073073
0.017769 15.390621 0.062528
0.019052 15.603934 0.070960
0.015797 15.091053 0.074624
0.017817 15.606227 0.152624
0.015241 14.859511 0.097870
0.015821 15.332108 0.082325
0.017557 15.589304 0.068463
0.019692 15.624599 0.067834
0.025461 16.207266 0.082088
0.021158 15.824379 0.070752
0.019518 15.894035 0.068347
0.011932 14.520639 0.084949
0.021565 15.920401 0.080436
0.014705 14.407589 0.063076
0.013365 15.952568 0.085784
0.014817 15.069681 0.081985
0.013961 15.054392 0.094432
0.010747 14.398923 0.130856
0.018778 15.046916 0.059080
0.029754 16.429677 0.047910
0.014730 14.844849 0.053419
0.014633 15.075345 0.076396
0.032136 16.372744 0.064090
0.027595 16.354588 0.056494
0.023003 16.166445 0.055530
0.080402 18.675686 0.043449
0.013304 15.016938 0.076936
0.024214 16.054381 0.056029
0.015043 14.823529 0.053537
0.014821 15.116978 0.060492
0.028394 16.518671 0.050943
0.044967 17.564429 0.041724
0.056369 18.030355 0.041230
0.032968 16.934220 0.053774
0.075044 18.600880 0.037372
0.013815 14.947599 0.081389
0.020700 15.631101 0.055002
0.044043 17.298695 0.049401
0.026081 16.172115 0.060854
0.026841 16.223745 0.061750
0.017988 15.388454 0.069702
0.010549 14.304035 0.078601
0.032508 16.494011 0.044941
0.017005 15.488088 0.058449
0.019203 15.677168 0.067396
0.048292 17.546284 0.051275
0.021276 15.650309 0.070154
0.027577 16.622928 0.060372
0.082504 18.804537 0.041518
0.027725 16.486475 0.060965
0.031357 16.705488 0.063374
0.020801 15.805070 0.072022
0.054488 17.906163 0.053360
0.057900 18.012456 0.045050
0.052193 17.486516 0.049594
0.056596 17.869182 0.047600
0.016510 15.439945 0.062737
0.032029 16.733933 0.073700
0.017942 15.248496 0.065694
0.021904 15.722090 0.052946
0.031968 16.625504 0.055150
0.015182 15.358063 0.067485
0.012883 14.804795 0.083952
0.078465 18.951131 0.042797
0.071915 18.427451 0.042115
0.036535 17.209850 0.048399
0.040249 17.342189 0.056914
0.043855 17.245807 0.045281
0.020673 15.333381 0.070069
0.032038 16.657126 0.053752
0.017104 15.184646 0.075260
0.012886 14.744880 0.085694
0.027302 16.375687 0.053365
0.015740 15.118652 0.092293
0.025124 16.096162 0.049071
0.034475 16.622725 0.061757
0.061457 18.253032 0.044115
0.046899 17.566448 0.054055
0.019407 15.488175 0.068845
0.045558 17.260440 0.047256
0.031043 16.508621 0.059599
0.032929 16.660386 0.053688
0.061181 17.896437 0.050684
0.032815 16.760934 0.052329
0.036707 16.980874 0.051361
0.050604 17.678310 0.054939
0.013579 14.880094 0.074789
0.022527 15.921927 0.082153
0.024693 15.973062 0.063892
0.010090 13.776203 0.103323
0.028526 16.329046 0.062906
0.010896 14.636614 0.101835
0.028336 16.421076 0.060107
0.023318 15.871955 0.058401
0.021974 15.770291 0.061416
0.020470 15.587431 0.069968
0.017040 15.229511 0.066370
0.030238 16.505436 0.083514
0.050202 17.547021 0.085608
0.026316 16.312366 0.091821
0.074777 18.399305 0.102477
0.025928 15.764134 0.084349
0.014095 14.771614 0.082368
0.100826 19.487334 0.079465
0.019790 15.649041 0.075199
0.035695 16.858134 0.083043
0.045098 17.491996 0.072604
0.042900 17.279724 0.084220
0.018113 15.571027 0.079817
0.078842 18.506014 0.059931
0.087752 19.184344 0.153146
0.063347 18.318948 0.086247
0.070761 18.370099 0.067818
0.051974 17.762185 0.064476
0.050095 17.624639 0.078196
0.049283 17.728005 0.090898
0.024152 15.983541 0.070614
0.016127 15.154364 0.082000
0.048783 17.247388 0.055442
0.022268 15.705920 0.069995
0.030109 16.633109 0.067977
0.124705 19.899674 0.119859
0.034796 16.800218 0.064047
0.016285 14.822318 0.076715
0.016777 15.048970 0.083240
0.013334 14.847448 0.082045
0.016568 15.213570 0.095368
0.029619 16.929079 0.063288
0.010477 14.196952 0.107575
0.017166 15.171649 0.073720
0.027885 15.986303 0.057481
0.053693 17.691629 0.066535
0.020126 15.752663 0.055132
0.023506 16.068270 0.069362
0.015142 15.162252 0.070779
0.013532 14.444950 0.077103
0.023201 15.938886 0.055778
0.016433 15.106811 0.057907
0.021804 15.824715 0.068765
0.017341 15.263857 0.107382
0.022093 15.805978 0.077564
0.016200 14.723515 0.068698
0.040600 17.370348 0.087795
0.014300 14.886907 0.096458
0.031213 16.519445 0.098386
0.037839 17.054838 0.108503
0.030322 16.509805 0.087524
0.036060 16.657997 0.087220
0.038200 16.980480 0.061064
0.018696 15.965157 0.077210
0.019476 15.776701 0.068206
0.026137 16.263988 0.104785
0.029245 16.608545 0.082103
0.054516 17.446374 0.096878
0.023934 15.993144 0.092771
0.033500 16.934645 0.098637
0.034308 16.777990 0.086849
0.033499 16.765072 0.080309
0.040200 17.337432 0.075367
0.025900 16.403293 0.065101
0.014300 15.006572 0.082178
0.032900 16.911466 0.059881
0.023600 15.980423 0.058122
0.069128 18.546233 0.093265
0.065197 18.428850 0.067641
0.031600 16.524137 0.058978
0.021450 15.946088 0.066197
0.085000 18.947307 0.131374
0.030794 16.449060 0.080960
0.042322 17.400050 0.082601
0.068471 18.631745 0.084765
0.049184 17.763354 0.089743
0.035967 17.002479 0.081953
0.022900 16.125389 0.077223
0.030000 16.383482 0.068143
0.023200 16.061420 0.069946
0.015000 15.281265 0.072777
0.032159 16.771820 0.071341
0.024200 16.115032 0.063900
0.031203 16.851283 0.071171
0.064244 18.104806 0.072585
0.020200 15.579042 0.059606
0.022762 16.520277 0.071824
0.019100 15.406342 0.068574
0.024400 16.145653 0.055712
0.041483 17.760473 0.110579
0.035187 16.798110 0.120382
0.029571 16.425019 0.069723
0.049433 17.673126 0.096603
0.040523 17.215075 0.060761
0.032631 16.578585 0.074414
0.016118 15.326237 0.084085
0.026669 16.452205 0.079076
0.025924 16.096754 0.068330
0.070281 18.191581 0.057245
0.021845 16.286073 0.065777
0.035250 16.565638 0.089277
0.012077 16.041896 0.103548
0.036405 17.141610 0.072754
0.016658 15.706513 0.072957
0.037514 17.313798 0.060245
0.040333 17.115548 0.061148
0.019306 15.420176 0.102180
0.012472 14.808829 0.086178
0.012409 14.635568 0.083150
0.044045 16.764259 0.063895
0.022047 15.778402 0.065274
0.014571 15.128858 0.093812
0.019895 15.663910 0.075444
0.011269 14.673171 0.095959
0.033757 16.549799 0.065738
0.019314 16.006091 0.075745
0.052951 18.023075 0.137558
0.038699 17.047718 0.072494
0.048220 17.213544 0.065681
0.040284 17.132193 0.055933
0.350192 22.309065 0.047618
0.304757 21.927401 0.055257
0.322236 21.830819 0.050149
0.689366 24.086611 0.159571
0.689360 23.844992 0.109855
0.235019 21.355446 0.054258
0.313460 21.973452 0.123164
0.749311 24.299191 0.120884
0.150288 20.323257 0.076184
0.419625 22.958109 0.085035
0.829295 24.384802 0.198242
0.312542 21.874015 0.083193
0.611702 23.772717 0.109261
0.258483 21.505167 0.063319
0.277876 21.885994 0.053247
0.337655 22.170884 0.057027
0.329942 22.234503 0.045553
0.219502 20.926583 0.085472
0.423857 22.680973 0.074899
0.217111 21.165628 0.088766
0.495597 23.150283 0.068306
0.325720 22.090353 0.047815
0.328541 22.071263 0.066744
0.349283 22.362637 0.075518
0.366920 22.205735 0.084818
0.077179 18.871477 0.054079
0.333490 22.057614 0.045935
0.789284 24.309282 0.132568
0.336931 22.019301 0.083902
0.147762 19.990024 0.065470
0.329079 22.071384 0.045631
0.141394 20.169812 0.050348
0.526162 23.157571 0.142027
0.529383 23.359580 0.071819
0.779299 23.996181 0.205220
0.731618 24.177531 0.148642
0.769326 24.180687 0.125081
0.344425 22.198424 0.092896
0.633904 23.703741 0.103289
0.719609 24.220810 0.161053
0.399451 22.636319 0.155445
0.288953 21.723438 0.047591
0.648833 24.000647 0.101076
0.639350 23.591393 0.103225
0.304794 22.053727 0.049751
0.699325 24.234543 0.104169
0.848508 24.624033 0.154058
0.330543 22.193771 0.058005
0.499220 23.053439 0.106348
0.507994 23.205165 0.085253
0.344477 22.248982 0.072886
0.181771 20.749984 0.050454
0.453467 22.930949 0.083578
0.459616 22.951779 0.112685
0.195563 20.691971 0.054975
0.148233 20.037668 0.071316
0.211341 21.001691 0.093893
0.183806 20.739758 0.050084
0.349146 22.274932 0.084044
0.425890 22.767176 0.113728
0.312482 21.983622 0.077672
0.291864 21.810950 0.067850
0.232115 21.319900 0.052970
0.358998 22.302124 0.121534
0.307059 21.963551 0.064456
0.383997 22.589215 0.109163
0.368899 22.197706 0.105348
0.207563 21.086577 0.069724
0.369020 22.465853 0.121243
0.564859 23.445252 0.144077
0.303952 21.724671 0.087627
0.289678 21.653537 0.114326
0.558846 23.387141 0.167238
0.539431 23.352126 0.160970
0.249078 21.152709 0.056620
0.389501 22.589384 0.106964
0.218451 21.312656 0.068744
0.443835 22.618130 0.165554
0.291967 21.882099 0.072515
0.395117 22.358690 0.126332
0.359997 22.322040 0.077130
0.492453 23.301499 0.199375
0.273466 21.647095 0.081518
0.233591 21.237693 0.070886
0.224796 21.231321 0.055925
0.296862 21.915509 0.070388
0.147158 20.239166 0.090128
0.362737 22.318933 0.117934
0.425449 22.668514 0.135307
0.442457 22.841718 0.103917
0.523919 23.224503 0.238445
0.396970 22.324625 0.075690
0.184425 21.058268 0.061552
0.146186 20.312708 0.071602
0.235074 21.211109 0.065732
0.196137 20.790839 0.140111
0.380004 22.510505 0.073399
0.159772 20.017100 0.072743
0.381289 22.367416 0.102670
0.310414 21.692492 0.071657
0.198353 20.472464 0.051268
0.608792 23.204304 0.226445
0.231920 20.962894 0.064407
0.294949 21.850725 0.054557
0.172382 20.253807 0.070958
0.179772 20.547476 0.076509
0.259110 21.473275 0.060789
0.562649 23.662197 0.191725
0.728598 24.358709 0.255121
0.218864 21.168333 0.125821
0.428947 22.840526 0.131628
0.332434 22.026041 0.067407
0.449440 22.786477 0.190738
0.407016 22.583451 0.233439
0.479474 23.135004 0.134552
0.409492 22.637881 0.100460
0.578670 23.093420 0.320979
0.548850 23.044050 0.272081
0.421729 22.565126 0.203542
0.410675 22.547270 0.190177
0.406473 22.733407 0.079365
0.326246 22.168865 0.064746
0.643121 23.209496 0.289329
0.618684 24.018509 0.293608
0.268354 21.530484 0.104297
0.438826 22.385359 0.089343
0.288981 21.610534 0.069401
0.437978 22.715951 0.123477
0.288342 21.819489 0.057331
0.225437 21.033217 0.064932
0.227994 21.099188 0.057996
0.412541 23.051636 0.149089
0.198141 20.949241 0.050388
0.481947 23.008002 0.151253
0.154635 20.218207 0.099425
0.237103 21.183464 0.077308
0.278979 21.643985 0.050973
0.568828 23.154336 0.150188
0.236100 21.232647 0.062670
0.308813 21.999304 0.065566
0.448956 22.928690 0.123932
0.541536 23.608745 0.169497
0.207228 20.849873 0.130111
0.448898 23.009816 0.140773
0.440246 22.679275 0.118861
0.403859 22.598984 0.128031
0.104096 19.473981 0.050749
0.259538 21.527117 0.048690
0.563849 23.456082 0.176944
0.229080 21.196176 0.060951
0.578834 23.717946 0.170927
0.608716 23.736484 0.159194
0.437946 22.951665 0.245434
0.133478 19.907041 0.082476
0.266265 21.247605 0.108847
0.454925 22.670772 0.137706
0.357725 22.411530 0.094231
0.516740 23.035740 0.262349
0.518753 23.201430 0.162221
0.196137 20.787229 0.078780
0.288047 21.676132 0.084598
0.231219 21.066600 0.056977
0.498926 23.088029 0.113230
0.607691 23.660695 0.203122
0.259111 21.360944 0.062860
0.619415 23.878960 0.191520
0.437972 22.715455 0.091234
0.341552 22.211794 0.091170
0.184827 20.783008 0.058870
0.255991 21.605865 0.087348
0.233703 21.283729 0.055859
0.553882 23.092632 0.105338
0.578826 23.649657 0.243443
0.502749 23.159573 0.157211
0.638654 24.092935 0.195707
0.249127 21.374811 0.056809
0.319526 22.105185 0.057117
0.533443 23.020775 0.149734
0.311940 21.968336 0.057804
0.311743 22.024256 0.084770
0.388959 22.357344 0.130409
0.597993 23.751659 0.315290
0.647649 24.090709 0.211706
0.563901 23.545601 0.204798
0.583815 23.562924 0.148419
0.508880 23.073560 0.129552
0.530882 23.396077 0.244828
0.302554 21.647868 0.111566
0.467811 22.726483 0.139124
0.180469 20.322873 0.094757
0.550527 23.095701 0.262790
0.420990 22.566074 0.105800
0.408999 22.717722 0.118352
0.312126 21.983098 0.098747
0.214097 20.996949 0.067781
0.338923 22.115958 0.119917
0.382858 22.344088 0.136390
0.367965 22.477449 0.216690
0.637861 24.249944 0.236071
0.379476 22.312798 0.270872
0.318921 22.188217 0.101340
0.458770 23.006720 0.186481
0.422410 22.661868 0.187516
0.363467 22.341783 0.121801
0.333521 22.129798 0.098970
0.335546 22.138366 0.084322
0.585785 23.849633 0.265427
0.425914 22.712997 0.157453
0.323434 22.354695 0.236529
0.258511 21.498377 0.133220
0.424747 22.588299 0.317240
0.526666 23.936541 0.272993
0.355960 23.204645 0.210560
0.524193 23.273318 0.080281
0.582299 22.944798 0.324098
0.331978 21.668218 0.084271
0.520831 23.460922 0.324053
0.403333 22.690219 0.171112
0.202574 20.951729 0.091026
0.422897 22.788426 0.152149
0.361955 22.602146 0.106169
0.432912 22.895019 0.135037
0.296013 22.014818 0.153271
0.337851 22.177159 0.105796
0.242921 21.415684 0.081226
0.359830 22.469018 0.129871
0.609790 23.482933 0.326067
0.604773 23.418751 0.196003
0.639750 24.031212 0.086680
0.425914 22.972679 0.122020
0.489867 23.560682 0.169476
0.534682 23.545830 0.069654
0.556326 23.614362 0.084699
0.524680 23.314159 0.299877
0.415493 22.805024 0.145050
0.542796 23.551128 0.095867
0.263500 21.525597 0.105580
0.216553 21.056050 0.103635
0.603107 23.874275 0.291480
0.382363 22.431290 0.173656
0.630969 24.068468 0.362508
0.341412 22.184630 0.144034
0.504402 22.899335 0.186852
0.402333 22.638121 0.260882
0.505855 23.239751 0.209082
0.390519 23.206155 0.278689
0.686994 23.915070 0.289220
0.493684 23.243442 0.229340
0.654744 23.999357 0.293077
0.757907 24.601825 0.403478
0.488709 23.487415 0.174143
0.596773 23.517359 0.257146
0.346835 22.620753 0.121370
0.209941 21.014241 0.105562
0.342969 22.290233 0.098663
0.563141 23.698590 0.225529
0.268657 21.648473 0.113981
0.171088 20.683685 0.095407
0.574328 23.488611 0.312254
0.703973 24.370728 0.397834
0.669720 23.904480 0.238269
0.407490 23.017616 0.330313
0.605771 24.301610 0.263544
0.714682 23.646498 0.316707
0.285619 21.747749 0.161780
0.287620 22.152433 0.227642
0.247029 21.241149 0.158522
0.312593 22.120516 0.204575
0.286032 21.653793 0.213951
0.459269 23.463260 0.280316
0.328969 22.045127 0.151068
0.704200 23.464972 0.401153
0.629732 24.078759 0.200949
0.517672 23.581337 0.214429
0.366800 22.282337 0.109973
0.302457 21.800228 0.122463
0.529177 23.127085 0.279879
0.768641 24.869024 0.439412
0.262501 21.491393 0.191181
0.284025 21.709648 0.091516
0.768655 24.600154 0.294902
0.456268 23.524782 0.348155
0.631568 23.841449 0.331319
0.805081 24.861774 0.378540
0.689528 23.913272 0.264002
0.295886 21.849558 0.103827
0.700536 23.157556 0.373601
0.509845 23.628014 0.217960
0.345812 21.798864 0.229435
0.288890 22.148601 0.212709
0.286038 21.494268 0.104347
0.268026 21.678729 0.119777
0.269034 21.591175 0.125140
0.358975 22.497860 0.185524
0.224697 21.230844 0.129198
0.438483 22.448861 0.258141
0.418927 22.901743 0.196851
0.325990 22.168117 0.108587
0.182093 20.456386 0.108885
0.260655 21.112397 0.141433
0.426912 22.917162 0.181943
0.433485 22.756698 0.151465
0.473872 23.224266 0.197358
0.650565 23.774574 0.307238
0.621574 23.328319 0.404041
0.635248 23.972258 0.313500
0.685191 23.631414 0.329330
0.347551 22.332546 0.140936
0.177747 20.452154 0.138435
0.311850 21.530067 0.096698
0.353835 22.575528 0.127082
0.611786 24.314926 0.230541
0.540666 23.137278 0.237592
0.408934 22.683740 0.195475
0.608300 23.719081 0.274776
0.558642 23.143823 0.236148
0.443742 22.743109 0.141779
0.652072 23.984925 0.352361
0.325858 22.036684 0.098060
0.259056 21.625348 0.079523
0.797084 23.713038 0.510532
0.734157 24.022729 0.459608
0.219933 20.991431 0.141260
0.512665 23.369806 0.154254
0.529359 23.280581 0.261535
0.268643 22.246679 0.186619
0.311588 22.281354 0.171230
0.213699 21.195419 0.146688
0.680533 23.811876 0.270545
0.726507 23.798889 0.393224
0.557639 23.921311 0.242407
0.668538 23.916415 0.251432
0.438892 23.144532 0.164901
0.705513 24.595870 0.318302
0.649582 24.688137 0.293707
0.755693 23.938466 0.367333
0.397500 22.193139 0.164909
0.190727 20.926961 0.101269
0.634589 23.038594 0.348385
0.421492 22.114843 0.288829
0.648570 24.193597 0.532935
0.353566 22.124822 0.139834
0.598310 23.606072 0.298218
0.403499 22.743524 0.174509
0.529690 22.716061 0.233262
0.348466 21.265491 0.120559
0.327859 22.016734 0.145219
0.485721 23.423937 0.166369
0.518842 23.209487 0.190104
0.370539 22.442820 0.299698
0.633749 24.086508 0.378006
0.499252 23.131339 0.575069
0.145115 20.233062 0.121230
0.309850 22.011846 0.086900
0.550801 23.641065 0.226294
0.315584 22.086526 0.137900
0.518837 23.560904 0.328213
0.372537 22.462403 0.118718
0.580794 23.156171 0.163356
0.461722 23.161602 0.142985
0.550341 23.581935 0.193878
0.582634 23.426702 0.219738
0.652575 24.317965 0.213728
0.484699 23.284935 0.142800
0.628569 23.005127 0.396311
0.411942 22.234305 0.179347
0.305017 21.820940 0.089192
0.456447 22.630686 0.106097
0.618589 23.851369 0.229631
0.285636 21.724933 0.080359
0.405516 23.021889 0.146623
0.294623 21.836932 0.068909
0.453460 23.073309 0.168219
0.219920 20.827308 0.076472
0.248913 23.227679 0.217471
0.618841 23.759211 0.299860
0.404929 22.430587 0.124885
0.528378 23.599592 0.191987
0.036378 17.056422 0.061811
0.021098 15.512948 0.084079
0.027218 16.399707 0.068679
0.028502 16.164888 0.068357
0.019271 15.710278 0.101437
0.031073 16.645142 0.072079
0.023748 15.875964 0.081745
0.034927 16.936269 0.061597
0.016964 15.624981 0.072963
0.021215 15.737158 0.080487
0.035770 17.129092 0.065134
0.026913 16.181722 0.071314
0.043077 17.402313 0.070389
0.035014 16.519795 0.063126
0.038320 17.035173 0.068753
0.030250 16.610241 0.063855
0.023095 15.940794 0.076423
0.016775 15.348993 0.069197
0.015783 15.177798 0.087087
0.047763 17.601327 0.060381
0.038001 17.374873 0.069881
0.031886 17.025530 0.078509
0.017958 15.512750 0.075296
0.023489 16.363322 0.074133
0.035920 17.094665 0.077192
0.034455 16.906352 0.068928
0.016708 15.518261 0.066661
0.022198 15.935198 0.086711
0.025785 16.070982 0.078524
0.021042 15.764595 0.069731
0.030032 16.345999 0.069631
0.103877 19.408947 0.093260
0.025216 16.241254 0.064824
0.047689 17.606914 0.060206
0.059501 17.565770 0.063555
0.049522 17.533790 0.069218
0.073015 18.717177 0.103609
0.036014 17.355162 0.070265
0.070943 18.417654 0.075988
0.078547 18.624454 0.064787
0.067583 18.416204 0.075298
0.050620 17.657481 0.067598
0.033079 16.865055 0.065940
0.087243 19.004399 0.095172
0.071480 18.478709 0.070971
0.079001 18.521251 0.070907
0.109422 19.610126 0.090628
0.083862 18.962245 0.098313
0.022210 16.073989 0.076005
0.066030 18.252633 0.071529
0.030066 16.435847 0.077074
0.038907 17.264486 0.078520
0.071928 18.690084 0.079062
0.045489 17.322693 0.062590
0.070462 18.454990 0.062136
0.024742 16.099639 0.072829
0.027485 16.445746 0.075529
0.028745 16.403135 0.066700
0.045024 17.538772 0.071276
0.020390 15.810812 0.073272
0.031275 16.713177 0.070291
0.014495 15.114601 0.088127
0.037865 17.138447 0.064832
0.025241 16.328936 0.076935
0.024076 15.511172 0.059984
0.015994 15.020983 0.065026
0.019538 15.169862 0.061986
0.052674 17.890568 0.065128
0.015216 15.190492 0.063350
0.047344 17.587680 0.060783
0.026412 16.218504 0.078767
0.030527 16.406291 0.073328
0.018547 15.408241 0.070355
0.026763 16.254843 0.069985
0.056685 17.986978 0.061036
0.025819 16.314305 0.064904
0.029009 16.537431 0.071877
0.068407 18.375285 0.069183
0.046771 17.562655 0.063726
0.048968 17.541706 0.069447
0.092907 18.458690 0.064991
0.019768 15.595947 0.088210
0.067312 18.244912 0.079283
0.090233 18.160274 0.081214
0.055894 17.469099 0.061626
0.064195 18.104097 0.061575
0.025535 16.299553 0.079787
0.051241 17.207725 0.048370
0.012189 15.367829 0.130903
0.018387 15.595972 0.072028
0.042526 17.267698 0.071585
0.040570 17.120163 0.071616
0.054857 18.010540 0.059319
0.035143 16.519278 0.073674
0.035889 16.825923 0.066614
0.054306 17.786337 0.057705
0.047776 17.555286 0.065342
0.078334 18.938403 0.066062
0.014065 15.052968 0.069674
0.035659 16.710944 0.065108
0.031099 16.706355 0.070019
0.024255 16.280372 0.050678
0.027431 16.348868 0.082924
0.022962 16.289555 0.082655
0.063979 18.139698 0.065445
0.025459 16.603598 0.073646
0.035417 17.267658 0.074355
0.015666 15.087278 0.079865
0.029944 16.531972 0.069044
0.049957 17.719189 0.065478
0.029901 16.320359 0.075616
0.083326 18.927558 0.080353
0.044044 17.432077 0.070443
0.037606 17.121377 0.068170
0.028441 16.797798 0.067726
0.029648 16.372165 0.068177
0.051650 17.709128 0.062268
0.073988 18.648400 0.067943
0.023950 16.207272 0.065556
0.030813 16.765090 0.064731
0.071719 18.458949 0.095736
0.029799 16.639273 0.077423
0.049976 17.946218 0.067090
0.070734 18.255363 0.068018
0.024055 15.958962 0.068479
0.044883 17.371843 0.072965
0.016321 15.347381 0.064364
0.046119 17.666864 0.063753
0.029341 16.479855 0.077421
0.010395 14.513321 0.095666
0.018513 15.673069 0.072208
0.016296 15.166752 0.063070
0.083652 18.957577 0.083404
0.039738 17.178569 0.064904
0.057079 18.090990 0.077519
0.048393 17.723496 0.081257
0.015182 15.462932 0.058896
0.086550 19.024131 0.092991
0.014230 14.939054 0.077109
0.075285 18.501648 0.082424
0.020936 15.416588 0.080875
0.060671 18.317635 0.081775
0.084561 18.379375 0.066015
0.037038 16.998614 0.074790
0.020193 15.959583 0.073685
0.033701 16.690000 0.072389
0.053198 17.903634 0.072301
0.042645 17.354416 0.063549
0.052286 17.844649 0.064629
0.051382 17.827151 0.069110
0.043904 17.353850 0.068663
0.067231 18.480049 0.079988
0.032070 16.577953 0.075117
0.028948 16.499792 0.075663
0.033146 16.815840 0.063639
0.047811 17.613306 0.071768
0.032644 16.699180 0.067619
0.017918 15.296213 0.068323
0.023318 15.675000 0.055953
0.074676 18.310489 0.088358
0.023818 15.930924 0.067749
0.024997 15.991051 0.063917
0.012223 14.675583 0.071054
0.031562 16.576027 0.074586
0.033373 16.899808 0.064315
0.039974 17.243279 0.072700
0.049701 17.444408 0.073062
0.060794 18.093521 0.074036
0.069100 18.283391 0.063815
0.027787 16.498596 0.085489
0.040450 17.474629 0.082899
0.055303 17.755455 0.066630
0.024928 16.101624 0.070150
0.015287 14.932895 0.059610
0.030021 16.605203 0.073838
0.026435 16.259844 0.070432
0.029884 16.548364 0.085706
0.033713 17.028555 0.071161
0.026185 16.228064 0.071815
0.025378 16.334191 0.075391
0.082679 19.019013 0.070646
0.028017 16.284872 0.077445
0.078274 18.792542 0.091982
0.056420 17.960458 0.069004
0.032015 16.640541 0.072015
0.030922 16.640446 0.070908
0.047640 17.506451 0.075156
0.030488 16.364659 0.068247
0.016726 14.798239 0.059379
0.010388 14.205588 0.095468
0.022376 15.991731 0.084038
0.013931 14.816792 0.080574
0.012765 15.188166 0.093724
0.019777 15.530210 0.083978
0.028941 16.579286 0.061914
0.037268 17.049394 0.095581
0.014706 14.974051 0.082587
0.030810 16.850739 0.066726
0.017751 15.391507 0.080272
0.058368 18.103072 0.070607
0.030924 16.772855 0.069460
0.015193 14.847784 0.058585
0.020193 15.929079 0.071240
0.025002 16.258092 0.061457
0.035325 16.941571 0.064366
0.022389 16.028493 0.070699
0.015951 15.017217 0.060455
0.019738 16.116408 0.082786
0.036171 17.016877 0.053422
0.014922 15.026018 0.058723
0.012900 14.560168 0.076401
0.026565 16.131559 0.132154
0.034570 16.598449 0.063229
0.026427 16.065407 0.067002
0.024758 15.950541 0.064812
0.016570 15.415397 0.084181
0.010300 14.184682 0.098921
0.015301 14.941145 0.081422
0.022607 15.855106 0.059904
0.025011 16.601877 0.061697
0.028100 16.440477 0.054330
0.010400 13.874474 0.067562
0.015174 15.175731 0.072396
0.015158 15.173994 0.091935
0.010500 14.253683 0.111165
0.026338 16.327595 0.060153
0.022811 15.763296 0.066094
0.027542 16.184081 0.069690
0.036713 16.980026 0.058751
0.013400 14.763017 0.084490
0.024844 16.144158 0.065859
0.021100 15.561633 0.060368
0.033757 16.616147 0.066789
0.039124 17.080698 0.054489
0.033175 17.090434 0.058913
0.014307 14.983307 0.061214
0.024272 16.157809 0.062820
0.032100 16.783797 0.051991
0.022533 16.020587 0.071629
0.022153 15.909949 0.056578
0.024098 15.882967 0.056757
0.024264 15.828003 0.064877
0.021912 15.918608 0.073592
0.016456 14.758296 0.065986
0.015013 15.208089 0.062767
0.034100 16.978498 0.050573
0.023300 15.923793 0.057706
0.020950 15.817225 0.075972
0.030766 16.657255 0.056922
0.033500 16.948321 0.055922
0.036600 16.937254 0.057110
0.026600 16.392056 0.060952
0.024700 15.996313 0.057405
0.016788 15.532699 0.062498
0.048819 17.868146 0.066721
0.016257 15.387490 0.064104
0.018848 15.379958 0.062305
0.063420 18.284953 0.118746
0.039917 17.324415 0.055844
0.019959 15.752403 0.066009
0.015139 15.070836 0.077549
0.032682 16.908090 0.076088
0.036529 17.153670 0.072405
0.015407 15.422817 0.064005
0.056806 17.983046 0.075102
0.072409 18.918057 0.096884
0.031263 16.715100 0.083577
0.029411 16.116586 0.052703
0.024199 15.917441 0.072718
0.032550 18.708916 0.106890
0.025830 16.229821 0.084617
0.014022 14.977747 0.090021
0.034325 16.934637 0.069428
0.019998 15.543629 0.072635
0.019593 15.449484 0.115001
0.025969 16.170824 0.148380
0.027459 16.376602 0.072221
0.013948 16.854957 0.105913
0.010573 14.507217 0.091995
0.014506 14.864432 0.068674
0.015864 15.258469 0.074018
0.014540 14.828779 0.078393
0.013565 14.691612 0.072373
0.023849 15.967975 0.100678
0.034955 16.945219 0.054366
0.011270 14.372477 0.089556
0.058645 18.302266 0.102532
0.026587 16.366904 0.064714
0.022926 16.159356 0.064796
1.206000 26.211813 0.376129
1.700000 26.640585 0.329087
1.540000 26.263345 0.217786
1.614000 26.211123 0.247925
2.260000 26.677871 0.391632
1.222000 26.223142 0.133555
1.070000 25.027112 0.166452
1.800000 26.433383 0.236909
1.550000 26.498471 0.196944
1.330000 25.982068 0.161478
1.914000 26.010955 0.322289
0.054362 17.901740 0.057223
0.156132 20.117478 0.056590
0.039284 17.271775 0.062717
0.124104 19.677231 0.085170
0.144122 19.764284 0.115843
0.129877 19.832598 0.088219
0.078383 18.582380 0.054398
0.282467 21.357260 0.096955
0.318922 21.794112 0.116438
0.230133 21.184623 0.093685
0.247141 21.380997 0.068147
0.382804 22.372016 0.118743
0.135181 20.020825 0.094278
0.252383 21.400833 0.065837
0.149555 20.188302 0.060919
0.153270 20.175238 0.057258
0.245575 21.269544 0.068640
0.103573 19.513978 0.046413
0.351868 22.255660 0.059405
0.372803 22.469316 0.062243
0.621089 23.866887 0.143047
0.467807 23.189294 0.099103
0.221019 21.110279 0.047244
0.196624 20.737627 0.045689
0.312725 21.998682 0.058416
0.100688 19.521907 0.055043
0.032118 16.675046 0.065604
0.087952 18.762890 0.064148
0.477492 22.846441 0.214429
0.110579 19.518172 0.059055
0.410358 22.554630 0.229111
0.226131 21.081451 0.069364
0.147936 20.353780 0.136002
0.102882 19.033426 0.072644
0.260915 21.517762 0.080454
0.361530 22.650649 0.186830
0.503259 23.050543 0.269954
0.226720 21.193193 0.071169
0.447967 22.831452 0.136867
0.382241 22.533840 0.131575
0.440445 23.808278 0.263123
0.249435 21.465306 0.074052
0.279878 21.585816 0.063793
0.337495 21.841764 0.108071
0.426898 22.790622 0.157895
0.528911 23.020258 0.159206
0.550216 23.399440 0.187561
0.576096 23.646217 0.193898
0.388024 22.573915 0.172471
0.325451 22.176424 0.103782
0.360055 22.174327 0.102623
0.350968 22.295261 0.098900
0.347046 21.997876 0.103798
0.328394 22.145805 0.159811
0.451003 22.453766 0.126762
0.439666 22.716749 0.133608
0.393004 22.557329 0.103990
0.268683 21.767521 0.068782
0.327814 21.763590 0.125386
0.135050 20.188575 0.050633
0.351520 22.317442 0.160453
0.476120 23.142965 0.218370
0.063354 18.540995 0.055012
0.529381 23.231351 0.202314
0.666698 23.346741 0.408531
0.472626 22.849294 0.130577
0.318343 22.240750 0.138599
0.167609 20.372138 0.055392
0.349303 22.242316 0.076962
0.282263 21.928196 0.093441
0.275138 21.473655 0.087710
0.320338 21.849319 0.096774
0.065075 18.419722 0.054339
0.498873 23.068531 0.143146
0.611578 24.038660 0.155684
0.317022 22.030798 0.084818
0.429219 22.919610 0.108179
0.631853 23.803545 0.233926
0.427354 22.931153 0.146019
0.429938 22.846241 0.175122
0.506960 23.018443 0.152426
0.139179 19.937678 0.057766
0.464003 22.523425 0.185809
0.144030 20.030481 0.055709
0.287228 21.788002 0.087208
0.307205 22.003472 0.087108
0.173424 20.817045 0.071316
0.430275 22.834918 0.147634
0.447261 22.664041 0.152167
0.316927 22.053757 0.140519
0.216120 20.853891 0.064978
0.274700 21.843965 0.110559
0.364925 22.066430 0.171020
0.102579 19.060030 0.065951
0.203902 20.881172 0.102784
0.381434 22.370188 0.113500
0.541493 22.999759 0.244330
0.421453 22.604634 0.161483
0.343411 21.742516 0.161758
0.199151 20.845992 0.092910
0.264219 21.560180 0.101355
0.234341 21.020455 0.141859
0.427543 22.830276 0.148351
0.214011 20.934002 0.113586
0.316375 22.101901 0.125074
0.428445 23.091778 0.182753
0.578835 23.284696 0.238620
0.402718 22.497222 0.139477
0.481710 23.427881 0.167970
0.323341 21.716902 0.096668
0.393725 22.301836 0.145568
0.452892 23.150694 0.107747
0.174098 20.314523 0.047931
0.162545 20.344203 0.055698
0.331754 22.256095 0.073479
0.352764 22.394366 0.087010
0.299066 22.124882 0.116790
0.248183 21.454066 0.070512
0.330941 21.848110 0.104209
0.076728 18.714790 0.135529
0.082637 18.729925 0.071627
0.106245 19.566548 0.069153
0.293610 21.876661 0.130068
0.333606 22.383357 0.125315
0.209138 20.955552 0.054616
0.102971 19.277656 0.053631
0.275788 21.548987 0.060723
0.303896 21.972350 0.081005
0.292905 21.864586 0.110377
0.323699 22.143850 0.120465
0.133389 19.845405 0.048798
0.588240 22.771035 0.248583
0.271554 21.518313 0.070578
0.106886 19.596848 0.083180
0.531758 23.754271 0.281787
0.358978 22.497865 0.112185
0.297775 21.806975 0.121783
0.100809 19.370124 0.054494
0.360830 21.972534 0.170115
0.353712 22.322028 0.115480
0.348990 22.286520 0.088947
0.423598 22.573438 0.287194
0.630615 23.337506 0.226979
0.321591 22.202863 0.149073
0.300175 21.937180 0.069103
0.147570 20.080063 0.046881
0.510062 23.063676 0.111452
0.306746 21.782596 0.118545
0.227329 21.202911 0.069697
0.260081 21.406265 0.061640
0.365275 22.284084 0.090086
0.138641 20.045985 0.049143
0.142241 20.151517 0.050015
0.328216 22.329223 0.146463
0.137042 20.031642 0.046241
0.090565 19.212646 0.050584
0.170753 20.553940 0.050213
0.238487 21.302033 0.265658
0.269349 21.391850 0.076171
0.428251 22.645810 0.121768
0.345651 22.416649 0.246903
0.505457 23.166974 0.137780
0.479020 22.981510 0.141783
0.250671 21.483850 0.056961
0.317121 22.121819 0.072419
0.281949 21.639714 0.063105
0.517981 23.143323 0.151188
0.236085 21.248633 0.062168
0.379084 22.386358 0.103845
0.340093 21.943073 0.119567
0.370061 22.431260 0.303374
0.263059 21.305039 0.104227
0.261228 21.373081 0.099215
0.224330 21.128202 0.059322
0.347916 22.416782 0.108541
0.320147 21.954812 0.090193
0.134291 19.983966 0.075145
0.318478 21.976950 0.179335
0.140270 20.144046 0.105031
0.149755 20.981826 0.120803
0.307186 22.255030 0.195370
0.275132 21.700864 0.163208
0.308186 21.856419 0.068921
0.234640 21.613179 0.100569
0.404826 22.249284 0.148328
0.301382 22.158083 0.129630
0.286168 21.743697 0.097677
0.368304 22.298520 0.093550
0.302702 21.887071 0.061602
0.170549 20.503407 0.051985
0.264848 21.510300 0.077026
0.079856 18.724288 0.054121
0.501502 22.982476 0.226824
0.181271 20.619077 0.049814
0.305755 21.883988 0.062428
0.187917 20.789973 0.056209
0.386640 22.428074 0.092402
0.231533 21.244399 0.058433
0.199401 20.965378 0.059598
0.047923 17.469578 0.064270
0.223219 21.041213 0.054185
0.479132 23.280598 0.189971
0.332750 22.101638 0.073117
0.027225 16.306148 0.064774
0.472903 23.221205 0.164133
0.192595 20.014794 0.097060
0.331398 21.974104 0.120654
0.178406 20.709800 0.053601
0.261569 21.599846 0.061797
0.186883 20.795540 0.055336
0.071845 18.547626 0.052659
0.306503 21.323312 0.160710
0.177174 20.658200 0.046616
0.350563 22.027725 0.118940
0.339353 22.088648 0.124380
0.271698 21.677467 0.056201
0.122182 19.727776 0.050415
0.292179 21.363779 0.072561
0.250179 21.419556 0.052445
0.370932 22.240311 0.080794
0.161057 20.445838 0.072235
0.339667 23.151166 0.180317
0.179692 20.515796 0.054201
0.297213 22.258700 0.113115
0.272638 21.602111 0.122385
0.401447 22.739028 0.111720
0.244018 21.492843 0.110332
0.291258 21.637657 0.140814
0.359783 22.053137 0.199347
0.315833 21.694539 0.102791
0.327223 21.967543 0.148149
0.230293 21.137043 0.086580
0.305101 21.892053 0.093728
0.146155 20.253085 0.048745
0.158257 20.527462 0.051755
0.284265 21.748629 0.115648
0.418268 22.730134 0.140785
0.434666 22.670454 0.120445
0.176163 20.671536 0.078299
0.318116 21.912209 0.122859
0.189142 20.768375 0.057137
0.247273 21.463564 0.077038
0.519019 23.230909 0.237102
0.215742 21.062638 0.064586
0.408462 22.749155 0.216060
0.187316 20.740173 0.057062
0.151270 20.123747 0.055257
0.208220 21.199322 0.082448
0.302530 21.983515 0.138846
0.241925 21.159717 0.087837
0.211308 20.977735 0.087864
0.239129 20.961860 0.068331
0.337113 22.134504 0.139207
0.332391 22.019717 0.082154
0.345462 22.182485 0.161920
0.201286 21.096937 0.047912
0.293739 21.814400 0.127988
0.361415 22.496812 0.097369
0.034122 17.149718 0.065509
0.244214 21.657232 0.066136
0.224015 21.148270 0.051784
0.056440 17.984243 0.054015
0.120171 19.742382 0.050180
0.424660 22.648040 0.146417
0.342751 21.888274 0.140303
0.250926 21.272537 0.085825
0.380922 22.607900 0.087901
0.285485 21.752203 0.090629
0.312371 22.051164 0.086066
0.325909 22.131532 0.098141
0.335710 22.052047 0.064991
0.291603 21.863788 0.118625
0.240446 21.351341 0.084721
0.437690 22.773188 0.119529
0.503701 23.020142 0.284709
0.241165 21.392153 0.058645
0.370220 22.474054 0.095283
0.461684 23.199729 0.165644
0.270060 21.679287 0.054979
0.262796 21.542235 0.099708
0.119813 19.554457 0.057615
0.546101 23.733290 0.187727
0.308058 22.215510 0.070414
0.411524 22.766543 0.110446
0.250045 21.635791 0.102379
0.280893 21.750897 0.061260
0.267295 21.659548 0.076953
0.049655 17.600074 0.086040
0.327173 22.403315 0.127054
0.410110 22.735988 0.148364
0.328622 22.130299 0.073173
0.073168 18.581763 0.095422
0.257263 21.623731 0.068851
0.318386 22.097093 0.183397
0.223108 20.972773 0.097550
0.419302 22.409157 0.153106
0.210125 21.198672 0.068286
0.246711 21.125639 0.125964
0.252512 21.374696 0.115619
0.419063 23.019776 0.233049
0.386152 22.483512 0.192890
0.438827 22.772410 0.223024
0.081179 18.784005 0.056555
0.478492 23.043478 0.183837
0.306605 21.903853 0.131050
0.364104 22.445066 0.130464
0.197868 20.935250 0.083175
0.247304 21.293305 0.137474
0.300206 22.203860 0.128773
0.297245 21.682132 0.134774
0.122125 19.856201 0.064775
0.332747 22.003729 0.086232
0.382096 22.314360 0.169745
0.338100 22.135287 0.116794
0.241425 21.435558 0.066926
0.200395 20.926820 0.060954
0.176277 20.635627 0.057338
0.381095 22.429867 0.146587
0.222321 21.439203 0.159804
0.090840 18.987179 0.073518
0.475591 23.041839 0.175032
0.950782 24.540689 0.179406
1.299111 25.671089 0.121335
1.304107 25.328600 0.196070
0.525408 24.132206 0.182825
0.734327 24.023588 0.117561
0.935775 24.529569 0.160994
1.306111 25.858875 0.225505
1.550018 26.223227 0.220079
1.265903 25.576167 0.172710
0.670668 23.872570 0.136534
0.640661 23.782359 0.116679
1.340938 25.665206 0.197869
0.900760 24.020667 0.134037
0.840736 24.376311 0.106076
0.954783 25.051457 0.193861
1.020808 25.160089 0.169055
1.139170 25.194618 0.208481
0.854742 24.623889 0.184681
1.369080 25.784228 0.163079
0.974234 24.976844 0.120248
0.970784 25.651300 0.253503
0.739324 24.178652 0.109913
1.390961 25.639441 0.181813
0.954783 24.830856 0.183238
0.460586 23.081516 0.120193
1.020809 24.787795 0.175818
1.120851 25.321107 0.153524
1.230894 25.822096 0.158107
0.839735 24.299295 0.181209
1.010808 25.528386 0.245258
0.520412 23.318890 0.117811
0.146889 20.449961 0.079065
0.380494 22.291155 0.261940
0.161800 20.568993 0.088562
0.250289 21.658940 0.103266
0.261982 22.771053 0.359504
0.208468 20.877150 0.078396
0.357669 22.245625 0.283046
0.549726 23.089367 0.432667
0.243149 21.296248 0.070255
0.237417 22.032629 0.202519
0.085038 18.926102 0.059987
0.190088 20.910581 0.077126
0.126940 19.838604 0.069919
0.147025 20.301254 0.053595
0.129033 19.728219 0.085209
0.160352 20.209209 0.074717
0.183217 20.592392 0.075043
0.296391 22.335494 0.417808
0.261657 21.488181 0.141550
0.215653 21.269286 0.142445
0.088477 18.903162 0.052519
0.256085 21.490864 0.173603
0.117969 19.518673 0.050592
0.263492 21.826942 0.108557
0.140700 20.260896 0.073188
0.151859 20.177797 0.058205
0.094009 19.192361 0.054645
0.261621 21.884338 0.168922
0.211788 21.403572 0.162040
0.286619 22.017357 0.134448
0.338803 22.312292 0.192468
0.179585 20.567490 0.068098
0.190290 20.980626 0.082789
0.117406 19.647544 0.053643
0.143104 20.173122 0.054652
0.288898 21.788227 0.160449
0.194216 20.887920 0.098855
0.123030 19.706835 0.068166
0.173146 20.490772 0.059514
0.085433 18.879722 0.045051
0.164306 20.372709 0.059000
0.159901 20.247376 0.062873
0.212097 20.990631 0.097295
0.248351 21.282247 0.103000
0.229666 21.263833 0.090303
0.257823 21.684569 0.133515
0.264048 21.598769 0.143080
0.126077 19.622335 0.063691
0.389088 22.518182 0.282692
0.244478 21.260460 0.097364
0.249612 21.767558 0.115435
0.276556 21.733635 0.194574
0.330513 22.159510 0.183850
0.361934 22.347250 0.221060
0.275441 21.650101 0.145884
0.160592 20.280658 0.057375
0.331035 21.956471 0.197803
0.106938 19.474429 0.064026
0.061697 17.985485 0.044776
0.174310 20.503905 0.093068
0.399403 22.706435 0.281778
0.116348 19.718551 0.047449
0.300212 21.824108 0.171871
0.185813 20.860374 0.076155
0.218868 21.146252 0.073709
0.178391 21.049428 0.088222
0.409460 22.657524 0.285942
0.119914 19.707433 0.045830
0.154924 20.284717 0.055853
0.129282 19.773057 0.044323
0.250368 21.679977 0.083781
0.391599 22.504749 0.220178
0.309294 22.053176 0.122356
0.185002 20.783659 0.059196
0.279228 21.762700 0.110850
0.066511 18.277744 0.050652
0.279800 21.371675 0.132282
0.257998 21.573045 0.128418
0.293530 21.849844 0.148994
0.123762 19.675268 0.044975
0.309149 22.123264 0.177414
0.172701 20.391244 0.066285
0.308214 21.808146 0.209868
0.298878 22.141024 0.172249
0.287037 21.944652 0.220037
0.265764 21.534595 0.098678
0.402761 23.175155 0.350522
0.202674 20.812644 0.100692
0.326398 21.946183 0.150899
0.211630 20.922576 0.075374
0.312883 22.026020 0.142034
0.093369 19.077182 0.050829
0.303538 21.930036 0.142274
0.108856 19.476158 0.058629
0.214569 21.183440 0.080757
0.366604 22.830838 0.248861
0.189787 20.655154 0.077227
0.178899 20.718915 0.076693
0.203226 20.988193 0.106009
0.320448 22.177473 0.134135
0.218347 21.230278 0.101278
0.211597 20.908305 0.093901
0.360230 21.998591 0.236392
0.257598 21.593166 0.137586
0.420927 23.165469 0.277258
0.379863 22.486666 0.144541
0.270906 21.610961 0.150222
0.251740 21.417196 0.079902
0.316132 22.332659 0.232320
0.195610 20.780231 0.112959
0.184680 20.520524 0.098853
0.116277 19.695415 0.056468
0.389280 22.906342 0.291929
0.064256 18.062479 0.068725
0.144093 20.139800 0.074775
0.252487 21.486097 0.154063
0.299222 22.039221 0.286344
0.348852 22.350140 0.242512
0.218853 21.344919 0.147071
0.256719 21.475065 0.164295
0.102877 19.408192 0.073476
0.394074 22.854174 0.190609
0.213530 21.092740 0.113711
0.082817 18.982034 0.065981
0.138680 19.898229 0.091202
0.146065 20.342627 0.088827
0.168171 20.413299 0.083525
0.165949 20.165081 0.075711
0.120422 19.711538 0.062355
0.233804 21.198623 0.166330
0.229162 21.197331 0.113759
0.188911 20.430845 0.089395
0.170628 20.375834 0.086409
0.170283 20.623659 0.061545
0.124550 19.812373 0.049041
0.179152 20.477421 0.094930
0.305691 21.461168 0.228322
0.256550 21.589767 0.153200
0.197181 20.931902 0.067507
0.130868 19.737001 0.054053
0.222864 21.342516 0.087200
0.081411 18.841481 0.042927
0.103370 19.330861 0.041110
0.234759 21.212588 0.105080
0.264510 21.765968 0.177777
0.278064 21.622730 0.193547
0.202152 20.707110 0.065954
0.246425 21.359579 0.134172
0.292073 21.810317 0.249490
0.263944 21.611032 0.292151
0.102644 19.572213 0.052380
0.370458 22.723101 0.219816
0.211144 20.989780 0.176528
0.236702 21.171488 0.118014
0.197858 21.496782 0.160074
0.179896 20.947145 0.104343
0.226685 21.296594 0.100573
0.296828 21.700876 0.138966
0.213384 21.071075 0.084287
0.208521 21.015195 0.080082
0.243405 21.347783 0.144977
0.236520 21.489601 0.111806
0.260698 22.056791 0.244339
0.225337 21.243153 0.093846
0.287424 21.981342 0.122509
0.147290 20.059385 0.050738
0.329841 21.915316 0.168761
0.246034 21.415900 0.083113
0.156533 20.202834 0.058399
0.251036 21.446048 0.152253
0.144777 20.131752 0.078347
0.132428 20.267050 0.056518
0.148820 20.188058 0.054484
0.138717 20.231153 0.055403
0.044338 17.220165 0.043011
0.147915 20.145903 0.052691
0.173997 20.641728 0.068967
0.180366 20.385379 0.058476
0.203078 20.940433 0.066980
0.135051 20.260118 0.074164
0.105887 19.192250 0.047986
0.280694 22.463754 0.164242
0.329309 22.369486 0.248353
0.119664 19.939973 0.057417
0.177886 20.579654 0.061844
0.260699 21.672122 0.121790
0.284362 21.554420 0.126662
0.327932 21.945310 0.148261
0.223340 21.162186 0.088881
0.177798 20.071778 0.052889
0.118447 19.851012 0.048184
0.176531 20.624621 0.056171
0.182798 20.829911 0.085720
0.153037 20.355627 0.053854
0.147338 19.990143 0.062065
0.380037 22.126527 0.294076
0.248522 21.269307 0.096229
0.394414 22.968890 0.199511
0.203130 20.924082 0.079347
0.198005 20.728617 0.087173
0.246368 21.514515 0.096501
0.138185 20.084812 0.052231
0.210539 20.880399 0.083120
0.135136 20.223500 0.063559
0.215128 21.461131 0.120276
0.210825 20.879257 0.075988
0.384917 22.720325 0.228045
0.219750 21.251412 0.101194
0.299356 21.633549 0.134341
0.360616 22.403351 0.172405
0.291073 22.069318 0.284575
0.196112 20.908097 0.079252
0.222559 21.299203 0.093793
0.207354 21.210533 0.119556
0.236296 21.475285 0.083114
0.186507 20.823567 0.071747
0.184428 20.811014 0.068271
0.159347 20.129157 0.053088
0.173734 20.812369 0.070614
0.184813 20.709501 0.064906
0.125419 20.263362 0.062182
0.181225 20.637113 0.056310
0.242061 21.711344 0.131175
0.306322 21.985024 0.162255
0.380475 22.055434 0.202508
0.273401 21.522917 0.129006
0.230491 20.889662 0.071185
0.220681 20.835068 0.125604
0.314944 21.953029 0.171526
0.261294 21.286046 0.121062
0.133526 19.892276 0.047158
0.219346 21.116490 0.086076
0.177062 20.596389 0.069933
0.244357 21.208000 0.122878
0.315818 21.903469 0.160122
0.205480 20.891831 0.078186
0.123356 19.696781 0.049663
0.126879 19.768312 0.060538
0.385038 23.048182 0.254750
0.369516 22.609555 0.200821
0.173827 20.465722 0.099137
0.388571 23.040560 0.249491
0.203176 20.949919 0.074605
0.193921 20.793320 0.084300
0.309382 21.783521 0.222956
0.195801 20.951447 0.078039
0.249728 21.503823 0.113388
0.283322 21.722410 0.121941
0.196541 21.048091 0.088978
0.284337 21.645108 0.140556
0.155959 20.336831 0.061469
0.037110 17.017375 0.066974
0.060158 18.165423 0.052544
0.268200 21.729102 0.170398
0.203678 20.984269 0.074877
0.334388 22.252868 0.203315
0.153389 20.420237 0.052317
0.374254 22.476675 0.215877
0.117706 19.514565 0.069187
0.191763 20.819222 0.099474
0.070667 18.279280 0.061231
0.201785 21.159495 0.094735
0.249733 21.534303 0.087801
0.173568 20.480113 0.088034
0.301291 21.812765 0.220905
0.399071 22.536403 0.281573
0.180792 20.612484 0.103760
0.138109 19.952556 0.058659
0.138637 20.327609 0.075035
0.169599 20.748516 0.094655
0.194663 21.179977 0.163904
0.183757 20.898332 0.092796
0.198667 20.934408 0.086302
0.245550 21.019369 0.141911
0.159994 20.323977 0.064109
0.177685 20.374114 0.084413
0.233812 21.302158 0.205662
0.182025 20.533950 0.089082
0.251909 21.594172 0.124362
0.188543 20.765336 0.124082
0.176962 20.594016 0.101209
0.145333 20.100093 0.111315
0.143873 20.016605 0.049772
0.062145 18.231736 0.053124
0.136390 19.803395 0.060324
0.177020 21.305059 0.173769
0.210749 21.282816 0.110501
0.216737 21.224091 0.091444
0.136854 20.568968 0.107675
0.256246 21.351538 0.130477
0.205146 21.182144 0.130128
0.277487 22.351463 0.214295
0.155172 20.404115 0.073690
0.287457 21.829627 0.133703
0.093910 19.312479 0.059295
0.237751 21.331674 0.097635
0.369762 22.403043 0.221418
0.266866 21.601765 0.127442
0.152714 20.398840 0.067469
0.129400 19.861705 0.064336
0.113643 19.337170 0.051336
0.109260 19.081787 0.046909
0.196713 21.031226 0.091788
0.118589 19.338767 0.094548
0.218814 20.863017 0.097829
0.212263 21.015478 0.077910
0.245403 21.350424 0.086543
0.136959 20.042068 0.059265
0.174828 20.736058 0.071557
0.226472 21.398010 0.086435
0.241847 21.523718 0.090918
0.112425 19.748420 0.050915
0.318042 22.877966 0.249419
0.285433 22.000075 0.149470
0.106377 19.367456 0.049277
0.189307 20.640091 0.092608
0.153167 20.134483 0.047543
0.197257 20.784923 0.060722
0.189141 21.101135 0.096840
0.176245 20.742536 0.068065
0.127151 19.864239 0.050762
0.128366 19.877003 0.056433
0.122617 19.693826 0.049764
0.175584 20.637363 0.064035
0.185631 20.603328 0.069176
0.076639 18.794495 0.049660
0.219552 20.807400 0.119538
0.386667 22.591724 0.201118
0.401274 22.566559 0.276160
0.257219 21.556778 0.118763
0.325692 21.990144 0.215592
0.404499 22.835315 0.298365
0.291136 21.461568 0.147615
0.217566 21.054725 0.103354
0.468610 23.347249 0.359737
0.276185 21.693218 0.090897
0.268560 21.812733 0.130764
0.204532 20.976361 0.083296
0.235420 21.227945 0.119548
0.400093 22.547490 0.278977
0.270097 21.637394 0.100279
0.210227 20.513312 0.060817
0.153245 20.270464 0.059425
0.209304 20.954072 0.071941
0.366275 22.612643 0.215710
0.213228 20.914705 0.107302
0.278216 21.791264 0.120364
0.257208 21.535292 0.153414
0.396541 22.925494 0.345791
0.402588 22.972870 0.317557
0.294479 22.061726 0.242693
0.121642 19.943005 0.050171
0.164548 20.323996 0.053461
0.054876 17.871043 0.055127
0.103510 19.181050 0.056612
0.353459 22.164970 0.207031
0.163565 20.266899 0.073243
0.378399 22.743217 0.229675
0.198625 20.958791 0.074916
0.313762 22.089568 0.160048
0.210052 20.910021 0.138732
0.201533 20.772341 0.083174
0.401275 22.343833 0.215202
0.295674 21.719965 0.227705
0.145815 19.983241 0.058605
0.224519 21.455697 0.119643
0.136869 19.959669 0.065215
0.138333 20.147248 0.074664
0.303942 21.790886 0.134576
0.128260 19.754036 0.095485
0.300410 21.518772 0.180973
0.352358 22.588390 0.237081
0.303835 22.248010 0.178686
0.291349 21.870024 0.148443
0.268214 21.659332 0.141636
0.183876 20.785537 0.110634
0.331364 22.162016 0.215643
0.248828 21.427578 0.104903
0.174279 20.432360 0.062258
0.233708 21.681049 0.167460
0.242669 21.342316 0.131649
0.106834 19.461267 0.062730
0.205566 21.113114 0.087173
0.314679 21.777424 0.137201
0.245577 21.353019 0.109074
0.275735 21.730351 0.143097
0.301646 21.713827 0.241492
0.316413 21.818721 0.263754
0.217279 21.088135 0.130490
0.263567 21.383372 0.127282
0.237340 21.464941 0.190317
0.227856 20.941990 0.112786
0.219792 21.029229 0.113915
0.208309 20.528053 0.128179
0.286553 21.721048 0.143182
0.190250 20.641394 0.135002
0.194437 20.868703 0.205256
0.164775 20.297321 0.081321
0.210985 20.868478 0.078287
0.503084 23.202997 0.077782
0.580724 23.749223 0.094497
0.494796 23.109385 0.071444
0.345928 22.318077 0.062761
0.677662 24.241865 0.169182
0.866495 24.453983 0.186987
0.330932 22.042391 0.055545
0.798566 24.291671 0.188257
0.449561 22.935108 0.151037
0.371443 22.536470 0.115478
0.291718 21.723048 0.087650
0.355819 22.324859 0.083406
0.283603 21.637642 0.062688
0.632225 23.845585 0.125887
0.466406 23.446379 0.122262
0.268617 21.485652 0.048496
0.946879 24.076663 0.237537
0.924907 24.853442 0.265492
0.693156 23.906528 0.233257
0.625224 23.689325 0.096318
0.896933 24.771093 0.200776
0.608253 23.679894 0.097552
0.789044 24.334812 0.182999
0.578283 23.469872 0.104231
0.590272 23.505452 0.138456
0.719627 23.936835 0.166276
0.210032 20.882004 0.045206
0.766590 24.601068 0.144924
0.858513 24.133149 0.160923
0.367904 22.619631 0.052030
0.558746 23.417173 0.088053
0.848510 24.520314 0.154243
0.996391 25.136792 0.191769
0.776595 24.075921 0.181689
0.582933 23.603953 0.091338
0.583743 23.617859 0.077530
0.796553 23.812756 0.167042
0.588721 23.640240 0.093236
0.913473 24.775137 0.161001
0.768587 24.090928 0.165196
0.948455 24.479122 0.216226
0.513793 23.435492 0.093271
0.733609 24.017416 0.134281
0.637701 23.347791 0.197714
0.765589 24.091088 0.138999
0.434861 22.831228 0.069681
0.983407 25.124255 0.204921
0.583743 23.651603 0.107197
0.700632 23.934491 0.139450
0.662058 23.834775 0.134501
0.838140 24.224249 0.246984
0.621886 23.577321 0.149953
0.370597 22.316337 0.079668
0.416643 22.761983 0.074840
0.358580 22.226611 0.063393
0.451692 22.530169 0.096498
0.522773 23.420155 0.098373
0.734009 24.352810 0.246741
0.701978 23.752101 0.266659
0.742021 24.615711 0.222314
0.746132 23.994853 0.147503
0.349570 21.923367 0.070570
0.591848 23.546547 0.089995
0.514758 23.487253 0.097559
0.620631 23.801568 0.120775
0.643646 23.859963 0.142144
1.002794 25.207928 0.302098
0.470585 22.850928 0.079148
0.610643 23.702421 0.092096
0.263487 21.372649 0.046366
0.358335 22.189753 0.052597
0.742696 24.026245 0.171587
0.451555 22.560607 0.072652
0.910751 24.873338 0.198085
0.552604 23.134068 0.088068
0.337534 22.214037 0.050641
0.750680 23.928824 0.168709
0.983776 24.907372 0.373464
0.822696 24.624071 0.152431
0.813695 24.613997 0.148278
0.950762 25.076751 0.203734
0.817732 24.639774 0.167471
0.340519 22.257797 0.046286
0.960750 24.366594 0.228618
0.810719 24.217952 0.189342
0.756686 24.587249 0.144875
0.611243 23.860518 0.132423
0.877961 24.924303 0.162910
0.548316 23.156085 0.106465
0.809022 24.196892 0.177751
1.028789 25.154952 0.237393
0.627230 23.736065 0.097697
0.422444 22.704947 0.063663
0.933889 24.602108 0.361309
0.701148 24.120954 0.138126
0.697154 24.027159 0.124334
0.685170 23.946698 0.202947
0.767065 24.703772 0.184084
0.931890 24.872211 0.182539
0.863967 24.610493 0.190003
0.749091 23.807464 0.151123
0.514345 23.339799 0.075867
0.468398 23.063897 0.075864
0.470390 23.336443 0.093318
0.958861 25.213371 0.237780
0.927898 24.910846 0.241661
0.840522 24.613251 0.163676
0.630699 23.701253 0.091279
0.562751 23.544680 0.074118
0.615698 23.717422 0.109955
0.828528 24.941455 0.169421
0.564741 23.455540 0.094962
0.578745 23.535733 0.076111
0.557743 23.445423 0.091016
0.864497 24.711298 0.157712
0.735608 24.200375 0.166264
0.858507 24.425483 0.206550
0.261984 21.443940 0.049791
0.585744 23.761007 0.108365
0.761580 24.157249 0.142394
0.488800 23.170085 0.068177
0.858516 24.971015 0.233635
0.688656 23.974615 0.116805
0.558743 23.877147 0.125912
0.324542 22.055404 0.047958
0.480715 22.977968 0.065823
0.185380 20.729831 0.045245
0.922235 24.451851 0.289685
0.681955 23.912691 0.116499
0.475718 23.063801 0.065778
0.922224 24.685618 0.223515
0.893197 24.721872 0.197154
0.428656 23.023709 0.087726
0.631894 23.249631 0.157203
0.699973 23.940953 0.204790
0.736021 24.124391 0.204887
0.575835 23.585739 0.100831
0.418644 22.741559 0.067264
0.511757 23.455467 0.081431
0.535782 23.323529 0.094061
0.641905 23.800546 0.110336
0.735009 24.165893 0.144833
0.351571 22.470507 0.063497
0.609872 23.713635 0.116684
0.349567 22.428441 0.077311
0.701982 24.014655 0.128629
0.355271 22.600021 0.070235
0.983295 25.017422 0.223154
0.872166 25.032557 0.265033
0.759044 24.226098 0.127935
0.926235 24.642447 0.201003
0.643641 23.935734 0.144075
0.419568 22.831570 0.074707
0.515587 23.402659 0.151956
0.890728 24.815802 0.210486
0.805695 24.440753 0.163499
0.480567 22.991310 0.063709
0.800696 23.765040 0.183319
0.580603 23.630943 0.156540
0.715651 23.968035 0.167367
0.805694 23.985851 0.178545
0.766683 24.357436 0.186734
0.664637 24.035455 0.113025
0.901735 24.871224 0.181445
0.745664 24.219775 0.125448
0.718679 24.000624 0.120616
0.736689 24.208957 0.113297
0.579599 23.501362 0.073110
0.370530 22.308942 0.052671
0.960739 25.055092 0.179619
0.850728 24.733915 0.139421
0.648639 23.783207 0.114709
0.219461 21.132565 0.042754
0.936754 24.690982 0.187397
0.647639 23.833211 0.112024
0.461563 22.969041 0.059592
0.600602 23.523476 0.122783
0.670653 23.983438 0.145009
0.760697 23.965350 0.129177
0.246492 21.327252 0.057743
0.470572 22.961195 0.094643
0.169454 20.465615 0.071942
0.497371 23.135443 0.085045
0.638225 23.611127 0.141407
0.507363 23.139768 0.080717
0.535318 23.465884 0.072249
0.587276 23.628464 0.103264
0.773072 24.537708 0.182501
0.699156 23.907288 0.146893
0.370504 22.488924 0.050500
0.761079 24.290740 0.146485
0.699159 23.920199 0.136894
0.788051 24.340966 0.130584
0.373505 22.435887 0.058887
0.405470 22.789689 0.056885
0.852984 24.467459 0.172011
0.808038 24.809255 0.182945
0.603263 23.702551 0.117120
0.583281 23.885556 0.095133
0.534327 23.148150 0.080738
0.720130 24.088624 0.175055
0.400477 22.465238 0.059222
0.836994 24.604877 0.151656
0.371501 22.463029 0.053921
0.806031 24.268603 0.212158
0.839995 24.141783 0.175953
0.500739 23.305415 0.098185
0.533778 23.116699 0.136853
0.932244 24.642819 0.317822
0.822117 24.404185 0.226780
0.553809 23.427649 0.098910
0.125307 19.771597 0.048025
0.842137 24.665267 0.251240
0.443679 22.693866 0.103230
0.727674 23.929215 0.187046
0.683658 24.072890 0.256552
0.442547 22.874317 0.065073
0.726678 24.184678 0.162133
0.282510 21.890219 0.046097
0.404548 22.692689 0.053888
0.519610 23.423202 0.070395
0.690651 23.823564 0.157962
1.060800 24.860732 0.250896
0.576611 23.452211 0.091746
0.268488 21.509611 0.044394
0.720680 24.046928 0.172456
0.250498 21.339038 0.047751
0.698157 24.141466 0.192048
0.550307 23.489881 0.083103
0.730119 23.836161 0.156091
0.847975 24.906515 0.232665
0.997815 24.963264 0.196676
0.435438 22.574332 0.055718
0.409462 22.742335 0.057174
0.301582 22.045669 0.043573
1.713000 26.642629 0.236492
1.012347 25.004827 0.240677
1.313101 25.815583 0.162456
0.820347 25.124417 0.239710
1.189611 24.973037 0.237493
1.094415 25.057745 0.308329
0.982285 24.832408 0.247633
1.111211 25.739084 0.494259
1.351348 25.516705 0.189942
0.851032 24.739905 0.232351
1.232244 24.809489 0.434012
1.416322 25.190918 0.391871
1.210206 25.624097 0.577592
1.048183 25.460286 0.363554
0.621338 23.606889 0.244644
0.455000 23.151087 0.167377
0.816000 24.721844 0.544613
1.057000 25.228930 0.222931
0.950000 24.559966 0.287298
0.477000 22.907665 0.094996
0.022739 16.053759 0.074915
0.015366 15.644816 0.096774
0.016465 14.540464 0.068490
0.015248 14.479966 0.067221
0.015602 15.458525 0.068546
0.015149 15.106097 0.082982
0.031059 16.432909 0.051603
0.030381 16.594610 0.061032
0.025429 16.577123 0.070773
0.109480 19.499924 0.077536
0.016714 15.637319 0.066324
0.032320 16.533718 0.058143
0.118783 19.088386 0.050932
0.019147 15.566518 0.069491
0.045161 17.198966 0.084425
0.055314 17.756024 0.060555
0.058474 17.895252 0.065490
0.061426 18.005423 0.070815
0.070253 18.166636 0.061613
0.033618 16.554781 0.060139
0.043543 17.656521 0.065551
0.020548 15.390287 0.076059
0.033280 16.108888 0.055561
0.018338 14.812188 0.079010
0.043282 17.516812 0.054949
0.041319 17.146603 0.055064
0.029910 16.736654 0.103282
0.035911 16.780119 0.070840
0.019925 15.493522 0.069667
0.016275 15.261444 0.066560
0.010900 14.394760 0.061051
0.010871 14.208448 0.067781
0.015613 15.514793 0.071326
0.022287 15.876433 0.056933
0.015439 15.061274 0.060503
0.026491 16.563658 0.063860
0.020141 15.491084 0.064176
0.027159 16.731809 0.059876
0.034568 16.781074 0.050911
0.024017 16.072735 0.062595
0.016949 14.689950 0.079932
0.017008 15.404698 0.076526
0.050598 17.034162 0.047841
0.027553 16.446899 0.059092
0.024989 16.134438 0.072996
0.042935 17.524959 0.059787
0.016817 15.554426 0.062948
0.041109 17.216801 0.056710
0.057523 16.883036 0.079079
0.014096 14.882057 0.071761
0.015809 14.962126 0.087490
0.031272 16.401670 0.067645
0.011167 14.074894 0.063494
0.013715 15.098817 0.086663
0.025970 16.227968 0.060519
0.026550 16.346517 0.064036
0.014047 14.759969 0.062989
0.015899 15.491924 0.065596
0.017467 15.433886 0.081478
0.036872 17.487113 0.055315
0.033004 16.452631 0.065550
0.065641 18.295352 0.047011
0.094169 19.213998 0.043617
0.084010 18.709265 0.044044
0.075039 18.492502 0.052191
0.055079 17.812302 0.045606
0.098081 19.155999 0.046750
0.112111 19.574905 0.050445
0.019985 15.735463 0.077943
0.056025 17.407125 0.067304
0.112073 19.420313 0.044835
0.035135 17.471865 0.055973
0.069204 18.571114 0.046337
0.047259 17.814103 0.060175
0.072111 18.407408 0.048128
0.068761 18.314534 0.050156
0.030105 16.790000 0.062871
0.067866 18.194913 0.052659
0.031116 16.662947 0.053481
0.032173 17.328424 0.049445
0.862860 24.158770 0.134215
0.537908 23.299018 0.132868
0.779589 24.114394 0.121209
0.356670 22.146363 0.126397
0.441777 22.883410 0.118431
0.498847 23.117212 0.197424
0.640020 23.432097 0.124573
0.431377 23.153763 0.177580
0.645570 23.649186 0.224877
0.741651 23.769533 0.114592
0.544375 23.450401 0.117953
0.031534 16.555579 0.053241
0.026019 16.286942 0.064849
0.023979 15.897598 0.077613
0.024546 16.013191 0.071407
0.036458 17.054335 0.057533
0.030702 16.567804 0.072277
0.014446 14.608193 0.072936
0.015089 14.820216 0.075021
0.016466 14.975811 0.065658
