6.272008836228597e-115 258.3362161891464 0.25002549 0.02323748 0.86546063 0.8248482 0.12063206 1.19204474 -26.472460594327252 -0.9999229672394677
2.7216109031424485e-110 247.6383834335575 0.36269013 0.02339346 0.87888645 0.75398466 0.18483652 1.52012906 -254.833714744399 -3.5025014447473852
2.0701779294465815e-98 220.2611264857035 0.36627846 0.02364374 0.85584283 0.57627714 0.06638776 1.19886361 -243.18090248964447 -4.457480943913026
3.2884314105334534e-90 201.35786700429304 0.45830096 0.02363343 0.77540863 0.85292719 0.1905817 2.10704923 -214.03110304091481 -6.230023444788681
1.0555444962027976e-73 163.3304717221625 0.41107363 0.02107749 0.83286313 0.55174561 0.07474575 3.89029735 -195.20677728489318 -6.151089719399862
6.235556337630037e-64 140.8111921986999 0.4443068 0.02068537 0.88227628 0.74534214 0.35416395 2.23171804 -161.23140552159043 -2.099066200572078
4.541900030044675e-46 99.66178026734147 0.1223067 0.02336247 0.44208971 0.53052927 0.23389323 4.06130529 -136.60224328901637 -4.208948909683537
2.5921403143398596e-41 88.68993087615122 0.20386611 0.02313086 0.44389564 0.66718419 0.4428552 3.75674127 -95.40320516887203 -4.258575098469441
1.1520390589681139e-37 80.27094175531396 0.13950931 0.02325452 0.45664666 0.01614629 0.42520691 1.99411878 -85.77404068298402 -2.9158901931672014
1.2115758819302446e-33 70.99028292119768 0.15820373 0.02347512 0.57038654 0.69836838 0.4199717 4.71876191 -76.66968645104723 -3.601255304266731
2.715840073392411e-32 67.90534031311729 0.43406829 0.02021934 0.40994807 0.54789292 0.59109063 2.31970268 -65.98702531874723 -5.003257602450453
1.098063994320452e-29 61.84093881121373 0.16184245 0.02248247 0.57075244 0.62220261 0.41832367 4.2893679 -60.24378215118946 -7.66155816192784
2.3341826770037025e-29 61.68113610910263 0.29226649 0.02207394 0.77705174 0.65086526 0.12668849 4.41323732 -61.33555953700549 -0.5053792742082472
4.2473322235871526e-29 60.78999115069835 0.34673398 0.02458725 0.45102847 0.06613537 0.60071149 4.30645417 -61.6742619301686 -0.006874178934033972
2.5359390983335894e-27 56.348736180837015 0.23538912 0.02374569 0.54809137 0.86157385 0.52211588 3.54154961 -45.21629955945566 -15.573691591242685
6.317581041276054e-27 55.897036336685154 0.48180361 0.02392094 0.82401786 0.20210447 0.61334799 1.07789347 -49.311857079403204 -7.03687910143381
4.0521181957362466e-26 53.62421024944297 0.24821257 0.0205855 0.59404724 0.84811656 0.60236742 4.95175244 -47.358378761869034 -8.538657574816119
1.2610999146582863e-25 52.70732915694175 0.17362855 0.02288709 0.55166103 0.35764732 0.35054724 2.2449037 -48.76177750657139 -4.862432742871574
4.799702209760673e-24 48.730642330466935 0.2330745 0.02487796 0.53453994 0.57614609 0.42963584 1.08965038 -50.930766961931646 -1.7765621950101087
4.642727106252611e-21 41.81875767253575 0.37434997 0.02386001 0.8795449 0.32571494 0.4188711 2.69252933 -29.430226889385356 -19.30041544108158
9.86819438268299e-21 41.661594781251466 0.32247899 0.02330269 0.52061752 0.4154628 0.55118596 3.96402332 -33.81867276410721 -8.000084908428539
1.9360803165250797e-20 40.66416085936461 0.33303863 0.02369056 0.5299361 0.73611928 0.64576129 2.01736083 -37.77386374590102 -3.887731035350451
4.087441633732594e-20 39.997536392097686 0.13809505 0.02067173 0.8853801 0.41869989 0.1210091 3.19921591 -34.06973032348319 -6.5944305358814175
9.520425306111781e-20 39.04372364702106 0.49263298 0.02084356 0.46725581 0.67640227 0.51104147 4.50043052 -35.702118643878705 -4.295417748218982
4.0979081245617444e-19 37.41803576917917 0.10715549 0.02321117 0.67653786 0.14514169 0.46194569 4.73062283 -35.77339523089344 -3.27032841612762
9.254157567051562e-19 36.85460483544846 0.10278532 0.02245902 0.74829161 0.3465912 0.28718934 4.72462321 -34.065262421857575 -3.3527733473215977
1.8474345591969424e-18 36.06824063013323 0.20067756 0.02016246 0.64646869 0.48564832 0.54465354 1.04783558 -36.399169482434765 -0.4554353530136966
2.5876154714504256e-18 35.991815841580475 0.16551706 0.02203845 0.79621266 0.76081181 0.54532128 3.78824166 -27.914958165771928 -8.153282464361308
3.860575670920262e-18 35.33346943386994 0.16557269 0.02293499 0.71935365 0.69970681 0.17560594 2.51501353 -35.991011074432905 -0.0008047671475714689
5.25713626239233e-18 35.230848967541306 0.2114086 0.02478068 0.71375748 0.53241415 0.21575818 3.67087916 -33.35517348406013 -1.9782959498098138
6.479217501921084e-18 34.90038436280746 0.10120433 0.02294235 0.74493594 0.45630198 0.24761937 2.40405941 -17.222022757193173 -18.008826210348133
7.971601828704983e-18 34.75478876287356 0.17697118 0.02341965 0.65330329 0.4056027 0.43686415 1.77139321 -32.89017372848344 -2.010210634324015
8.847513123919816e-18 34.64973988827421 0.1594103 0.02097034 0.63934528 0.24680801 0.59602053 4.85326136 -30.125708618430757 -4.6290801444428045
1.2212200469384884e-17 34.13368105173841 0.21152946 0.02341464 0.63446504 0.68684584 0.55864289 1.76693904 -32.04625443706656 -2.603485451207652
1.823131244510517e-17 33.77488389813864 0.10881985 0.02264108 0.88945156 0.29385801 0.10719178 3.5038753 -29.53767915995326 -4.5960018917851455
3.0893997072780177e-17 33.11436488880298 0.45600908 0.02180463 0.41783752 0.53334336 0.27435408 1.93802097 -32.86338743273031 -0.9114964654083251
6.224019777454078e-17 32.3646142260613 0.28764789 0.02091792 0.55619004 0.74543451 0.40037374 3.55265005 -33.00476493965626 -0.10959994914671921
8.609553058521027e-17 32.28988425282175 0.2213155 0.02477644 0.88061841 0.1364941 0.56955099 1.75790271 -29.494637913006272 -2.869976313055027
1.202761373825952e-16 31.73181744686057 0.32056062 0.02466643 0.58646981 0.42465018 0.22720898 3.04573239 -14.336261859935426 -17.953622392886327
1.5221867136433543e-16 31.702567361798437 0.24070523 0.02442032 0.6615974 0.57443928 0.3823639 2.51225885 -15.182664498907748 -16.549152947952823
1.9138542501242365e-16 31.278649953346914 0.26902151 0.02465195 0.68665146 0.51884024 0.608156 3.72012235 -18.088322116732726 -13.614245245065709
2.8731170848149257e-16 30.851155428901954 0.32262293 0.02036341 0.42287006 0.67381103 0.11391893 3.90059475 -14.910067078599244 -16.36858287474767
3.8514531287372267e-16 30.620828027159785 0.20237443 0.02467036 0.50715853 0.62266192 0.12141356 1.74504677 -24.366521300515355 -6.484634128386598
1.9170578157821343e-15 28.52777921262036 0.36930729 0.02201309 0.87908523 0.58588435 0.543749 2.70546844 -14.02244991922749 -16.598378107932295
4.316857962840009e-15 28.070305954615733 0.48432297 0.02390965 0.70484288 0.50896922 0.35784392 1.62380187 -28.527666268672473 -0.00011294394788650244
6.376808772018884e-15 27.691655489472446 0.10514061 0.02005649 0.83583714 0.13238383 0.36692737 4.53066323 -19.632744873146486 -8.43756108146925
8.331207483435068e-15 27.47238356156672 0.35485754 0.02267051 0.54201237 0.41303077 0.4590651 2.81210396 -18.581623462935312 -9.110032026537134
1.0496305938939098e-14 27.196932846858367 0.42268027 0.02428824 0.5446346 0.21049333 0.17593119 1.66146019 -26.472460594327252 -0.9999229672394677
1.7963697867293107e-14 26.468893745937336 0.12056164 0.02361715 0.89869976 0.33809091 0.36357596 4.51933306 -15.039785524715215 -12.157147322143151
1.327596068062652e-13 24.148652734906683 0.45019878 0.02349466 0.52425158 0.67367743 0.36844478 4.14781111 -20.441297496220137 -6.027596249717197
4.0444463440524514e-13 23.267918158193147 0.47899678 0.02128018 0.75489532 0.36320867 0.41536086 2.08672729 -19.010108248661357 -5.138544486245326
8.124232059234746e-13 22.627042461050692 0.40284748 0.02342677 0.75675163 0.08561083 0.30626183 2.76137312 -21.974607864171148 -1.2933102940219983
1.116556635906276e-12 22.495686717202595 0.32038844 0.02024248 0.51576564 0.87928122 0.1283927 4.89805904 -17.950756061254214 -4.676286399796476
1.4035259187173824e-12 22.154596337894148 0.34220424 0.02027726 0.63733796 0.85952429 0.37894174 4.69256439 -15.02975124014704 -7.465935477055556
1.870200569824905e-12 21.87280567661914 0.44828888 0.02209376 0.53282138 0.27260549 0.51853383 2.64320433 -14.977978955959628 -7.176617381934521
2.1465178558991767e-12 21.820291780800883 0.38132842 0.02132271 0.78856449 0.0995461 0.2227984 4.60436431 -21.859950877922618 -0.01285479869652368
2.931513320508439e-12 21.28100941167591 0.24560046 0.0218071 0.44873505 0.67517575 0.17940724 1.16298002 -20.671379457060404 -1.1489123237404801
3.764670624957148e-12 21.209827735366453 0.41464708 0.02055668 0.48340253 0.70383895 0.22352543 3.96757933 -21.17391004848195 -0.10709936319396074
4.062571150040891e-12 21.09133445473429 0.3718555 0.0205836 0.78159883 0.19348027 0.17801155 4.27680839 -16.15005019244589 -5.059777542920566
4.263839237485457e-12 21.070119044275934 0.38587463 0.02211674 0.79620326 0.23224278 0.23563633 1.27779267 -16.216002109545713 -4.875332345188579
4.999675403539408e-12 20.757538511378193 0.1518065 0.02425372 0.67725859 0.48632044 0.08274299 4.68176644 -21.04800338884039 -0.022115655435545934
5.824187187416814e-12 20.701673155796122 0.27633188 0.02262444 0.89772103 0.2632418 0.40231009 3.73016978 -8.967605523068622 -11.789932988309573
6.055189704737834e-12 20.640302067228852 0.47014379 0.02023663 0.67464697 0.34918544 0.58899374 2.79480659 -19.838371406766814 -0.8633017490293093
8.315861374656216e-12 20.099002549061577 0.2100307 0.02083795 0.85076179 0.53962477 0.45589881 2.9222043 -13.125184795387453 -7.515117271841398
1.0605711076547084e-11 20.0426603555137 0.13497036 0.02347544 0.79160078 0.18669221 0.08731459 2.33725604 -16.797368449445464 -3.301634099616113
1.2354691400056063e-11 19.77162627074303 0.28560611 0.02217908 0.68676201 0.81700679 0.52849911 4.35463201 -15.037209249533644 -5.005451105980056
1.4002313322702135e-11 19.73471340651666 0.35782422 0.02380767 0.75779971 0.17119373 0.45546848 1.49499258 -19.711829680886204 -0.05979658985682805
1.985207309120921e-11 19.125031924732074 0.28760827 0.02041053 0.84564712 0.35576227 0.40629766 3.91416983 -12.183322924832392 -7.55139048168427
2.7545064989645798e-11 18.955713579213015 0.3360266 0.02191652 0.83659635 0.24880108 0.39303328 3.13806258 -13.00405969902111 -6.120972225710964
2.9756989382973265e-11 18.924037568960706 0.47963615 0.02260657 0.70559429 0.10741027 0.28458646 1.02568387 -18.930409744870058 -0.02530383434295702
3.270062275518655e-11 18.73602182525875 0.29912518 0.02047542 0.83747608 0.29818191 0.45977809 3.53894662 -18.11104385027455 -0.8129937186861557
3.819111918793713e-11 18.571915252295895 0.40965534 0.02081107 0.74820131 0.29585409 0.17897062 3.92537565 -13.098669926125456 -5.637351899133293
5.195045671398372e-11 18.12404885800664 0.38454503 0.0239246 0.58027945 0.61206389 0.28482042 2.16135554 -15.118444538627688 -3.453470713668205
6.439950623453366e-11 18.05416720437145 0.28979376 0.02008008 0.68425515 0.29995486 0.37608483 1.35068205 -9.552409565993932 -8.571639292012707
6.95379193903579e-11 17.933338202905105 0.21914024 0.02377123 0.83865957 0.11990956 0.36946893 4.5927187 -9.161720912951823 -8.892446291419626
7.437477443068057e-11 17.877212429353385 0.23197129 0.02318522 0.86163187 0.09806677 0.2003112 2.07065667 -10.68664501132808 -7.246693191577027
7.53383050719301e-11 17.86722670668339 0.19542098 0.02287171 0.61179836 0.16796657 0.08906612 1.08272645 -14.668973726700738 -3.2082387026526487
7.59572820632466e-11 17.821734782016463 0.47654421 0.0205714 0.55252388 0.62628448 0.32051015 1.53912662 -16.153131881067903 -1.714094825615488
7.810491711944649e-11 17.771959625529018 0.31670915 0.02005498 0.74470802 0.11562831 0.51391454 1.53053043 -12.863245853273572 -4.958488928742891
8.476873543821588e-11 17.623283700647463 0.429215 0.02386379 0.57849458 0.27455467 0.18616331 1.47210878 -8.647897367026543 -9.124062258502475
9.102644670657045e-11 17.584757762517366 0.11710293 0.02041894 0.63435491 0.49007936 0.22233939 1.72948139 -9.59028295215643 -8.033000748491034
9.123337065824209e-11 17.57877505710112 0.28469655 0.02279608 0.48692337 0.64951674 0.07842412 2.81995631 -11.52760801314022 -6.057149749377145
1.0236476536504172e-10 17.33029583681399 0.4522968 0.02115006 0.72500172 0.2581601 0.35134789 2.92624121 -16.155555623089327 -1.4232194340117907
1.1444661884079833e-10 17.300858621445744 0.12909356 0.02298685 0.87142515 0.10846294 0.59600367 1.09541265 -15.542014268959347 -1.7882815678546418
1.3866772816272618e-10 16.93907469621663 0.19493301 0.02036903 0.83091765 0.09606427 0.32747475 1.61956889 -15.091955017445585 -2.208903604000161
1.6039991024019538e-10 16.937529954732806 0.3449127 0.02160628 0.81603671 0.28953452 0.51664545 4.21712297 -10.498412223135702 -6.440662473080929
1.5781358459254075e-10 16.93198781133792 0.43429454 0.02354171 0.65713915 0.24590658 0.48450193 3.806876 -16.533084945402305 -0.4044450093305019
1.5769259458701982e-10 16.89971136841971 0.34902227 0.02376388 0.77058313 0.48628836 0.64373003 2.07237626 -11.460316036220965 -5.4716717751169535
1.649448672922755e-10 16.80446189180358 0.18462917 0.02113015 0.85683328 0.01750229 0.44892935 1.5779175 -9.71370218392851 -7.1860091844912
1.7833421908658542e-10 16.704252020607537 0.25523067 0.02221151 0.82217937 0.70155028 0.54403284 2.84798275 -14.933413108742684 -1.8710487830608966
1.9421441458743877e-10 16.594737344246305 0.29336317 0.02340379 0.78448336 0.02609947 0.39843301 4.13216062 -16.6175917420399 -0.08666027856763714
2.121840708278635e-10 16.487538656253598 0.21100308 0.02275304 0.74348106 0.47835191 0.27943076 2.55571312 -12.06999508364767 -4.524742260598635
2.2904686716494776e-10 16.401179499125845 0.33070339 0.02084021 0.4900811 0.79072156 0.1301416 4.9155403 -15.217819376964615 -1.2697192792889818
2.365412053343089e-10 16.381772105449542 0.36355078 0.022773 0.769615 0.11054547 0.08624286 4.7108656 -13.112179914449838 -3.288999584676009
2.3721716576530985e-10 16.355939687445105 0.2806282 0.02332341 0.6462316 0.16562298 0.54558814 3.01169606 -15.041961154518997 -1.3398109509305467
2.4076239688970204e-10 16.3127963100674 0.42154111 0.02030127 0.61721457 0.74099029 0.43805709 3.36597545 -12.341548333150595 -4.01439135429451
2.9380951750418415e-10 15.95029956779933 0.20514504 0.02098108 0.73954648 0.34592879 0.40721827 1.84749826 -9.33253569625123 -6.980260613816172
3.457861524188329e-10 15.91505124338708 0.49598935 0.02307368 0.56642131 0.58581653 0.44799517 4.12431529 -13.399843936615637 -2.5504556311836923
3.749118054847481e-10 15.755037434469793 0.13997614 0.02182935 0.76172261 0.06121475 0.55646098 2.82872131 -13.291599859686029 -2.6234513837010502
4.2551770807574766e-10 15.620351828285102 0.39008599 0.02374284 0.6621908 0.29278974 0.44875566 1.91600965 -15.669146199994461 -0.08589123447533162
4.631374163036079e-10 15.542962953831179 0.30089391 0.02311756 0.73435119 0.77477886 0.56520396 1.08314501 -8.606674188118104 -7.013677640166999
4.776506607072932e-10 15.51769761887082 0.2995489 0.02060622 0.53586797 0.81892479 0.24253186 3.1958773 -12.696464695956301 -2.846498257874878
5.154431528011538e-10 15.357326205157017 0.2826273 0.02245837 0.6368751 0.5010205 0.24292996 3.99274427 -10.794675683624776 -4.723021935246043
5.636349922841968e-10 15.293914888264815 0.32102305 0.02113856 0.75520996 0.47583249 0.19439777 4.85867015 -14.9032371500511 -0.454089055105918
6.264654379455303e-10 15.113471338110939 0.36307373 0.02309262 0.74544466 0.82602835 0.51637946 4.49473285 -13.458046477941824 -1.8358684103229916
6.708250723448242e-10 15.109355319435698 0.42572368 0.02353901 0.66172679 0.10122721 0.53141034 1.25215787 -12.394869628162128 -2.7186017099488105
6.689286731109806e-10 15.079742999997418 0.31257281 0.02098935 0.62842319 0.76943844 0.58820743 1.44312392 -9.657078951925342 -5.452276367510356
6.687396834719762e-10 15.070119136611297 0.48789648 0.02364633 0.6312091 0.35991417 0.36380854 1.5711206 -12.569741828408755 -2.5100011715886614
7.580225077187262e-10 14.806766902098794 0.27531577 0.02116662 0.6258418 0.06316018 0.46584052 2.61384538 -8.820260519923636 -6.24985861668766
8.981551499554798e-10 14.67810150582284 0.19238432 0.02279123 0.49819262 0.84011077 0.17931775 3.37341666 -13.085923673221597 -1.7208432288771962
1.0052703033940491e-09 14.542295264417106 0.45420354 0.02216636 0.69153379 0.42443633 0.19255111 3.7480135 -13.272628103836778 -1.4054734019860615
1.0610147107559851e-09 14.52601668254618 0.22784336 0.02206553 0.85727895 0.50147574 0.46607515 3.40428153 -14.49167469843108 -0.05062056598602575
1.1324036929181965e-09 14.377871853346686 0.24564419 0.02271326 0.70378725 0.41950282 0.40736958 4.86472262 -14.521118215532328 -0.0048984670138529675
1.300376414311131e-09 14.21124071066898 0.38401897 0.02100018 0.63662521 0.64584299 0.5892951 2.82074008 -13.242216022574421 -1.1356558307722642
1.4571671483738026e-09 14.106398885601319 0.47174928 0.02250808 0.53218361 0.20656777 0.09546278 3.42747162 -11.753704420190175 -2.457536290478805
1.6031589729632873e-09 13.981803648512436 0.32193929 0.02315505 0.76556521 0.35212683 0.20753476 4.10049273 -13.543490220068245 -0.5629086655330734
2.3073432194378517e-09 13.41416762906088 0.18429084 0.02058205 0.62088384 0.88037978 0.34628924 2.85052078 -10.937518540439493 -3.044285108072942
3.000284965750812e-09 13.338899437555893 0.32175246 0.02101234 0.66143966 0.4103334 0.44707181 3.84917685 -8.528291199723414 -4.8858764293374675
3.107605569505491e-09 13.303174939341204 0.44218566 0.02082449 0.63435143 0.32832574 0.42276148 3.64543867 -10.93960490759284 -2.3992945299630546
3.187365756002518e-09 13.249023587614971 0.41373801 0.02066648 0.71037989 0.64732071 0.53468864 2.68973071 -9.925920909306186 -3.377254030035019
3.5931360349052594e-09 13.03464332216904 0.37238631 0.02205381 0.58033331 0.33608793 0.05167535 2.62941104 -8.920058538415141 -4.328965049199831
3.980711712181495e-09 12.99350312871131 0.40927993 0.02257205 0.51991017 0.53639658 0.21335188 2.56074445 -13.03194235532945 -0.0027009668395900025
4.755556747180645e-09 12.665659541521618 0.19348713 0.02102107 0.66805035 0.53819495 0.14904808 2.9106717 -12.273380894691549 -0.7201222340197619
5.521784554182435e-09 12.628713589805262 0.13654281 0.02248184 0.8684538 0.20771722 0.64301245 4.34259823 -10.307782810008947 -2.3578767315126723
5.76990538699282e-09 12.539780505338275 0.39036006 0.02294549 0.6045345 0.56082223 0.40109136 2.3063285 -12.124702389607206 -0.5040112001980549
6.314708457006607e-09 12.41083383722377 0.27904484 0.02188878 0.83202472 0.44908587 0.4382965 2.90748307 -10.515856886412072 -2.023923618926203
7.012080163079597e-09 12.290154370293763 0.37154762 0.02084832 0.70770543 0.52859972 0.26293758 4.84952595 -12.370147012232364 -0.040686824991405225
7.946467528613298e-09 12.124274848703854 0.23209878 0.02069773 0.75015363 0.18173794 0.426425 3.92534039 -9.046212061115082 -3.2439423091786814
8.541840202897392e-09 12.099335530248375 0.49577559 0.02278404 0.6101421 0.35667877 0.40248226 3.84447984 -7.992914974138169 -4.1313598745656845
8.732295350548716e-09 12.041253766006626 0.31213564 0.02310014 0.77642174 0.33120849 0.33126877 3.46406068 -10.719949767199603 -1.3793857630487725
9.317359097817863e-09 11.932159026737038 0.35661237 0.02282451 0.71840591 0.66076652 0.50650361 4.18509974 -9.284413541990093 -2.7568402240165333
1.003884144407018e-08 11.85114977907136 0.16277794 0.02302577 0.88753454 0.3529381 0.56785597 4.52728931 -10.402783302677667 -1.5293757240593702
1.0632531317523473e-08 11.777361311778321 0.1252296 0.02222481 0.76712843 0.35521363 0.09676354 2.99673337 -9.460840737656092 -2.390309041415269
1.1134770173887823e-08 11.718734079883141 0.35143599 0.02277662 0.75821472 0.58300858 0.4826899 2.11985376 -11.678240642850035 -0.09912066892828608
1.1399864163766166e-08 11.690045090910106 0.36349665 0.02167704 0.73169166 0.02407599 0.11690436 2.10159703 -10.366017551663735 -1.3527165282194062
1.1410908899951118e-08 11.67702866631042 0.32682309 0.020776 0.71754598 0.18906718 0.6083626 1.56886089 -11.412106564078123 -0.2779385268319835
1.1603345850105504e-08 11.617826237771727 0.39287484 0.02270116 0.7188928 0.83532683 0.57123987 3.69249387 -8.020294230586417 -3.6567344357240024
1.2580277393161633e-08 11.479643512140244 0.3810998 0.02114619 0.56057313 0.39897776 0.11143041 3.78385004 -10.521460163738936 -1.09636607403279
1.3573678763441294e-08 11.422269528367275 0.41888565 0.02251456 0.71767289 0.68431008 0.39848428 3.95870131 -9.675418577662702 -1.8042249344775414
1.3718631471837166e-08 11.417975360959742 0.39202107 0.02307872 0.66090562 0.4726838 0.22238988 3.78912907 -10.844322688408774 -0.5779468399585024
1.357015290226293e-08 11.404469523217 0.2811528 0.02122513 0.69080131 0.35827531 0.09142383 4.09938621 -8.76937037110061 -2.648604989859132
1.3682698018636922e-08 11.362251316201034 0.35934371 0.02247972 0.64627326 0.63232129 0.30624288 2.27995801 -9.911496975944365 -1.4929725472726345
1.3865288558406397e-08 11.338052352313346 0.4006469 0.0223658 0.70749354 0.24683894 0.4899345 2.50291799 -10.862865485418189 -0.4993858307828447
1.570429580052871e-08 11.088888710939605 0.33301619 0.02112541 0.66059944 0.52535997 0.30171883 2.71965394 -11.05549936939327 -0.2825529829200751
1.786785762531354e-08 11.025822342528103 0.38865938 0.02288916 0.70077674 0.4342395 0.35558335 1.46175816 -9.197830036536482 -1.8910586744031224
1.8629049762716376e-08 10.96575371920679 0.30265875 0.02257193 0.7753962 0.10622699 0.28043847 3.89440655 -9.240756372240593 -1.78506597028751
1.8848365693681508e-08 10.961910791703861 0.18615144 0.02190895 0.75227772 0.32475702 0.10360241 3.07823577 -10.245948243845989 -0.7198054753608006
1.940320554520158e-08 10.870221609005998 0.1984774 0.02216862 0.7216728 0.03973973 0.19036455 3.94881443 -10.93277021071714 -0.02914058098672262
2.021947253306189e-08 10.83804764587249 0.46061096 0.02185909 0.65166601 0.09281235 0.56425305 1.62874381 -10.818027315551259 -0.05219429345474057
2.0170522487238616e-08 10.835207333538893 0.26339265 0.02136024 0.76704243 0.09745133 0.05286051 3.60190524 -10.776868248277355 -0.0611793975951354
2.0466510988544167e-08 10.77035623794081 0.33217736 0.02222502 0.74592572 0.02425938 0.268098 1.82808627 -9.806640094142383 -1.0285672393965102
2.0868151026079258e-08 10.755735920316905 0.46782105 0.02303612 0.63325508 0.46401828 0.31269254 4.73887312 -10.671038118699856 -0.09931811924095339
2.111223267429144e-08 10.708009938214527 0.41354261 0.02100765 0.60115864 0.7291175 0.56720326 1.01027155 -8.315967454447678 -2.439768465869226
2.1221111806383228e-08 10.705275334947675 0.2211641 0.02239192 0.845104 0.16203498 0.32219674 3.4741966 -8.286323228883452 -2.421686709331076
2.120145934943241e-08 10.67055715603467 0.31774703 0.02292797 0.76405405 0.24333843 0.42374643 1.15322238 -10.378425342122023 -0.32684999282565236
2.1655032575485604e-08 10.623584587519197 0.31240771 0.02208292 0.79438023 0.26546902 0.40985271 1.18058574 -8.722498760998567 -1.9480583950361023
2.1765012333350803e-08 10.620271365547776 0.34451822 0.02112104 0.7274359 0.13440888 0.23295043 2.13244605 -10.614229516642325 -0.009355070876871423
2.176450641223025e-08 10.584345724081087 0.33481988 0.02286737 0.74582772 0.50799209 0.4273029 2.35003472 -8.710688682899583 -1.9095826826481916
2.204125048448629e-08 10.555284155589447 0.30892036 0.02097511 0.73192184 0.23962546 0.55656442 1.08008299 -8.887649905590251 -1.6966958184908356
2.2590759130838638e-08 10.496152902338052 0.19883972 0.02119635 0.76970146 0.13831819 0.57916768 3.80922411 -7.97543365133573 -2.5798505042537183
2.3455570567084707e-08 10.440446438531756 0.2643973 0.02155259 0.63533158 0.68881626 0.37786267 2.25314998 -8.893140475901305 -1.6030124264367465
2.4466531461897385e-08 10.372528721328386 0.46730694 0.02292059 0.59575847 0.30380872 0.159123 3.94108057 -9.92421185084143 -0.516234587690325
2.5800555953308478e-08 10.295010264408702 0.28753581 0.02094609 0.72566978 0.03419245 0.54370293 3.48637247 -8.456025219223802 -1.9165035021045844
2.6991028746627557e-08 10.241909403732713 0.30896632 0.02125156 0.65039069 0.10644996 0.10340865 4.59087323 -7.56986423515604 -2.7251460292526626
2.765341350544386e-08 10.206523919491419 0.46408555 0.0222848 0.6346038 0.07015006 0.50122897 3.20930086 -8.846595722329303 -1.3953136814034093
2.771048304604971e-08 10.197886550361263 0.3043287 0.02184229 0.70584706 0.89735208 0.60734914 1.67606752 -10.040839739703225 -0.1656841797881936
2.7575879181175212e-08 10.176750382269823 0.13363178 0.02236962 0.65810275 0.85506541 0.48001833 1.66367219 -10.1232640575942 -0.0746224927670633
2.7335774593994445e-08 10.175660268292859 0.24641932 0.02195064 0.6906866 0.15844432 0.60694952 2.59011317 -9.88792080701051 -0.2888295752593141
2.6902405944854064e-08 10.169116627549572 0.30746785 0.02177007 0.70390816 0.3845004 0.20599818 1.90640385 -10.16429141789794 -0.011368850394918747
2.6660690989982413e-08 10.154151278642994 0.39175291 0.02162579 0.5534671 0.75702825 0.26404953 3.87902445 -10.021515479890002 -0.1476011476595701
2.6602814976527768e-08 10.13390426004269 0.32512909 0.02210417 0.78281973 0.38763972 0.39151489 3.37031193 -9.786937758178317 -0.3672135204646769
2.687201389430159e-08 10.09469126450646 0.46804814 0.02138315 0.65769846 0.30745274 0.18471227 3.64908179 -10.117163607087619 -0.016740652955071485
2.7163187560238206e-08 10.072483333349112 0.26415487 0.02232908 0.57794684 0.77470149 0.14280115 4.99129806 -9.136319514594241 -0.9583717499122187
2.7513078161768067e-08 10.02982011144887 0.27054786 0.02145883 0.68204804 0.14616839 0.62782906 4.31411845 -9.846749729799422 -0.22573360354968985
2.7866589966005414e-08 10.007019009664647 0.19455384 0.02165387 0.82620363 0.12532682 0.34884369 3.35886539 -9.285686494460311 -0.7441336169885601
2.789666555900114e-08 9.988017770192837 0.4732485 0.02169611 0.651072 0.54087539 0.44619883 4.49419721 -9.690268565119622 -0.3167504445450255
2.7813086034060677e-08 9.973378147968235 0.37959555 0.02212407 0.54799594 0.73130988 0.25675576 3.6982498 -9.740129461536569 -0.24788830865626874
2.781717800283463e-08 9.94822290277264 0.16955276 0.02186787 0.8200665 0.24100979 0.45663573 4.41345574 -9.947785492412944 -0.025592655555290906
2.771082084289822e-08 9.941288248445746 0.21298527 0.02170383 0.84101175 0.15503986 0.59852204 3.6077617 -9.893532865390256 -0.05469003738238447
2.736601910507629e-08 9.933661997677577 0.38826485 0.02257225 0.64816692 0.4899634 0.1898632 4.3706155 -9.705078633014844 -0.23620961543090122
2.7065451500330172e-08 9.923780868851907 0.4499133 0.02262506 0.61890449 0.88753383 0.61533039 2.66351139 -9.21301674463772 -0.7206452530398566
2.8084987070715987e-08 9.822634675719074 0.33242061 0.02232973 0.73613694 0.14683298 0.09628142 2.87802361 -9.058698426336091 -0.8650824425158152
2.960266767577114e-08 9.776883676856725 0.26437941 0.02190734 0.79171592 0.39512531 0.41051504 1.41634661 -9.595953911507017 -0.22668076421205655
2.988777494982563e-08 9.76338165253583 0.30533812 0.02100682 0.70636423 0.25569923 0.29543451 1.75817055 -9.746892547951589 -0.029991128905135812
2.9502718824054325e-08 9.763167077172357 0.3837685 0.02157686 0.70236664 0.34369862 0.50683166 3.74976406 -7.337712848833257 -2.4256688037025733
2.920084839571783e-08 9.7444334406863 0.49467439 0.02152331 0.58279605 0.24348903 0.09093135 4.65262777 -9.299143394373976 -0.4640236827983799
2.9686329474470105e-08 9.691204553015549 0.3566703 0.02271306 0.67434547 0.63427248 0.49420129 2.27508122 -9.161490342362356 -0.5829430983239453
3.104768448712223e-08 9.615863515318852 0.2838484 0.02246143 0.75575745 0.01421594 0.57982987 3.68269518 -8.556189023803855 -1.135015529211695
3.1715054564265127e-08 9.607662891192678 0.29241708 0.02199509 0.77687288 0.11341184 0.36350811 1.71703074 -9.155409223116516 -0.4604542922023354
3.1464405739939524e-08 9.592170541089555 0.22838703 0.02271158 0.59692941 0.40686777 0.07948564 3.79080867 -9.606197216168914 -0.0014656750237645648
3.119299209691847e-08 9.585336257027116 0.27848811 0.0217477 0.62103283 0.40877227 0.10435186 2.82115162 -8.461997528759357 -1.1301730123301976
3.08073626603034e-08 9.577448660132866 0.33765952 0.02132178 0.69687333 0.35552297 0.21230347 2.90283014 -9.410123597938208 -0.17521265908890885
3.036804980181826e-08 9.574443000334867 0.24404643 0.02167655 0.69734495 0.10996974 0.31982209 4.54323993 -8.425474669952465 -1.151973990180402
3.085314204410212e-08 9.507273796798389 0.29739425 0.02268422 0.60060651 0.36955739 0.14537548 2.01890747 -9.295714697614024 -0.27872830272084254
3.203145266308566e-08 9.459325298703913 0.31246226 0.02162549 0.74169282 0.03136317 0.63966459 1.36291572 -8.464768754816273 -1.042505041982116
3.268470504485302e-08 9.42697758083976 0.44651183 0.02220276 0.64160329 0.03291473 0.45896433 1.83939515 -9.091561650664573 -0.36776364803934003
3.281490792667237e-08 9.411566458405538 0.25937171 0.02186627 0.79709044 0.26141495 0.31544747 1.10754992 -9.348049474383451 -0.07892810645630773
3.278970341484155e-08 9.38897726884768 0.44317411 0.02207564 0.63689905 0.15045696 0.27707544 1.31151113 -9.355723803115227 -0.05584265529031174
3.324201658454125e-08 9.344918709130498 0.31591762 0.02166205 0.63997474 0.05340883 0.07371358 3.82147036 -9.38166126478806 -0.007316004059622096
3.36527199835614e-08 9.324433178974893 0.39820005 0.0214391 0.64472182 0.08649823 0.56231017 1.71018789 -9.042165116556657 -0.30275359257384105
3.37897284651182e-08 9.297267075143623 0.46211606 0.02190464 0.61382508 0.05362072 0.08754453 2.99456137 -8.527077626388518 -0.7973555525863747
3.404265886093339e-08 9.269915362348973 0.18245376 0.02231374 0.81223251 0.2487301 0.52582902 3.84916395 -9.265818524027468 -0.03144855111615419
3.4431472051725136e-08 9.23506517427343 0.22127429 0.02157812 0.82128429 0.23704472 0.33418886 3.6816816 -9.0660349024049 -0.20388045994407414
3.497323613663667e-08 9.19910563234812 0.40004767 0.02270315 0.62368745 0.29449627 0.24551849 1.11072227 -8.773675141111617 -0.46139003316181265
3.493815293378892e-08 9.197144921622513 0.39117487 0.0225582 0.66234785 0.74993841 0.54773668 1.68493844 -8.09631970993466 -1.1027859224134606
3.462388580442853e-08 9.177665584915308 0.44812124 0.02168985 0.62332806 0.02088929 0.41476286 2.89698103 -8.512697142823251 -0.6844477787992613
3.4279648534852556e-08 9.177428709727431 0.49286832 0.02190309 0.61177246 0.16999545 0.11732845 2.54203158 -8.920103000300236 -0.2575625846150727
3.3800200888582536e-08 9.166261681723952 0.26575636 0.02112457 0.76857271 0.30872417 0.55922226 1.21471589 -9.145129528425322 -0.03229918130210923
3.403209644355094e-08 9.124552469853331 0.25666546 0.02177383 0.83130993 0.30779312 0.45643418 4.13476935 -7.271678832412514 -1.894582849311439
3.464041327567716e-08 9.091067989865365 0.30692298 0.02136829 0.66330338 0.12481641 0.08985925 3.47163821 -8.981355586955942 -0.14319688289738874
3.479903036253961e-08 9.075589800676932 0.36768719 0.02277282 0.67260645 0.01009644 0.38452068 3.54250811 -8.087456648942021 -1.0036113409233434
3.446956668983491e-08 9.070434912382696 0.49589278 0.02231684 0.60326248 0.4301274 0.27173368 2.13052793 -7.736408879605462 -1.3391809210714698
3.400630328231685e-08 9.063053348143365 0.3183993 0.02186017 0.61708013 0.21848607 0.10603854 2.42723946 -8.862225334771235 -0.208209577611461
3.374649586403593e-08 9.0462254544397 0.31765087 0.02221077 0.74805049 0.63464782 0.60704757 1.3300528 -9.002688042541982 -0.060365305601382535
3.3750981378906444e-08 9.023243521070505 0.24752949 0.02273102 0.76009247 0.08162701 0.43881674 1.23533894 -8.960230076850236 -0.0859953775894637
3.3947366848215905e-08 8.995082817181267 0.3902218 0.02260866 0.70800561 0.44815757 0.34232957 3.71883641 -7.828658671167615 -1.19458484990289
3.4050688883552056e-08 8.977439888696253 0.36482272 0.02149193 0.67485278 0.52595542 0.32576603 4.57132136 -8.176272697505741 -0.8188101196755254
3.3834436036972734e-08 8.968163582575766 0.34023787 0.02170477 0.63375 0.14848256 0.10983467 3.44108153 -8.318522051577338 -0.6589178371189158
3.358121127138326e-08 8.95289615334023 0.37650611 0.02175951 0.69132389 0.52410474 0.62221256 1.96664636 -8.733361241024323 -0.23480234155144294
3.359482282672179e-08 8.927846422412426 0.3377104 0.02239749 0.64052111 0.09311696 0.13294954 2.9185318 -8.792560089028774 -0.16033606431145592
3.3780398304563246e-08 8.902279977151519 0.2013367 0.02143109 0.81761408 0.29969359 0.61651152 1.27387037 -8.59112722905082 -0.3367191933616068
3.4116630697929686e-08 8.868553582032186 0.43353355 0.02216855 0.68815142 0.56103753 0.39573878 4.41669966 -8.082781585065424 -0.8194983920860938
3.4176093545724827e-08 8.858930695783956 0.45427098 0.02147743 0.6165173 0.28336784 0.22110762 3.05276507 -8.816409814311498 -0.0521437677206871
3.371549667118168e-08 8.856064844762326 0.19458858 0.0222413 0.81387268 0.15943394 0.58816034 1.17328303 -8.163325438428771 -0.6956052573551846
3.313339749410892e-08 8.854155923119718 0.45513401 0.02176333 0.66421321 0.46131504 0.3853897 3.66670355 -8.740345691905816 -0.11571915285651084
3.283901024919944e-08 8.834405429844471 0.31604284 0.02141458 0.69080465 0.16577826 0.37578782 3.15772965 -8.698482205453644 -0.15567371766607352
3.303360812719809e-08 8.802884874167393 0.36803912 0.02170735 0.59204904 0.3567443 0.10261194 4.16602608 -7.968304967603006 -0.8661004622414646
3.4203801110318755e-08 8.726391626609725 0.22928368 0.0219019 0.72315942 0.21618962 0.08022254 2.00474685 -8.57190032811328 -0.230984546054114
3.48458595839588e-08 8.724622870150462 0.32285537 0.02267852 0.70608356 0.38642916 0.37504859 2.60803585 -8.693436298380057 -0.03295532822966885
3.4489409013893286e-08 8.70742360579904 0.38383996 0.02165527 0.66725904 0.10577834 0.19191963 4.80357665 -7.6999364202218095 -1.0246864499286519
3.432381963343141e-08 8.694610165966997 0.36032371 0.02164971 0.64738574 0.19254508 0.27477974 2.07085496 -8.393093381854985 -0.3143302239440538
3.445706151923797e-08 8.6603224191569 0.28564831 0.02215434 0.70010868 0.21104998 0.4209682 4.83211698 -8.370618243642223 -0.323991922324775
3.448187642741927e-08 8.653283580021279 0.48877978 0.02231437 0.61811871 0.805119 0.44417353 3.71032209 -8.617679802339634 -0.04264261681726611
3.430427129286599e-08 8.631155174670821 0.29612858 0.02151063 0.74081024 0.42032011 0.45790895 4.02562007 -8.44852727996311 -0.20475630005816753
3.432511185608984e-08 8.61242890540239 0.3447139 0.02213455 0.68867778 0.20940292 0.57966076 2.95694549 -8.018066350324542 -0.6130888243462793
3.408340091606392e-08 8.605607329050251 0.38947747 0.02248814 0.67166145 0.17211985 0.2397941 3.32928505 -8.581425383151277 -0.031003522251112792
3.3561617988541355e-08 8.603667751581634 0.34702973 0.02158071 0.65567801 0.095531 0.39238164 3.57610262 -8.087752463445305 -0.5178548656049452
3.3236381688658525e-08 8.585559078502598 0.34041937 0.02204838 0.67836743 0.26743836 0.39285108 4.37162617 -8.1476853792835 -0.455982372298134
3.348051730671311e-08 8.54966541500522 0.35769824 0.02205501 0.71818174 0.51284048 0.64767741 1.88352625 -8.583655677466679 -0.0019034010359198872
3.344977072929851e-08 8.547470485455396 0.34247581 0.02267458 0.687686 0.05231498 0.43659018 1.69347497 -8.546769025662975 -0.002896389342244747
3.285516497885197e-08 8.545931489429224 0.28318054 0.02176666 0.66904424 0.03005429 0.39961627 3.8952036 -7.5350201900329274 -1.012450295422469
3.2506359188795106e-08 8.529280401055825 0.34687335 0.02214524 0.71291143 0.50521547 0.49451374 3.02332613 -8.394275412788899 -0.1516560766403253
3.215373741085383e-08 8.528071375276339 0.30460469 0.0215904 0.66023085 0.40600359 0.27676625 1.60794594 -8.492219360349383 -0.03706104070644152
3.252513418056903e-08 8.467619340569835 0.35591052 0.02257368 0.71457826 0.31438906 0.30972185 1.5419267 -8.09196505592153 -0.4361063193548088
3.2860110906898887e-08 8.4670600500655 0.25157207 0.02264008 0.76938543 0.2511642 0.51868932 2.87273755 -7.7432342844465865 -0.7243850561232476
3.235114664097325e-08 8.459249304805013 0.34534482 0.02213312 0.63935176 0.23862003 0.14740369 2.7082054 -7.558509115957841 -0.90855093410766
3.215855788261792e-08 8.439478986009792 0.46369733 0.0216933 0.65686407 0.51769823 0.27182811 4.7919787 -8.429010240356902 -0.03023906444811121
3.211990915096407e-08 8.422027553977856 0.39580934 0.02260069 0.67502186 0.23256334 0.24766264 1.99181602 -8.187268049291601 -0.2522109367181917
3.1812818940347215e-08 8.419013347140497 0.30660559 0.02206968 0.77246141 0.41052224 0.51180532 1.87016894 -7.625230092629427 -0.7967974613484289
3.159979303596876e-08 8.395990040883651 0.31431514 0.02226238 0.74673143 0.44273454 0.42984529 4.29525822 -8.413180478383156 -0.005832868757341509
3.148414730469742e-08 8.38663030259521 0.32272957 0.02185411 0.72185598 0.02436857 0.62252855 3.34897788 -8.2571669079711 -0.13882313291255094
3.1325808874937995e-08 8.366547387395219 0.27485574 0.02200465 0.7822195 0.18043847 0.46547146 1.72573369 -8.321603104497601 -0.06502719809760883
3.103632469309764e-08 8.365492576333624 0.4219779 0.02170639 0.63042841 0.58124663 0.36402413 2.18733979 -8.365990865126646 -0.0005565222685724172
3.063336575352356e-08 8.353117109994159 0.4156889 0.02163069 0.67349122 0.52648764 0.27554335 4.95169299 -8.133091262420386 -0.23240131391323776
3.0271645194068474e-08 8.349608764704492 0.30102716 0.02260333 0.71873933 0.17714803 0.55612791 1.01811064 -7.994991438486688 -0.3581256715074707
2.981498377798418e-08 8.34391766286543 0.10426969 0.02149528 0.69931096 0.26515708 0.05110411 2.24942077 -7.545562605052479 -0.8040461596520139
3.0205140105586624e-08 8.28486502272774 0.44514659 0.02235472 0.65431338 0.36621709 0.34258638 1.95633592 -7.693317535895961 -0.6506001269694678
3.059512949831791e-08 8.277795789830801 0.25325944 0.0223878 0.7549257 0.34096033 0.57431353 2.69757727 -8.020123710561283 -0.26474131216645747
3.020799995990026e-08 8.27072784544681 0.32048091 0.02264699 0.69784938 0.06491067 0.41118026 2.70244055 -7.958142563388426 -0.31965322644237454
2.9776461319273806e-08 8.26695878947987 0.33537662 0.02195024 0.67770364 0.30151784 0.34386546 4.73073121 -7.341822953223259 -0.9289048922235513
2.947147416498571e-08 8.251767482223409 0.29666278 0.02223572 0.74417566 0.28993841 0.25430746 2.28050915 -8.25545885461772 -0.01149993486215047
2.9409752028774927e-08 8.231590610421867 0.28375303 0.02146432 0.73317043 0.07647038 0.17540354 4.46791676 -8.141807371564077 -0.10996011065933108
2.919199693669359e-08 8.226929338288397 0.32087435 0.02166381 0.72160415 0.3485348 0.24981162 3.10231976 -7.50195964882367 -0.7296309615981961
2.8736902294131747e-08 8.223408030144968 0.35748899 0.02228796 0.65493158 0.08780605 0.51427611 4.94418961 -7.9271403287131665 -0.29978900957522964
2.8302788585366504e-08 8.217772433133867 0.30683108 0.02230426 0.68703382 0.28963133 0.24078093 3.38769648 -8.053741270386865 -0.16966675975810336
2.7932082495637128e-08 8.21017805011408 0.19152159 0.02162173 0.68918591 0.3271327 0.11517189 2.56687983 -8.026835445051786 -0.19093698808208015
2.7655968151684922e-08 8.198058256823547 0.39612775 0.02239312 0.6394886 0.38441688 0.34389421 1.31379231 -7.835376391319935 -0.37480165879414534
2.7991230201556237e-08 8.147086136365255 0.43335717 0.02161699 0.66313032 0.41091962 0.29665816 4.04948922 -7.86909636688513 -0.3289618899384162
2.8506180650856284e-08 8.121507743009339 0.36646593 0.02195862 0.71057566 0.41560063 0.36524279 4.3106888 -7.763303742338976 -0.3837823940262785
2.832409786024114e-08 8.120133738437133 0.29762268 0.02242885 0.73124762 0.06096131 0.32977121 2.45140745 -8.112604870424645 -0.008902872584694164
2.7972166093228043e-08 8.106951477431071 0.29373162 0.02168424 0.69066871 0.12544641 0.36427502 3.42752032 -7.725139436507095 -0.3949943019300384
2.765247468272803e-08 8.103477505117215 0.2637615 0.02249517 0.72008897 0.03434784 0.41519386 4.43674916 -7.840564340719804 -0.2663871367112664
2.722011534802078e-08 8.098866499873797 0.2768518 0.02179805 0.79405054 0.41435878 0.50545126 4.37592689 -7.569958120479965 -0.5335193846372506
2.6777649433522944e-08 8.096645511645209 0.43180857 0.02214917 0.63423684 0.16353459 0.14002523 3.87215277 -7.982466486456514 -0.11640001341728282
2.667345545551295e-08 8.067273030033281 0.31340646 0.02236686 0.709659 0.36279762 0.29740517 3.49227409 -8.057222177392307 -0.03942333425290139
2.71386944506523e-08 8.022737089048208 0.47985656 0.02195502 0.64030301 0.45747996 0.27534054 3.96084274 -7.78297742406975 -0.2842956059635316
2.7349526954312318e-08 8.011724903379445 0.44483949 0.02197183 0.62866045 0.33845069 0.33277724 1.51222992 -8.01275848635441 -0.009978602693797224
2.7043362407361804e-08 8.005626096171671 0.25839507 0.02152564 0.74007603 0.18676885 0.3311025 1.02245261 -8.006241276806334 -0.005483626573110634
2.6605568620489553e-08 8.004752645300359 0.38184203 0.02256305 0.67996639 0.33937231 0.33005213 2.34232327 -7.428142898708618 -0.5774831974630531
2.6268747589730785e-08 7.9915454828097605 0.30526654 0.02168077 0.75611817 0.26483941 0.35494081 4.21843659 -7.307904703532634 -0.6968479417677259
2.610110924562996e-08 7.977954193687075 0.25018804 0.02201668 0.75321975 0.05059078 0.2404624 1.42530702 -7.719616999407324 -0.2719284834024365
2.5803941284551476e-08 7.974797678744468 0.26593867 0.02176978 0.7375602 0.0247931 0.57538723 3.35065746 -7.977928166491158 -2.6027195917086885e-05
2.540752999663215e-08 7.9693172700642565 0.26163488 0.02159218 0.79283049 0.36788316 0.47981508 4.89106322 -7.826850120463715 -0.14794755828075346
2.5054660783902373e-08 7.963165809919503 0.31251821 0.02254839 0.70294761 0.22394575 0.32658715 2.40325928 -7.536825163555348 -0.4324921065089085
2.4649140217149733e-08 7.9623384249328915 0.29935357 0.02205184 0.75080077 0.20950669 0.55405614 2.51244775 -7.3034320528808205 -0.6597337570386823
2.4274663516475768e-08 7.954194699186081 0.32379882 0.02241664 0.73391811 0.25727147 0.37726468 2.7370051 -7.959943532453665 -0.0023948924792259294
2.3959680176270486e-08 7.948845200274653 0.42527503 0.02223624 0.66255442 0.34571256 0.34182729 2.26190062 -7.582449545137813 -0.37174515404826813
2.3557747330913545e-08 7.948417705701708 0.26507409 0.02201158 0.77427055 0.30136783 0.59129723 4.54332541 -7.838357956041374 -0.11048724423327887
2.3220552826342827e-08 7.938100423236861 0.25714529 0.02232188 0.72429092 0.0709725 0.09437306 2.37081524 -7.948250194047172 -0.00016751165453576816
2.2986520019107156e-08 7.929065897633704 0.3432163 0.02159749 0.68958729 0.35963836 0.2372353 4.59466114 -7.722768083844898 -0.21533233939196303
2.2857073219534642e-08 7.90986163943562 0.25590909 0.02221105 0.7551266 0.17689754 0.22715797 1.71850855 -7.507251117026049 -0.42181478060765454
2.2637301131755098e-08 7.908691948140747 0.35505228 0.02213695 0.68166391 0.36253615 0.31733255 4.3009694 -7.823610175508092 -0.08625146392752861
2.231426976874412e-08 7.899024735471504 0.31658876 0.02202803 0.71846156 0.03206921 0.61760362 3.01779888 -7.876372083784429 -0.03231986435631862
2.2185850555172925e-08 7.88069066418312 0.37942971 0.02243395 0.66088479 0.40930133 0.31545204 2.23179429 -7.898872424695649 -0.00015231077585478096
2.2027741281949022e-08 7.873652026949345 0.40298162 0.021785 0.68641755 0.47122798 0.37963479 2.24611727 -7.4757909497445345 -0.40489971443858525
2.174979139277874e-08 7.866482793494166 0.25417664 0.02208847 0.73393013 0.23146206 0.43867424 1.75862173 -7.743154191586933 -0.13049783536241263
2.1427010691956974e-08 7.8639392569795605 0.37497683 0.02169328 0.69307069 0.26868846 0.24010267 4.2479413 -7.855403614625582 -0.011079178868583638
2.1114913557877713e-08 7.856236182825385 0.30393259 0.02175698 0.74002555 0.38337492 0.43037579 3.43336961 -7.611701154299638 -0.25223810267992264
2.121726281790917e-08 7.815071687718413 0.30354759 0.02198568 0.72617083 0.04233675 0.15138223 1.4588573 -7.692765642870198 -0.16347053995518768
2.1381597680200587e-08 7.800827063317925 0.41279542 0.02197627 0.68070097 0.40471637 0.38060829 2.02172072 -7.8122878333027215 -0.0027838544156916856
2.118556370016632e-08 7.7938491558284335 0.25315297 0.02175353 0.73192273 0.07509413 0.18578193 4.28463465 -7.796307497866471 -0.00451956545145412
2.0964234279229828e-08 7.782247557022621 0.23303983 0.0218563 0.76247351 0.20329794 0.48990736 4.19491892 -7.626060110746425 -0.1677890450820087
2.0872522956899504e-08 7.763070695229612 0.29727655 0.02167042 0.75675602 0.32388083 0.37962746 4.89813589 -7.718923080408136 -0.06332447661448451
2.0671955203586967e-08 7.761862015778715 0.28749234 0.0216782 0.7428399 0.18716214 0.47943366 4.90186025 -7.474295677778036 -0.2887750174515752
2.0437791619865286e-08 7.7463100272306 0.30862892 0.02230316 0.70023652 0.14083481 0.37440545 3.44913086 -7.485804213097468 -0.2760578026812477
2.019640221090232e-08 7.745958801038268 0.29882387 0.02216492 0.74698127 0.35794722 0.42385216 2.01749531 -7.556843125669658 -0.18946690156094173
1.994348325656019e-08 7.7319578361651935 0.26616263 0.02174491 0.76989401 0.2138544 0.49795331 4.34016987 -7.696335718856943 -0.04962308218132462
1.9762835310532426e-08 7.724516915415049 0.35102295 0.02229681 0.6810418 0.0635496 0.12198436 2.32153245 -7.553145552735719 -0.17881228342947422
1.9448873215221586e-08 7.724366812201227 0.34070259 0.02227262 0.70285731 0.43488166 0.37444364 2.46205268 -7.543460260024715 -0.1810566553903343
1.9149488574991447e-08 7.715955596283479 0.29428657 0.02199694 0.74692515 0.19138148 0.45234838 4.71050349 -7.57357228677752 -0.15079452542370647
1.8880454182249287e-08 7.713043575112903 0.2207741 0.02201874 0.80379365 0.3065525 0.49297446 4.73050611 -7.7146994085579506 -0.001256187725528557
1.8648069209382605e-08 7.701152776505256 0.30327492 0.02192004 0.73616087 0.19436085 0.37451125 3.26964277 -7.713039835157236 -3.739955667032935e-06
1.8431470235976165e-08 7.69677390761674 0.33562788 0.02221673 0.65883752 0.14083291 0.11496967 3.92246205 -7.677542527067039 -0.023610249438216963
1.8279812310296387e-08 7.678153891449255 0.39708403 0.02242277 0.64581797 0.28817231 0.17541222 3.57718221 -7.605325436391293 -0.09144847122544708
1.8088707664055255e-08 7.678100860476804 0.37881851 0.0221602 0.66380402 0.29019548 0.34769735 1.48459637 -7.29483314284053 -0.38332074860872467
1.7772108648519692e-08 7.673868233112218 0.2900782 0.02222629 0.72807612 0.30003052 0.52612326 1.79937228 -7.631653589012155 -0.046447271464649456
1.75058363950696e-08 7.668689761046833 0.31857633 0.02220007 0.71362654 0.13261959 0.35005533 4.34399258 -7.573311565252341 -0.1005566678598765
1.721578983834371e-08 7.667671247842476 0.29970296 0.02195837 0.67270768 0.01780398 0.1188103 2.17196595 -7.592068013566609 -0.07662174748022374
1.6923298567581006e-08 7.663360274390202 0.34048749 0.02193867 0.67291962 0.16972855 0.27634624 1.81635134 -7.658697033925675 -0.008974213916800861
1.6706775821801133e-08 7.653837838271496 0.36976794 0.02164209 0.67772868 0.29479525 0.22449638 4.31744676 -7.647731084468107 -0.015629189922095624
1.6483147344411792e-08 7.65068661140695 0.26086561 0.02179282 0.7315564 0.13883262 0.27589917 3.72634304 -7.316366213043082 -0.3374716252284141
1.6252333906345648e-08 7.642450982301492 0.28505331 0.02178611 0.71090225 0.21838988 0.30998784 1.76501886 -7.528735276242906 -0.12195133516404395
1.600717301496054e-08 7.6414638206002214 0.27900585 0.02193526 0.73610085 0.2195356 0.50312343 4.21437942 -7.513182809877338 -0.12926817242415375
1.573202149612985e-08 7.6375267876387305 0.24131368 0.02219284 0.75292401 0.12489506 0.43015184 3.33617853 -7.6244970085467365 -0.016966812053484902
1.5541120640994686e-08 7.626303710760189 0.27509815 0.02226256 0.74584978 0.1284876 0.26453882 3.43277513 -7.566933066742804 -0.07059372089592683
1.532829877268786e-08 7.625467703906715 0.30941253 0.02241796 0.69063091 0.02263042 0.52778681 2.40940372 -7.487274482806071 -0.13902922795411818
1.5128832080875105e-08 7.612934313548663 0.31514467 0.0220486 0.67559365 0.07438128 0.26725415 2.72984884 -7.251236330764288 -0.3742313731424259
1.492841342644453e-08 7.612495214557905 0.28925542 0.02238969 0.72303739 0.08920248 0.40192077 4.87617577 -7.61100154076993 -0.0019327727787330374
1.4663306518934567e-08 7.609168019106913 0.32813169 0.0220143 0.7170091 0.1189926 0.16517432 2.43556371 -7.289551685615688 -0.3229435289422168
1.4428416975781307e-08 7.605188261905556 0.29426327 0.02185219 0.75530947 0.26110852 0.43833666 3.15435413 -7.609091292996107 -7.67261108065138e-05
1.4218974182392458e-08 7.598813724323749 0.3069274 0.02190946 0.73202339 0.15666218 0.16097689 2.80635681 -7.538647604541013 -0.06654065736454268
1.4019518248550638e-08 7.593832578423757 0.27503642 0.02176342 0.72563332 0.04717862 0.23428009 4.35474648 -7.569942327056388 -0.028871397267360658
1.3906333994456435e-08 7.575498499989977 0.29677758 0.02238989 0.74275538 0.25338086 0.37434281 2.20078996 -7.438276815004835 -0.15555576341892186
1.381653324597508e-08 7.567117815389774 0.28322712 0.02179957 0.74674008 0.16667397 0.22621417 2.77140921 -7.252201501582459 -0.3232969984075185
1.3631098745369678e-08 7.562904288178028 0.28511824 0.02219152 0.71659866 0.23597738 0.29893577 1.45108368 -7.452306624991456 -0.11481119039831791
1.3418522920754877e-08 7.558947625680967 0.35624843 0.02190003 0.68815151 0.1611821 0.21649993 3.6338252 -7.493391920138329 -0.0695123680396986
1.3198834118178265e-08 7.55631197377303 0.31624262 0.02236141 0.69391438 0.0554026 0.23239964 3.10164657 -7.524935468522076 -0.03401215715889106
1.2989432550166188e-08 7.551331545928213 0.32383839 0.02190436 0.70208031 0.0278251 0.20238388 3.5211654 -7.28088857140422 -0.27542340236881063
1.2791798896126158e-08 7.547368228582439 0.26136378 0.02185118 0.76241603 0.16912119 0.29964342 4.41964201 -7.519730570238107 -0.03160097569010543
1.2577386159949195e-08 7.545530812566044 0.26723099 0.02220001 0.72303111 0.0479643 0.4486866 1.99836021 -7.480022173433685 -0.06734605514875339
1.2390980834422165e-08 7.537640885374471 0.29312008 0.02210067 0.71660428 0.20510781 0.36620714 3.19743708 -7.468965819192921 -0.0765649933731231
1.2196253851431672e-08 7.537590021265576 0.28447219 0.02212951 0.75034449 0.1867034 0.5337467 4.60348801 -7.5222626815927045 -0.015378203781766518
1.1979520132598218e-08 7.533899648950894 0.31740861 0.02231443 0.69652222 0.07947643 0.28521563 3.8662778 -7.509254070305829 -0.028335950959746715
1.1800951825783367e-08 7.528026674418047 0.28911346 0.02234317 0.72898974 0.22330193 0.39347411 2.42253321 -7.329064033533035 -0.20483561541785916
1.1674669337480573e-08 7.515840319074052 0.24019618 0.0221544 0.79023127 0.29069562 0.49966268 3.88660621 -7.281235515314223 -0.24679115910382474
1.1527570113485639e-08 7.513745217647423 0.27232096 0.02197521 0.74307248 0.20579547 0.46959483 2.57049 -7.473157055738363 -0.042683263335689156
1.1314174920866318e-08 7.513604392059428 0.26815659 0.02181808 0.75147327 0.17118914 0.38218086 3.28435105 -7.509005319476226 -0.0047398981711964175
1.1101315586244621e-08 7.512125974108866 0.26931644 0.02196813 0.71394537 0.032846 0.1345943 1.92281401 -7.417264968496648 -0.09633942356278107
1.0905528659723632e-08 7.509587692646559 0.25234802 0.02177579 0.76955707 0.20667375 0.37646941 3.07970474 -7.505768652072164 -0.006357322036701655
1.070770240730972e-08 7.509132247622224 0.36221643 0.02219081 0.697519 0.3742701 0.25772453 3.86860557 -7.368668503026449 -0.14091918962010896
1.0502094490838696e-08 7.508759663023153 0.29980853 0.02184304 0.7334997 0.2435314 0.2282928 3.98353766 -7.440193250394554 -0.06893899722767056
1.0374738384816302e-08 7.49398326870845 0.32002459 0.02224713 0.67373899 0.02914702 0.1895439 3.66698959 -7.4347601400829495 -0.07399952294020384
1.024831544826444e-08 7.493620864924775 0.37329145 0.02188061 0.65399048 0.31348927 0.30004208 1.46205359 -7.372088704387523 -0.12189456432092662
1.0059684843182227e-08 7.491534088144855 0.3528618 0.02176864 0.69304903 0.18203919 0.21596078 3.04816872 -7.447706822018447 -0.04591404290632803
9.896889874398623e-09 7.486651048252461 0.34110096 0.02195141 0.70656399 0.32673239 0.30257349 4.58519082 -7.34223839412336 -0.14929569402149484
9.726661842246185e-09 7.486622463254277 0.37455432 0.02225363 0.68346661 0.35614706 0.23569199 3.55346252 -7.47553377639291 -0.011117271859550835
9.54281545060362e-09 7.485210683532322 0.25359498 0.0221932 0.77543775 0.33581683 0.56183165 2.29473643 -7.35764846408736 -0.12897399916691724
9.380323598183532e-09 7.481369002738441 0.2453327 0.02212643 0.7719317 0.21151544 0.55210124 1.64309177 -7.4143261017200635 -0.07088458181225872
9.227392765464673e-09 7.4784792799367885 0.27584745 0.0221979 0.72797032 0.06019892 0.24619939 4.84709857 -7.454605225741879 -0.026763776996561774
9.078489107223261e-09 7.474303527305384 0.3335852 0.02174675 0.71186888 0.25804071 0.23337549 3.61440899 -7.403694541154617 -0.07478473878217146
8.939362551712999e-09 7.469761817261726 0.29944315 0.02193763 0.69197133 0.08242407 0.22476235 1.07438905 -7.297871916901897 -0.17643161040348695
8.785396035146738e-09 7.469440106296682 0.33825446 0.02227067 0.66795242 0.12005769 0.14611377 1.65147585 -7.453731329820507 -0.016030487441218884
8.639049733286601e-09 7.4637610183247505 0.28231662 0.02213582 0.72463968 0.25540765 0.34697719 3.96938569 -7.320962682567508 -0.14847742372917455
8.538046627321317e-09 7.453374444254903 0.29820247 0.02220559 0.72776865 0.26250555 0.44058565 2.58202697 -7.432062901072638 -0.03169811725211245
8.43094670984148e-09 7.449379146806957 0.26356759 0.02219158 0.73480802 0.08952547 0.62098253 2.53576408 -7.371986250971955 -0.08138819328294818
8.310077741068134e-09 7.442656705317383 0.37802227 0.02216156 0.66523855 0.36859246 0.23359249 3.21597311 -7.379814150215171 -0.06956499659178643
8.178833060104991e-09 7.44160183501263 0.37598235 0.02234076 0.67402898 0.25304993 0.22243416 3.1051168 -7.395301884434446 -0.04735482088293678
8.0246900055461e-09 7.44110412061033 0.27416943 0.02190292 0.71172281 0.08505781 0.43354748 2.75445978 -7.198490533476191 -0.24311130153643917
7.869838832035524e-09 7.4409674356283295 0.30859859 0.02176292 0.6870718 0.07852262 0.11706561 3.54985851 -7.408714886507916 -0.03238923410241433
7.724668433215591e-09 7.438737470229196 0.27086051 0.0219407 0.71953348 0.11185972 0.30735992 3.61614825 -7.284803288730364 -0.1561641468979655
7.588669815845568e-09 7.436886952706988 0.30758621 0.02223446 0.70923272 0.06454879 0.43746114 2.66270477 -7.423877649153164 -0.014859821076031433
7.451519118312733e-09 7.435608570330535 0.33644714 0.02215083 0.67173474 0.09282784 0.06436045 2.11091235 -7.328206832385957 -0.10868012032103147
7.34910789910418e-09 7.424987468401382 0.26325455 0.02216035 0.75324403 0.2117989 0.57852696 4.22491401 -7.395160624842509 -0.040447945488026146
7.243704168901644e-09 7.424867578484483 0.33068639 0.02227488 0.70811601 0.28139031 0.34038492 2.44639786 -7.378445049748191 -0.04654241865319218
7.121188995523343e-09 7.419505390203894 0.27377226 0.0219482 0.7772519 0.31695658 0.5088179 2.5900121 -7.2713660511851765 -0.1535015272993072
7.012701086686021e-09 7.415961793571235 0.31659875 0.02205614 0.6784958 0.09515095 0.14857307 2.70124811 -7.407323025360316 -0.012182364843577492
6.896870141034705e-09 7.41320937021221 0.32881141 0.02224319 0.68035903 0.02949605 0.60091673 2.47531199 -7.41287527403767 -0.003086519533564341
6.787232751027114e-09 7.408409195751157 0.28425505 0.02191374 0.75036491 0.1824153 0.31112046 2.3794804 -7.295500188033109 -0.1177091821791015
6.6854927085470255e-09 7.403810441042499 0.31903113 0.02217371 0.68075626 0.15403357 0.16786559 3.24121817 -7.3817262802583 -0.0266829154928579
6.5704344658717685e-09 7.40351858007769 0.38405921 0.02207069 0.6752017 0.41079531 0.3240636 3.49727065 -7.347984296101307 -0.055826144941191806
6.447920641279543e-09 7.401850383720118 0.26090564 0.02223971 0.76699476 0.27390618 0.40899246 4.18293911 -7.397446743369557 -0.006071836708132251
6.3280758524392645e-09 7.401435633662302 0.29024297 0.02188394 0.73350476 0.14857205 0.56810776 1.22916616 -7.287780842513853 -0.11406954120626539
6.2169285732863005e-09 7.397689057136546 0.34442411 0.02186293 0.67061825 0.18420847 0.14702621 1.02259972 -7.35768942973756 -0.04374620392474225
6.110943495445574e-09 7.396217025149228 0.29747754 0.02224116 0.70835058 0.04693469 0.38582346 1.53275385 -7.3393928254857785 -0.05829623165076725
6.003362088731803e-09 7.393608000753213 0.39836327 0.02194301 0.65195548 0.22867889 0.18644312 3.35528141 -7.280643227165788 -0.1155737979834394
5.893922647163492e-09 7.393405879380431 0.30094391 0.02218629 0.71480354 0.06892687 0.41306187 3.13074815 -7.379601294824478 -0.014006705928735479
5.792869105775473e-09 7.3885966453516865 0.28833048 0.02218787 0.72517524 0.24871283 0.34590376 4.06452613 -7.32806341737715 -0.06534246200328132
5.703584135491716e-09 7.384864172821885 0.27294252 0.02191798 0.73190856 0.17345376 0.64104111 2.23888692 -7.322011299128772 -0.06658534622291454
5.603076558795914e-09 7.384545814358003 0.330012 0.02209958 0.67795518 0.05121251 0.22876958 3.63084904 -7.360269522305547 -0.024594650516338173
5.494991025274258e-09 7.384216675539094 0.35382598 0.02203007 0.70696624 0.29282577 0.28705868 2.04915016 -7.369581263005025 -0.014964551352978542
5.392027567655704e-09 7.382771991077671 0.31973901 0.02168226 0.69461095 0.17408672 0.16742854 3.06503017 -7.383977295306012 -0.00023938023308165286
5.3008489967285135e-09 7.3787239767734425 0.33161797 0.02180182 0.70299752 0.27333951 0.29778433 3.16824724 -7.113227080401593 -0.26954491067607783
5.2103052611039655e-09 7.377620045268805 0.29478772 0.02193174 0.70904439 0.21113835 0.30689887 2.81522271 -7.266242325992931 -0.11248165078051095
5.1121807966538165e-09 7.377143198109106 0.31246469 0.0218607 0.70323435 0.22871805 0.1728582 4.9727342 -7.359214031095816 -0.018406014172988313
5.021364689917047e-09 7.373866091121672 0.25059978 0.02208192 0.76795827 0.20466602 0.56160912 3.73387367 -7.317179763930621 -0.05996343417848534
4.938516092999567e-09 7.3708112862129775 0.33756711 0.02203572 0.68113354 0.03478332 0.14757436 3.77658474 -7.364807689278197 -0.0090584018434749
4.856996885589811e-09 7.367550317849427 0.26662719 0.02195291 0.74079065 0.12736484 0.32655685 3.58292686 -7.370227020869711 -0.0005842653432666919
4.780208082243436e-09 7.363080856632808 0.29096641 0.02221216 0.72343652 0.10956986 0.64405532 3.6594311 -7.356914949923939 -0.010635367925487684
4.704422102570177e-09 7.359904867258687 0.29537122 0.02177282 0.71403938 0.08876 0.10064777 4.1565141 -7.275831006656181 -0.08724984997662792
4.620879565939036e-09 7.359308909203272 0.25462145 0.02208239 0.75434534 0.17754632 0.52922623 2.69077015 -7.21553867603611 -0.1443661912225773
4.540432366400684e-09 7.355428941015578 0.32768911 0.02189871 0.71065246 0.29787209 0.39571313 2.09154803 -7.350112060777954 -0.009196848425317365
4.462020094833091e-09 7.354541373739084 0.31794602 0.02199954 0.68996758 0.07998178 0.48120475 4.39426251 -7.320666482338156 -0.03476245867742171
4.3784514883347594e-09 7.35363665240323 0.36506787 0.0221067 0.66647389 0.08529357 0.09652266 2.15368609 -7.353551812477662 -0.0009895612614221458
4.294551592120312e-09 7.353631859954516 0.30418076 0.02209231 0.73916247 0.22924341 0.2953989 3.20919515 -7.335874626248708 -0.017762026154522208
4.210849066486183e-09 7.353397095234642 0.30895002 0.02212622 0.68483038 0.04468621 0.32468308 2.61332726 -7.34127788458192 -0.012353975372595234
4.13435837335851e-09 7.350692738186053 0.32239187 0.02200495 0.68941226 0.0735087 0.32966487 3.34974095 -7.326735769804625 -0.026661325430017382
4.0674231306924e-09 7.3464395052217135 0.38443159 0.02224491 0.6626736 0.33843431 0.27717769 2.45013153 -7.350157726799967 -0.0005350113860858943
4.000958111877697e-09 7.3440360075179525 0.28402542 0.02195945 0.72126154 0.07308156 0.18272869 2.96958618 -7.226905742722151 -0.11953376249956282
3.927461059440258e-09 7.3439141784502 0.30105661 0.02200717 0.7119489 0.12241012 0.34867515 4.34588726 -7.335372342076392 -0.008663665441560739
3.851940963123651e-09 7.343262872715638 0.28492981 0.02211811 0.72191068 0.07140319 0.12155076 2.30799995 -7.343525083103262 -0.0003890953469387216
3.7795242102532125e-09 7.342267137921507 0.29073006 0.02207131 0.71279898 0.10574992 0.21594165 4.48220324 -7.32051629155232 -0.0227465811633182
3.7080892687341113e-09 7.3418202389016765 0.3180199 0.021922 0.68077422 0.04123333 0.31170395 2.67075043 -7.336046448724877 -0.006220689196629569
3.6363306635898014e-09 7.341745051380368 0.36502605 0.02203784 0.69529902 0.29607436 0.21046835 3.84776372 -7.3191270154543355 -0.0226932234473406
3.574925372173066e-09 7.336284063982977 0.30442289 0.02226836 0.69762009 0.11246481 0.16172291 2.95659147 -7.340992912332721 -0.0007521390476466834
3.518153543840285e-09 7.3341495011726865 0.3951494 0.02190173 0.6622163 0.27988226 0.14506069 4.86556897 -7.190535057855786 -0.14574900612719138
3.453016895936097e-09 7.334053630712517 0.3271234 0.02206179 0.68080202 0.04729105 0.45742024 3.74029364 -7.301095096904614 -0.03305440426807204
3.3867982852696626e-09 7.333270987467152 0.29312253 0.02205452 0.72348933 0.08750145 0.6044353 3.71093325 -7.329927016083642 -0.004126614628875411
3.326134715926364e-09 7.330598274137839 0.31819965 0.02201496 0.68055295 0.04392524 0.15977582 4.82611894 -7.330454674792255 -0.0028163126748963867
3.2706400993196264e-09 7.327316976866337 0.29395586 0.02204457 0.71322266 0.11867509 0.32816415 3.22874961 -7.3305382927089715 -5.998142886732407e-05
3.215197368034991e-09 7.325185402178035 0.29443518 0.02204589 0.69417965 0.01243408 0.34700798 1.8080877 -7.325890295082693 -0.001426681783644485
3.161649166087887e-09 7.32130428431148 0.32763686 0.0223281 0.69598724 0.13896909 0.14381747 3.46685084 -7.323601179787622 -0.0015842223904129213
3.1124563884920527e-09 7.316944193417325 0.30625658 0.02185852 0.70406531 0.06124757 0.10530638 3.93874844 -7.096995910947901 -0.22430837336357862
3.0603534863943922e-09 7.31545847344786 0.29533278 0.02201289 0.72049258 0.12538926 0.40437726 3.17935661 -7.25533033385095 -0.061613859566374524
3.0028038543766168e-09 7.315306307596708 0.31432073 0.02213916 0.69687198 0.03897194 0.5070662 2.23779863 -7.315339036330119 -0.00011943711774044351
2.9448616750976816e-09 7.314822519012097 0.30895228 0.02185259 0.69823558 0.20463657 0.1756565 2.91599061 -7.281755367861018 -0.03355093973569048
2.8880794103864165e-09 7.314641261245378 0.33761235 0.02225471 0.69615999 0.15713886 0.15875547 4.8132242 -7.248598505161643 -0.0662240138504539
2.835850406686745e-09 7.311719107031483 0.28858038 0.02206276 0.70603158 0.03472294 0.55854447 1.52104979 -7.184466486017525 -0.13017477522785256
2.7855668770644048e-09 7.310814996451769 0.39477723 0.02189005 0.66264887 0.26895178 0.20029799 3.97036071 -7.307399425333728 -0.004319681697754773
2.7338349109773007e-09 7.309606106249627 0.30038893 0.02195628 0.71918064 0.12212605 0.25439971 1.76402732 -7.270914099892275 -0.03990089655949345
2.682765780343958e-09 7.30892365858591 0.28418418 0.0221496 0.71937577 0.07965591 0.62552531 3.22119802 -7.300011348678227 -0.009594757571400443
2.6328616954695666e-09 7.307555039867393 0.29571917 0.02203076 0.69518367 0.0132811 0.45353717 2.36549843 -7.269235135458195 -0.03968852312771573
2.5850913689875573e-09 7.305939585348444 0.33803723 0.02216663 0.70481253 0.34465464 0.33994333 1.75185106 -7.307281391756553 -0.00027364811084006703
2.5373997415224747e-09 7.305191313459569 0.30423311 0.0218718 0.69840735 0.03762597 0.20124773 3.31871485 -7.255138273910222 -0.050801311438221704
2.4889681913018304e-09 7.304877393941699 0.29933766 0.02215597 0.69441312 0.08704894 0.06808683 3.44666507 -7.253294745576186 -0.05189656788338288
2.440759085528591e-09 7.304704345805226 0.30527883 0.02197295 0.69216728 0.10276945 0.16671764 2.97530184 -7.261193471318106 -0.04368392262359303
2.3964458949424815e-09 7.301918729547669 0.27966726 0.02213697 0.72016537 0.10481818 0.63971768 4.20120061 -7.299474591483855 -0.005229754321371858
2.353712163646261e-09 7.30108339920107 0.27659503 0.02197223 0.72722331 0.20358277 0.29808152 3.59384001 -7.2695893040499024 -0.0323294254977666
2.308716420446631e-09 7.3009173433717 0.31566022 0.02203443 0.67613076 0.06433346 0.07675732 1.88088928 -7.295691474724136 -0.005391924476933708
2.2644618638700247e-09 7.300187400800613 0.29930405 0.02207807 0.71401219 0.11401088 0.49336928 3.83765016 -7.300425184899958 -0.0004921584717422141
2.2210173223205534e-09 7.30005555751188 0.3179161 0.02179969 0.69839517 0.19346328 0.20680101 4.89015583 -7.292218341047738 -0.00796905975287559
2.1817824070835465e-09 7.296232163553679 0.3150438 0.02202123 0.69606231 0.07037389 0.32337501 2.14392971 -7.185366827976448 -0.11468872953543113
2.145748499056907e-09 7.293755618737804 0.2965601 0.02207504 0.69962198 0.02170193 0.6147323 1.83087311 -7.296228590212509 -3.573341169741457e-06
2.1088470649846143e-09 7.2913209748561565 0.31929326 0.02198674 0.69318666 0.03968222 0.27967179 2.35989391 -7.286596265009147 -0.007159353728656816
2.0715251661138955e-09 7.289861918981646 0.30647894 0.02195643 0.70013882 0.02822224 0.30902608 2.16180419 -7.288706922131444 -0.002614052724712192
2.032646742716468e-09 7.289607950635579 0.29583321 0.02189521 0.70803478 0.06423055 0.43979007 1.77220271 -7.280311607879723 -0.009550311101922917
1.993473017786825e-09 7.2891775052253776 0.29221426 0.02202973 0.70634502 0.03675641 0.47829192 2.14501076 -7.252811336401789 -0.03679661423378975
1.957120262842373e-09 7.286812475010039 0.28648158 0.02208783 0.7238278 0.17960368 0.17548807 4.60045571 -7.288953677914806 -0.00022382731057099306
1.9222575661753944e-09 7.285518926913801 0.31163594 0.02180152 0.71570943 0.15043788 0.18106056 3.35534805 -7.2759395962087865 -0.010872878801251927
1.8878727105306007e-09 7.2833073565526245 0.31105537 0.02200012 0.68576311 0.0356881 0.16146672 3.73466905 -7.172727880864995 -0.11279104604880645
1.8533413627214434e-09 7.282833492081709 0.29402645 0.02188272 0.70146067 0.08390169 0.1431112 1.79295949 -7.282373250458586 -0.0009341060940386778
1.8178044229762057e-09 7.2824235681152025 0.33967447 0.02207628 0.69254775 0.23482587 0.27066778 3.56517233 -7.23830037311143 -0.04453311897027872
1.7891377069130664e-09 7.275033122210551 0.31185614 0.02203959 0.69892918 0.05468421 0.24487958 3.91044703 -7.27493950482966 -0.0074840632855430154
1.7613677069813115e-09 7.274091205291531 0.29440591 0.02204052 0.7428496 0.26288706 0.40417643 3.26172647 -7.274126332465649 -0.0009067897449019466
1.7280502684610063e-09 7.27362140698478 0.29095543 0.02201474 0.745475 0.2683836 0.39168977 1.50873605 -7.273096331876746 -0.0009948734147846364
1.696120471758859e-09 7.271787122230832 0.27768801 0.02209934 0.72899231 0.11260487 0.6353081 2.83931432 -7.273555966590768 -6.544039401221828e-05
1.6646755423224509e-09 7.271442006532217 0.30961515 0.02200884 0.69571268 0.06378562 0.24253658 3.95505904 -7.256911117922761 -0.014876004308071516
1.635090611693798e-09 7.268048740738241 0.30228219 0.02203881 0.69631206 0.0201802 0.52902127 4.89732494 -7.271147707586308 -0.0002942989459095649
1.6060497803416985e-09 7.267675130851797 0.36517255 0.02198777 0.66731386 0.26499894 0.27375422 1.54237824 -7.267212696052868 -0.0008360446853728521
1.5748862568556506e-09 7.267632571143888 0.29360212 0.02205641 0.71723394 0.09066389 0.56538693 3.54503157 -7.265220995856133 -0.002454134995663524
1.5452706017960804e-09 7.266038531034409 0.30602708 0.02203818 0.69337553 0.05046288 0.3865179 4.64281342 -7.264499199301099 -0.003133371842788224
1.5166320821314773e-09 7.265440572224023 0.36701963 0.02219635 0.67007813 0.12242384 0.09285518 3.8954777 -7.265257652075906 -0.0007808789585026624
1.48936454963322e-09 7.2627202147599 0.35390001 0.02213616 0.66162439 0.07908906 0.0642102 3.49642521 -7.191955171419206 -0.07348540080481712
1.464617458794479e-09 7.259347240063625 0.27860216 0.02202407 0.73197569 0.12005127 0.6033397 2.70298981 -7.230834333265242 -0.031885881494658846
1.4415794737824103e-09 7.254826662472479 0.30012061 0.02183736 0.71588693 0.11850948 0.1686425 1.25567371 -7.2593081666814605 -3.907338216453061e-05
1.4172108409652093e-09 7.253834374183651 0.31342761 0.02226989 0.70584829 0.18083452 0.19322996 3.98915793 -7.176008073736784 -0.07881858873569496
1.3909698804505017e-09 7.252600510330247 0.30522349 0.02202677 0.71701277 0.22113492 0.23932001 1.35073735 -7.106278586922001 -0.14755578726164967
1.364538605466641e-09 7.252598551029722 0.36238235 0.02215249 0.67328213 0.17636031 0.08862836 4.40546463 -7.2524923580415885 -0.00010815228865775184
1.3388441142887102e-09 7.251015308584312 0.34051468 0.02210493 0.70229073 0.27396627 0.27862136 2.84618187 -7.211117504068602 -0.041481046961120406
1.3145138101538147e-09 7.249672659021734 0.30385517 0.02202003 0.73366177 0.22647351 0.3075933 2.01561382 -7.233969690597382 -0.01704561798692926
1.2905317876053396e-09 7.248235118475673 0.29992573 0.02195304 0.72516226 0.23567404 0.32140749 4.47523284 -7.2496726574113035 -1.6104310579000432e-09
1.267893618181394e-09 7.24546364150572 0.31394509 0.02188388 0.69882578 0.1600213 0.26271503 1.43735108 -7.237639583509039 -0.01059553496663375
1.2449380560270359e-09 7.2451703264780685 0.36339808 0.02193702 0.65993187 0.1229401 0.08532345 3.55811298 -7.201680577423455 -0.043783064082264726
1.2211229840460808e-09 7.244488202514278 0.2991385 0.02218415 0.71566928 0.21666901 0.29188454 1.8092048 -7.228899743971825 -0.016270582506244014
1.1978224311853587e-09 7.24409628682302 0.30542532 0.02215999 0.72610091 0.22385684 0.28886313 1.44388067 -7.180819768374047 -0.06366843414023148
1.1751773024108407e-09 7.243055651810405 0.33438293 0.02192129 0.68352977 0.06518217 0.08224888 3.76055937 -7.197786083736213 -0.04631020308680717
1.1528969235956651e-09 7.242773167516289 0.29019882 0.02195465 0.74608804 0.25302918 0.40750313 2.46221624 -7.220034199643943 -0.02302145216646166
1.130903762098681e-09 7.2419720103660605 0.34480957 0.02207409 0.69533288 0.35510359 0.35400021 1.12877599 -7.232681472296389 -0.01009169521990007
1.1097950291263817e-09 7.2408515917009595 0.33597576 0.02212805 0.69162439 0.07943457 0.06758235 4.51729568 -7.23505988346427 -0.00691212690178991
1.0904448831372692e-09 7.237548324212446 0.31683153 0.02181388 0.71206369 0.17381229 0.20717431 2.38477504 -7.213265250161264 -0.027586341539695518
1.070867687712398e-09 7.237476649877772 0.31625505 0.02202274 0.69776787 0.10241242 0.17595438 2.79978365 -7.1371533931654865 -0.10039493104695882
1.050426941144193e-09 7.236488414107794 0.31914084 0.02177827 0.69931003 0.13904824 0.18026728 2.07785705 -7.237458947514438 -1.7702363334048135e-05
1.0311972343143135e-09 7.234824246510464 0.29412602 0.02192936 0.72538271 0.20237998 0.19675809 4.99522401 -7.0984125525571855 -0.13807586155060858
1.0124964758693187e-09 7.233485817525211 0.30090093 0.02188831 0.70432 0.10204828 0.0833154 3.49387531 -7.215411223658311 -0.01941302285215276
1.0147703897083689e-09 7.230339612319 0.33956735 0.02195733 0.67902956 0.24550668 0.21751824 2.24643981 -7.192505355864627 -0.0409804616605837
1.0167759178751967e-09 7.229534731800313 0.35026869 0.02217149 0.66873361 0.10270788 0.05952536 4.18214193 -7.221059111534446 -0.009280500784554007
1.0179482665675507e-09 7.228035328896498 0.304594 0.02191305 0.69845195 0.15102024 0.21952519 1.4300826 -7.175306830723555 -0.054227901076758143
1.0210278991080426e-09 7.2234977851789415 0.30472466 0.02203381 0.69568923 0.05429612 0.09228108 3.01808708 -7.201008892277461 -0.027026436619037485
1.023492154364244e-09 7.2232090094093335 0.33500279 0.02204007 0.68655655 0.28006726 0.26866554 2.43758343 -7.223047097347588 -0.000450687831353757
1.0264643579340639e-09 7.217705786993469 0.27158413 0.022046 0.75055053 0.24593705 0.38487765 2.7113035 -7.222256888070923 -0.0009521213384103449
1.0311045257034334e-09 7.214183843490306 0.33088616 0.02183837 0.69773113 0.26378696 0.28840009 1.14181612 -7.216108034260247 -0.0015977527332216575
1.0329629555146153e-09 7.214101196295539 0.29334785 0.02191079 0.71964444 0.13982627 0.17443047 2.40198552 -7.136234951860684 -0.07794889162962236
1.0335603876557079e-09 7.213027729363454 0.35012699 0.02213842 0.68174826 0.21592324 0.21954957 2.80912087 -7.185918390982903 -0.028182805312636595
1.036964806698599e-09 7.207531535467559 0.29554368 0.02189806 0.70877834 0.13261535 0.1304144 4.9916617 -7.179889048747477 -0.03313868061597708
1.0400022777176841e-09 7.207170385538466 0.30094433 0.02214469 0.71253223 0.1296124 0.2246295 2.07191245 -7.1723934916810546 -0.03513804378650379
1.0417890840133916e-09 7.204100648672459 0.30687885 0.02201549 0.69554576 0.14713233 0.17583429 3.15886263 -7.170429820242019 -0.0367405652964471
1.0436552746418554e-09 7.203588635333251 0.30024271 0.02211784 0.73253082 0.25701301 0.3787779 1.847185 -7.204052514538562 -4.8134133897377734e-05
1.0457802790419099e-09 7.200035644926946 0.31447513 0.02195187 0.70983593 0.2224065 0.26428402 4.45569375 -7.1809668273111225 -0.022621808022128577
1.0478341233135704e-09 7.199661496815776 0.34526819 0.02212424 0.69953761 0.23370375 0.25764863 1.36008873 -7.189067003476344 -0.010968641450602092
1.0499930360810047e-09 7.195922629204564 0.28023158 0.0220308 0.73801107 0.22385411 0.31711753 3.03214126 -7.17398685889491 -0.025674637920865478
1.0523058091676539e-09 7.195257645877914 0.32680958 0.02221272 0.69914325 0.14397436 0.16602332 2.5127895 -7.195647022689786 -0.00027560651477789736
1.0557509704451782e-09 7.189393976628295 0.33646138 0.02205587 0.67287771 0.11733313 0.11172484 1.74100808 -7.107494142982435 -0.08776350289547914
1.0592591397430794e-09 7.1886143922534815 0.34476192 0.02190201 0.66962246 0.16692342 0.1308881 3.41069198 -7.186354122964094 -0.003039853664201236
1.0623358660368882e-09 7.183599328664109 0.30604214 0.02200609 0.69871106 0.06621288 0.10861625 1.77301161 -7.155718775647705 -0.032895616605776286
1.0662032482813355e-09 7.1813416964912165 0.31824665 0.02202725 0.69705873 0.1336578 0.22979856 1.02836803 -7.183142209270127 -0.000457119393982447
1.0699605409339237e-09 7.17656815478144 0.32455766 0.02194803 0.70490028 0.22533465 0.2439162 1.13500041 -7.181217543875329 -0.00012415261588780003
1.072899070924187e-09 7.175850875343908 0.33200251 0.02214298 0.6889692 0.20089307 0.17440276 4.0379986 -7.16432730136661 -0.012240853414829557
1.0732932369358526e-09 7.175833393062681 0.34745728 0.02210475 0.68320748 0.28369376 0.29218776 1.61554744 -7.140111266773709 -0.035739608570198825
1.0734599312402035e-09 7.175540298753671 0.34658707 0.02201537 0.67411826 0.22215024 0.21163449 2.49684268 -7.158861639899382 -0.016971753163298454
1.073838581924982e-09 7.175128061394472 0.31037018 0.02205708 0.72158542 0.25374144 0.37401959 1.47095992 -7.175489547840829 -5.075091284157963e-05
1.0745521821957635e-09 7.1742118432229915 0.35207481 0.02206384 0.67100279 0.17435198 0.15966775 1.60887225 -7.171878580287165 -0.003249481107306498
1.0752572666341594e-09 7.173815989385126 0.33306585 0.02199669 0.67570051 0.08393948 0.06411368 2.85623817 -7.169671114010985 -0.00454072921200716
1.0761168233688501e-09 7.172614011229182 0.36712324 0.02203765 0.67707756 0.24974056 0.17204881 3.14813241 -7.172531778747719 -0.0012842106374073368
1.0774007880436048e-09 7.171431108122787 0.32609299 0.02196167 0.69065602 0.23699575 0.27703416 1.36870196 -7.171878273611588 -0.0007357376175944008
1.0781995907281155e-09 7.17113140036581 0.33070883 0.02195554 0.70707892 0.31480595 0.34599897 1.3633604 -7.163391134510327 -0.0080399736124604
1.0788594382863092e-09 7.170207693000898 0.29748245 0.02203065 0.72763032 0.17690492 0.2433357 2.93674728 -7.161314326042616 -0.009817074323194003
1.0798986080728197e-09 7.16920594217228 0.31705071 0.02213158 0.69995655 0.22777856 0.21773518 2.46234946 -7.169939700092362 -0.0002679929085354605
1.0845090511165504e-09 7.161701039335427 0.34570861 0.02206834 0.69857929 0.27999344 0.27578917 1.91090084 -7.139788116217514 -0.02941782595476574
1.090132409370011e-09 7.1588503564896735 0.30544993 0.02191558 0.70533467 0.1537678 0.21689538 2.42265931 -7.156179177718801 -0.005521861616625938
1.093578504299189e-09 7.155389631936155 0.31317164 0.02209821 0.70272263 0.19710492 0.28235239 1.01351876 -7.133086250512928 -0.025764105976745697
1.097837631689183e-09 7.151077799499813 0.31173572 0.02208329 0.70268631 0.11441959 0.17259025 2.28532698 -7.140934988372851 -0.014454643563304708
1.1003564521764582e-09 7.1508015650125145 0.34126239 0.02195182 0.68260387 0.14738755 0.18381689 1.44082849 -7.141613279584554 -0.009464519915259088
1.1018081042118552e-09 7.148442398413649 0.34008135 0.02188383 0.68181921 0.15445264 0.12167599 4.98018119 -7.1398164606731 -0.010985104339413835
1.1068439719424022e-09 7.141691296759515 0.29832945 0.02197932 0.71929526 0.1514783 0.18324187 4.74062543 -7.104625234999787 -0.04381716341386199
1.1112480110134035e-09 7.140489323391971 0.34375235 0.02194186 0.68252591 0.14753971 0.1613604 2.44515913 -7.137780520161035 -0.003910776598479728
1.1123809123073336e-09 7.139653177896697 0.32293082 0.02196756 0.69237812 0.20891792 0.18829809 2.54544057 -7.126060734311472 -0.014428589080499054
1.1130099658603276e-09 7.139358486129546 0.32260894 0.02190696 0.70084766 0.15149363 0.11137065 4.91618077 -7.133155108127272 -0.006498069769425197
1.1148120735079943e-09 7.136419674414243 0.35597231 0.0221281 0.67623384 0.21768336 0.15512589 3.55269296 -7.109166291442408 -0.030192194687137783
1.118327286341311e-09 7.133062688660564 0.35675602 0.02209653 0.6874837 0.28496998 0.22007614 3.58740122 -7.1088087735727665 -0.027610900841476427
1.1263837767229529e-09 7.122090496265514 0.33987547 0.02208157 0.68636196 0.16742989 0.20454186 1.38983484 -7.119222342965252 -0.013840345695311663
1.1353795668222364e-09 7.11712932169809 0.34064816 0.02189416 0.69156618 0.1937633 0.23039412 1.12427227 -7.113133317745092 -0.008957178520421695
1.1492002001705849e-09 7.097977624096635 0.33549974 0.02208432 0.69065043 0.16960041 0.18236333 2.35022173 -7.079712200796158 -0.03741712090193137
1.175237954913576e-09 7.072392433041529 0.33365446 0.02200454 0.69001041 0.21618677 0.16913293 3.54470451 -7.08820246379428 -0.009775160302355151
