0.0 8.394262205161384e+98 0.72514435 -1.75315279 4.5559549 -0.8208845202056774 -51624.099432763775 -2.9922687162458915e+96 -0.24196597353496765
0.0 4.8113191710960576e+98 0.82695468 0.84483501 8.73284456 -0.14346167688179348 -88701.38613304403 -8.394262205161384e+98 -0.24196597353496765
0.0 2.7142718615632368e+98 0.77585159 -1.59074461 9.44863378 -6.86886683646839 -56871.67461441542 -4.8113191710960576e+98 -0.24196597353496765
0.0 1.5672048493487353e+98 0.65094022 -0.89037732 9.24163501 -1.2437003383087464 -50416.06922234416 -2.7142718615632368e+98 -0.24196597353496765
0.0 1.110970876994052e+98 0.43880364 0.12723927 7.46824368 -6.579344923342772 -39139.44659740753 -1.5672048493487353e+98 -0.24196597353496765
0.0 9.88749519545598e+97 0.54919847 1.92469039 9.97884327 -77.70699655841098 -37679.150511066175 -1.110970876994052e+98 -0.24196597353496765
0.0 9.697726913168593e+97 0.71318882 1.80543091 9.8632638 -30.94272362280181 -35296.22917620684 -9.88749519545598e+97 -0.24196597353496765
0.0 9.697418134470988e+97 0.70341325 -1.27320346 9.33879756 -0.5343702926342992 -83640.03311557381 -9.697726913168593e+97 -0.24196597353496765
0.0 9.697318810742387e+97 0.71053084 0.24057243 9.96832872 -1.0384053281000951 -32857.3586644549 -9.697418134470988e+97 -0.24196597353496765
0.0 9.697318085065106e+97 0.5011455 0.86061436 9.92041756 -0.6549955065784525 -56021.55447327066 -9.697318810742387e+97 -0.24196597353496765
0.0 9.697217580148858e+97 0.86199303 0.40023931 9.93714388 -48.69796242312125 -53918.636689734194 -9.697318085065106e+97 -0.24196597353496765
0.0 9.697171643569888e+97 0.77212184 1.06172812 9.87516637 -13.345722371666366 -55588.2291402197 -9.697217580148858e+97 -0.24196597353496765
0.0 9.697049562320066e+97 0.4232435 -0.99368744 9.98319166 -1.0106771195270043 -53891.987242419666 -9.697171643569888e+97 -0.24196597353496765
0.0 9.696885860843593e+97 0.69030677 -1.10584821 9.98750999 -85.99970235415776 -71967.8945462424 -9.697049562320066e+97 -0.24196597353496765
0.0 9.696039426507586e+97 0.78955492 1.13056113 9.83180242 -1.9745175885976705 -68489.34798876196 -9.696885860843593e+97 -0.24196597353496765
0.0 9.688658121712782e+97 0.77884894 -0.5620191 9.92416665 -2.3072135504621367 -53901.29947326174 -9.696039426507586e+97 -0.24196597353496765
0.0 9.656397725853528e+97 0.56889586 1.14627402 9.793252 -1.4484689661318517 -95866.35835063162 -9.688658121712782e+97 -0.24196597353496765
0.0 9.61755595919333e+97 0.40932581 -0.40914315 9.87160175 -24.82309891062317 -54141.885438512385 -9.656397725853528e+97 -0.24196597353496765
0.0 9.615094457102998e+97 0.57724917 -1.87993273 9.95739094 -93.77319453359488 -90534.0237691823 -9.61755595919333e+97 -0.24196597353496765
0.0 9.611141231465262e+97 0.63931999 0.61378977 9.80133662 -22.431274436501816 -63431.18352442417 -9.615094457102998e+97 -0.24196597353496765
0.0 9.591500472634172e+97 0.64445299 0.61486944 9.78410595 -8.452903803929285 -57855.01088066673 -9.611141231465262e+97 -0.24196597353496765
0.0 9.583036443078054e+97 0.40236906 1.09399577 9.74276367 -7.596392284057606 -58579.21872462505 -9.591500472634172e+97 -0.24196597353496765
0.0 9.579281450999957e+97 0.7946217 -0.22745179 9.82485661 -97.78483109101767 -55231.8374622127 -9.583036443078054e+97 -0.24196597353496765
0.0 9.575099886649971e+97 0.45274078 0.70067748 9.76104845 -2.7830010972066273 -95153.23121588214 -9.579281450999957e+97 -0.24196597353496765
0.0 9.571199476070385e+97 0.53110436 -1.81781954 9.48540471 -70.63613092394147 -58462.199882074216 -9.575099886649971e+97 -0.24196597353496765
0.0 9.565984414820321e+97 0.67142488 0.20411184 9.78167856 -37.15781657981251 -38294.37381325352 -9.571199476070385e+97 -0.24196597353496765
0.0 9.565356507621611e+97 0.71390392 1.18896508 9.7154929 -3.847436003399252 -68780.44854792592 -9.565984414820321e+97 -0.24196597353496765
0.0 9.56280895261776e+97 0.48809694 1.47414964 9.69122531 -0.5040112696657318 -55198.29140512646 -9.565356507621611e+97 -0.24196597353496765
0.0 9.559919764695638e+97 0.72049475 -1.85592626 9.89630732 -54.211405558669206 -54145.178368867186 -9.56280895261776e+97 -0.24196597353496765
0.0 9.547541086307307e+97 0.61134403 -1.26407789 9.84093018 -0.26600147374213495 -64920.70600111154 -9.559919764695638e+97 -0.24196597353496765
0.0 9.54681899124406e+97 0.76421076 -1.87115946 9.49709317 -13.925116988148899 -62615.053872891694 -9.547541086307307e+97 -0.24196597353496765
0.0 9.534688146434104e+97 0.644786 -1.96178871 9.8535746 -0.596357477290927 -40435.19965204387 -9.54681899124406e+97 -0.24196597353496765
0.0 9.527041109931979e+97 6.27473685e-01 4.17338696e-03 9.71619959e+00 -7.542404110409712 -69100.34206901293 -9.534688146434104e+97 -0.24196597353496765
0.0 9.519626208859355e+97 0.64636468 1.94056975 9.56191585 -10.604224144094394 -77081.79264008238 -9.527041109931979e+97 -0.24196597353496765
0.0 9.516248192457715e+97 0.64583676 0.39635575 9.64997136 -7.28908970143711 -53977.73495278046 -9.519626208859355e+97 -0.24196597353496765
0.0 9.51429645932586e+97 0.6239984 1.82855506 9.54605607 -7.373317843234515 -92720.47556773524 -9.516248192457715e+97 -0.24196597353496765
0.0 9.512212241290756e+97 0.42182891 1.42251464 9.56231641 -11.28156763061641 -54689.87727633384 -9.51429645932586e+97 -0.24196597353496765
0.0 9.511694485532235e+97 0.44735764 1.56665372 9.54933481 -86.77444182628727 -57717.849926289666 -9.512212241290756e+97 -0.24196597353496765
0.0 9.511502677058618e+97 0.70530324 -0.19877233 9.65835895 -73.32724106557279 -56613.36638250915 -9.511694485532235e+97 -0.24196597353496765
0.0 9.509090435669229e+97 0.48309183 1.32705141 9.54675712 -0.9280192708544823 -64362.21644947243 -9.511502677058618e+97 -0.24196597353496765
0.0 9.50850466854537e+97 0.70209497 0.03429961 9.62172011 -56.40466699465941 -59812.40232008749 -9.509090435669229e+97 -0.24196597353496765
0.0 9.50703676088464e+97 0.49672189 -0.18868549 9.62127769 -1.1190724403218035 -65930.28517411031 -9.50850466854537e+97 -0.24196597353496765
0.0 9.505055902246944e+97 0.5957627 0.86125189 9.53610987 -50.533963774155204 -63294.90208653731 -9.50703676088464e+97 -0.24196597353496765
0.0 9.504387809119052e+97 0.75022173 1.78043726 9.46861506 -17.56202288153575 -80781.54325332302 -9.505055902246944e+97 -0.24196597353496765
0.0 9.502323049442075e+97 0.43611831 1.17877963 9.47344676 -0.12966207816981412 -57182.595214229674 -9.504387809119052e+97 -0.24196597353496765
0.0 9.50209833652165e+97 0.71934208 -0.97083616 9.59563897 -79.10812098199834 -72186.21713675739 -9.502323049442075e+97 -0.24196597353496765
0.0 9.501312208596853e+97 0.7639183 1.72230343 9.41621509 -0.30218578968605586 -66798.03565015439 -9.50209833652165e+97 -0.24196597353496765
0.0 9.500658702316028e+97 0.84954267 -0.39961764 9.52476667 -0.5831235864374409 -60540.781200429105 -9.501312208596853e+97 -0.24196597353496765
0.0 9.500245343033102e+97 0.54439212 0.43337615 9.46181218 -10.800144288476101 -63223.590456730184 -9.500658702316028e+97 -0.24196597353496765
0.0 9.5002173704293e+97 0.83622867 -1.73606102 9.58560316 -32.53820349380292 -63886.772983633826 -9.500245343033102e+97 -0.24196597353496765
0.0 9.5001227188735e+97 0.60119996 -0.18959296 9.49331205 -8.375756693988158 -71571.45870297917 -9.5002173704293e+97 -0.24196597353496765
0.0 9.499632463980007e+97 0.76097993 0.21978021 9.44752183 -16.245010071599655 -62721.001294371774 -9.5001227188735e+97 -0.24196597353496765
0.0 9.499544839316716e+97 0.52140105 -0.16987402 9.4655029 -0.4584003819703736 -62452.37477579991 -9.499632463980007e+97 -0.24196597353496765
0.0 9.499307702456397e+97 0.58082104 -0.82821384 9.48955511 -40.72491807016849 -63040.08122702931 -9.499544839316716e+97 -0.24196597353496765
0.0 9.499190285898199e+97 0.43332932 -0.94602703 9.48865303 -21.445508411137062 -72543.05015172643 -9.499307702456397e+97 -0.24196597353496765
0.0 9.49875041145637e+97 0.7459268 -0.70521641 9.43904274 -80.57658083987585 -79046.03446542383 -9.499190285898199e+97 -0.24196597353496765
0.0 9.498738479622064e+97 0.51218285 0.21602261 9.38512638 -0.05454356391471825 -74732.31556416248 -9.49875041145637e+97 -0.24196597353496765
0.0 9.498565930851894e+97 0.43930749 0.81069234 9.33149176 -44.2650903217472 -62546.535119134685 -9.498738479622064e+97 -0.24196597353496765
0.0 9.498367629982164e+97 0.7173882 1.43336632 9.26648734 -77.44549755077402 -63264.2353827079 -9.498565930851894e+97 -0.24196597353496765
0.0 9.498349790687851e+97 0.45144086 -0.92924448 9.39944816 -0.3687901167807225 -71445.08876252365 -9.498367629982164e+97 -0.24196597353496765
0.0 9.498273578906315e+97 0.77612765 -1.47090368 9.415612 -71.28137121929797 -78846.12207022925 -9.498349790687851e+97 -0.24196597353496765
0.0 9.498273193721199e+97 0.52790812 -1.39795866 9.41140777 -1.2619075159370183 -66707.06785200752 -9.498273578906315e+97 -0.24196597353496765
0.0 9.498230658961385e+97 0.56780921 -0.69093528 9.36221236 -38.31475497321282 -67153.20635134638 -9.498273193721199e+97 -0.24196597353496765
0.0 9.49823014372397e+97 0.49865668 -0.13821385 9.33073942 -25.143145869264593 -90364.66364737383 -9.498230658961385e+97 -0.24196597353496765
0.0 9.498219519795717e+97 0.45027589 1.24396247 9.24873043 -49.72675805583854 -68100.62774828557 -9.49823014372397e+97 -0.24196597353496765
0.0 9.498205336033205e+97 0.70357369 0.73204795 9.27514744 -71.86212016184979 -64862.577352613116 -9.498219519795717e+97 -0.24196597353496765
0.0 9.498192840976332e+97 0.54456712 0.3018953 9.29678194 -1.0287938357442448 -62297.27502252399 -9.498205336033205e+97 -0.24196597353496765
0.0 9.498136344937282e+97 0.87293468 -0.03819381 9.30084794 -32.479409409188534 -63623.90817383924 -9.498192840976332e+97 -0.24196597353496765
0.0 9.498115541469524e+97 0.57704041 -1.96521728 9.3394817 -15.805007566032227 -68129.75567448014 -9.498136344937282e+97 -0.24196597353496765
0.0 9.498104375186474e+97 0.55681458 -0.87982445 9.33850325 -22.48957439779054 -45423.67640648532 -9.498115541469524e+97 -0.24196597353496765
0.0 9.498069665736938e+97 0.59400008 -0.8578479 9.32502254 -28.496664516953548 -71668.16931141251 -9.498104375186474e+97 -0.24196597353496765
0.0 9.4980458034801e+97 0.58710651 0.72738238 9.22566283 -17.99998017289154 -70995.68514867194 -9.498069665736938e+97 -0.24196597353496765
0.0 9.498026638438211e+97 0.63253278 1.12813149 9.19430412 -19.764623615427322 -62563.967964760566 -9.4980458034801e+97 -0.24196597353496765
0.0 9.497965019565355e+97 0.77161432 1.21984964 9.15566955 -9.6556720704015 -62444.922664969345 -9.498026638438211e+97 -0.24196597353496765
0.0 9.49795850249507e+97 0.4991208 -0.91643179 9.14335858 -0.9808356008292041 -62326.92840395498 -9.497965019565355e+97 -0.24196597353496765
0.0 9.497935371028351e+97 0.5409757 1.98139962 9.0895808 -49.53408878755708 -50239.98520590165 -9.49795850249507e+97 -0.24196597353496765
0.0 9.497930728576004e+97 0.66922283 0.23328832 9.18602646 -33.696680564802996 -69417.96892798861 -9.497935371028351e+97 -0.24196597353496765
0.0 9.497921518200788e+97 0.85706572 0.2031366 9.1793014 -4.106162208282416 -71475.17840769731 -9.497930728576004e+97 -0.24196597353496765
0.0 9.497917275442461e+97 0.59716409 -1.55969288 9.21217047 -12.306116733174166 -73606.69502039191 -9.497921518200788e+97 -0.24196597353496765
0.0 9.497914089482804e+97 0.5416299 0.92116938 9.13123122 -17.217667880812396 -45611.17414326045 -9.497917275442461e+97 -0.24196597353496765
0.0 9.497899613992904e+97 0.86964015 -0.54642042 9.19755455 -33.473279502111545 -63139.15312643271 -9.497914089482804e+97 -0.24196597353496765
0.0 9.497889418011535e+97 0.76747986 0.40110513 9.13062634 -15.042647569318456 -68430.95575267487 -9.497899613992904e+97 -0.24196597353496765
0.0 9.497888865832323e+97 0.69557117 1.6624183 9.05806026 -0.7543940383729091 -72231.28225665301 -9.497889418011535e+97 -0.24196597353496765
0.0 9.497884290181982e+97 0.87421023 1.01456762 9.08822691 -1.5626787727472249 -62671.338614750995 -9.497888865832323e+97 -0.24196597353496765
0.0 9.497876338323505e+97 0.46076745 -1.14270727 9.12300747 -16.105231745246343 -63487.9472860854 -9.497884290181982e+97 -0.24196597353496765
0.0 9.497867395870009e+97 0.68364984 1.81375556 9.01132531 -66.71691552948256 -44821.017404808634 -9.497876338323505e+97 -0.24196597353496765
0.0 9.497855353083746e+97 0.7890388 1.98317277 8.9701866 -2.5641840668472606 -62615.28129541919 -9.497867395870009e+97 -0.24196597353496765
0.0 9.497855232811202e+97 0.71066544 0.93288201 9.0295376 -2.2612490145774546 -62757.55748540705 -9.497855353083746e+97 -0.24196597353496765
0.0 9.497849819518536e+97 0.58786221 -1.12191849 9.06713526 -0.6485919577182989 -67008.05179940241 -9.497855232811202e+97 -0.24196597353496765
0.0 9.497846631103958e+97 0.48997737 0.26626732 9.03461724 -19.567149500672876 -46132.97345851013 -9.497849819518536e+97 -0.24196597353496765
0.0 9.497844052163636e+97 0.41350483 0.68469782 8.99877364 -53.398634837146425 -75663.9638244874 -9.497846631103958e+97 -0.24196597353496765
0.0 9.49784373470828e+97 0.54745421 -0.83852697 9.01499139 -91.40374835060827 -82424.14274361877 -9.497844052163636e+97 -0.24196597353496765
0.0 9.49784283870705e+97 0.62706153 1.12130485 8.96780081 -31.517100262105888 -45111.36044718809 -9.49784373470828e+97 -0.24196597353496765
0.0 9.497839978872169e+97 0.56951447 0.92793792 8.96119877 -10.683458534765476 -67400.6663656947 -9.49784283870705e+97 -0.24196597353496765
0.0 9.497836952109515e+97 0.77354463 -0.5408035 8.94611476 -24.641818859557286 -74342.58938223068 -9.497839978872169e+97 -0.24196597353496765
0.0 9.497835396563157e+97 0.68564565 1.15310684 8.91088697 -1.0967195525151567 -44716.791052005574 -9.497836952109515e+97 -0.24196597353496765
0.0 9.49783525839611e+97 0.57594484 1.27696267 8.90253532 -2.379321079890387 -71944.75867617471 -9.497835396563157e+97 -0.24196597353496765
0.0 9.497834833948068e+97 0.43118805 1.22847576 8.90073668 -22.796766808210204 -68902.53680471244 -9.49783525839611e+97 -0.24196597353496765
0.0 9.497834626653406e+97 0.88243011 0.31739331 8.94921113 -81.71316811556134 -70493.26245911873 -9.497834833948068e+97 -0.24196597353496765
0.0 9.497834553097585e+97 0.67097711 -0.51499561 8.92538328 -18.107688056297345 -68548.42254908753 -9.497834626653406e+97 -0.24196597353496765
0.0 9.497832284621991e+97 0.71377745 1.05725035 8.87704235 -3.8993642750360005 -44935.25205085148 -9.497834553097585e+97 -0.24196597353496765
0.0 9.497832101269076e+97 0.68022208 1.90510218 8.82667499 -0.5093159685207135 -87170.45358334018 -9.497832284621991e+97 -0.24196597353496765
0.0 9.497831899638246e+97 0.71092298 0.70540609 8.69993543 -2.8978190924466114 -63320.97575427114 -9.497832101269076e+97 -0.24196597353496765
0.0 9.497831500936564e+97 0.50956314 0.54434449 8.89222673 -0.6364279785960305 -79343.7706340703 -9.497831899638246e+97 -0.24196597353496765
0.0 9.497831227985039e+97 0.40978702 1.10706848 8.60052184 -45.298088650886335 -69090.78213152284 -9.497831500936564e+97 -0.24196597353496765
0.0 9.49783117901617e+97 0.59983973 -1.90788608 8.99770008 -93.51020996763253 -58855.667921695174 -9.497831227985039e+97 -0.24196597353496765
0.0 9.497830844623205e+97 0.81673658 0.56352681 8.72380181 -16.56967121251639 -59295.45001385873 -9.49783117901617e+97 -0.24196597353496765
0.0 9.497829750161794e+97 0.76757495 -1.82634912 8.96007026 -5.38146597868141 -56237.6277365908 -9.497830844623205e+97 -0.24196597353496765
0.0 9.497829208860928e+97 0.63690164 -1.54028943 8.92440511 -0.7592688393282349 -58137.73878760148 -9.497829750161794e+97 -0.24196597353496765
0.0 9.4978291640721e+97 0.57179413 0.51590499 8.83569598 -8.872289566635189 -63858.422339794444 -9.497829208860928e+97 -0.24196597353496765
0.0 9.497829094177241e+97 0.81855925 0.48532502 8.71692332 -23.979507559269948 -66430.43465169743 -9.4978291640721e+97 -0.24196597353496765
0.0 9.49782895300356e+97 0.78552222 1.00630912 8.80088567 -5.633500783135096 -47180.270065020784 -9.497829094177241e+97 -0.24196597353496765
0.0 9.49782865558328e+97 0.7521375 0.77891977 8.65468755 -1.9603830447964457 -73116.50186898533 -9.49782895300356e+97 -0.24196597353496765
0.0 9.497828544316164e+97 0.87039518 1.15780628 8.77546598 -0.17349734712243123 -53330.01829909702 -9.49782865558328e+97 -0.24196597353496765
0.0 9.497828471831712e+97 0.62888042 1.90923265 8.73038213 -15.215697354581865 -76049.90780936494 -9.497828544316164e+97 -0.24196597353496765
0.0 9.497828256922803e+97 0.58897426 0.47765569 8.69771785 -10.336009155183872 -67645.05193402455 -9.497828471831712e+97 -0.24196597353496765
0.0 9.497828206871827e+97 0.72467572 0.97653847 8.7684819 -19.27836120017528 -45229.22836378081 -9.497828256922803e+97 -0.24196597353496765
0.0 9.497828113643256e+97 0.89113558 1.14042405 8.56867147 -0.15411158109522086 -69240.78829403443 -9.497828206871827e+97 -0.24196597353496765
0.0 9.497827937164366e+97 0.72490667 0.95255819 8.75342788 -20.35634227073793 -72997.82618655919 -9.497828113643256e+97 -0.24196597353496765
0.0 9.497827904506108e+97 0.52794833 -1.91565865 8.88996591 -0.14881535070694948 -67970.77340407431 -9.497827937164366e+97 -0.24196597353496765
0.0 9.497827837096183e+97 0.63109327 -1.26897054 8.84238268 -38.300091558576945 -55699.03091826834 -9.497827904506108e+97 -0.24196597353496765
0.0 9.497827798778024e+97 0.48298081 -0.52525566 8.78442848 -9.921050025501732 -63171.97572303595 -9.497827837096183e+97 -0.24196597353496765
0.0 9.497827746226903e+97 0.55863412 1.27074375 8.72216014 -56.45381032342256 -53747.55288716725 -9.497827798778024e+97 -0.24196597353496765
0.0 9.497827741636108e+97 0.72485707 0.17355774 8.71471462 -27.9271860514449 -72964.03149123317 -9.497827746226903e+97 -0.24196597353496765
0.0 9.497827588893439e+97 0.64321351 1.60843639 8.69040185 -0.1499450729856044 -45005.63562888837 -9.497827741636108e+97 -0.24196597353496765
0.0 9.49782750856164e+97 0.82424435 -1.34910905 8.82167826 -7.799027257181897 -92092.3913098809 -9.497827588893439e+97 -0.24196597353496765
0.0 9.497827507669129e+97 0.50378911 1.17941927 8.7064649 -6.456673233576237 -58040.21678416438 -9.49782750856164e+97 -0.24196597353496765
0.0 9.497827489296224e+97 0.76870889 -0.26550416 8.73913893 -47.61696306654135 -69055.93235264049 -9.497827507669129e+97 -0.24196597353496765
0.0 9.497827421896374e+97 0.43084747 -1.52806955 8.82501365 -0.8186073118710372 -50572.229027692185 -9.497827489296224e+97 -0.24196597353496765
0.0 9.497827419552145e+97 0.72348561 1.54223428 8.67740765 -81.89468346246328 -56005.92565229298 -9.497827421896374e+97 -0.24196597353496765
0.0 9.497827365412135e+97 0.7126718 -0.96717 8.78095287 -0.1828710440841332 -79272.23142096568 -9.497827419552145e+97 -0.24196597353496765
0.0 9.497827303324391e+97 0.54861858 -1.07607752 8.78143918 -0.5568728372062954 -70266.75662014331 -9.497827365412135e+97 -0.24196597353496765
0.0 9.497827208436526e+97 0.47451027 1.03999321 8.67867563 -31.133093837464187 -62277.534378126555 -9.497827303324391e+97 -0.24196597353496765
0.0 9.49782719651496e+97 0.48578026 -1.36856695 8.78715694 -60.266354166781845 -66283.1467877923 -9.497827208436526e+97 -0.24196597353496765
0.0 9.497827150787892e+97 0.71485347 1.53838871 8.45234923 -55.22117830552299 -56182.122459662605 -9.49782719651496e+97 -0.24196597353496765
0.0 9.497827086816373e+97 0.74441802 -0.64240337 8.72018165 -0.46507097080098697 -76044.86367625902 -9.497827150787892e+97 -0.24196597353496765
0.0 9.497826965727241e+97 0.43514911 0.09197313 8.63955087 -0.03575606187586472 -95785.3776663527 -9.497827086816373e+97 -0.24196597353496765
0.0 9.497826949743672e+97 0.82024215 1.97379762 8.57854995 -79.61689352660257 -50076.99037539709 -9.497826965727241e+97 -0.24196597353496765
0.0 9.497826935119418e+97 0.59838192 1.74520056 8.58737179 -5.871329566873408 -89743.83956074218 -9.497826949743672e+97 -0.24196597353496765
0.0 9.497826934492045e+97 0.67648126 -0.95649525 8.71080025 -16.921187843844088 -73568.67978738013 -9.497826935119418e+97 -0.24196597353496765
0.0 9.497826934232914e+97 0.45487142 -1.39783621 8.73969644 -3.285204103208317 -58194.946440151194 -9.497826934492045e+97 -0.24196597353496765
0.0 9.49782690686916e+97 0.64694749 -0.9936214 8.70604382 -69.58489018901783 -55606.7689389148 -9.497826934232914e+97 -0.24196597353496765
0.0 9.497826895107485e+97 0.51405182 0.8682206 8.54358537 -7.196666475270066 -57212.15758592368 -9.49782690686916e+97 -0.24196597353496765
0.0 9.497826866997605e+97 0.65539575 -0.60089214 8.66765088 -43.53540577735786 -44348.517178513 -9.497826895107485e+97 -0.24196597353496765
0.0 9.497826845090429e+97 0.64486295 0.31641952 8.58934284 -5.923144871578424 -67861.85236120247 -9.497826866997605e+97 -0.24196597353496765
0.0 9.497826837153698e+97 0.84014832 1.64722976 8.40404612 -7.529956535420361 -48862.61431961238 -9.497826845090429e+97 -0.24196597353496765
0.0 9.497826832051956e+97 0.89534801 1.17547099 8.48716166 -9.057534957099538 -56403.209972818935 -9.497826837153698e+97 -0.24196597353496765
0.0 9.49782682476887e+97 0.79062141 0.86549236 8.52681563 -21.491662768935324 -44862.92990823914 -9.497826832051956e+97 -0.24196597353496765
0.0 9.497826799527935e+97 0.78790568 -1.18507926 8.68229505 -2.403657299971931 -44532.36924304238 -9.49782682476887e+97 -0.24196597353496765
0.0 9.49782675314819e+97 0.63131334 0.58638991 8.52977078 -2.1619594972679232 -55553.66498018487 -9.497826799527935e+97 -0.24196597353496765
0.0 9.497826738652553e+97 0.7983463 -1.08186707 8.64510185 -9.880246316266007 -47564.655868518734 -9.49782675314819e+97 -0.24196597353496765
0.0 9.497826732688765e+97 0.72191532 0.96816458 8.48062779 -3.161177026727976 -55563.49551915197 -9.497826738652553e+97 -0.24196597353496765
0.0 9.497826731229371e+97 0.66808525 1.20468963 8.4510751 -0.2245806140039724 -44855.39743500845 -9.497826732688765e+97 -0.24196597353496765
0.0 9.497826730842303e+97 0.43917451 -1.7437607 8.68160859 -4.243118853880068 -44280.47627655211 -9.497826731229371e+97 -0.24196597353496765
0.0 9.497826718817148e+97 0.44145893 -1.99610272 8.68883892 -77.51447350646355 -63472.79554875754 -9.497826730842303e+97 -0.24196597353496765
0.0 9.497826706820165e+97 0.7776221 0.1668149 8.5377605 -76.3338609088115 -82181.82254987932 -9.497826718817148e+97 -0.24196597353496765
0.0 9.497826695915281e+97 0.49713611 1.93392529 8.4686614 -1.3627694564856818 -61379.40833473228 -9.497826706820165e+97 -0.24196597353496765
0.0 9.497826678099002e+97 0.81725741 -0.10537832 8.53300487 -50.36060376919888 -68040.08583055051 -9.497826695915281e+97 -0.24196597353496765
0.0 9.497826665952992e+97 0.4410524 -0.90083728 8.57216936 -5.452896131674932 -71533.7251633835 -9.497826678099002e+97 -0.24196597353496765
0.0 9.497826661692815e+97 0.40610991 -1.5762524 8.60859241 -76.54329787161772 -55739.78107431451 -9.497826665952992e+97 -0.24196597353496765
0.0 9.497826658848207e+97 0.50310878 -0.00881895 8.5038808 -95.61721227263357 -67490.55944545317 -9.497826661692815e+97 -0.24196597353496765
0.0 9.49782665839042e+97 0.85400532 0.16700232 8.49069756 -47.89399907561879 -71128.03056109755 -9.497826658848207e+97 -0.24196597353496765
0.0 9.497826657301539e+97 0.70722609 0.44962666 8.46798533 -11.681625979234111 -86250.4064849636 -9.49782665839042e+97 -0.24196597353496765
0.0 9.497826654761214e+97 0.42597868 -0.1776763 8.50990875 -0.8220777057175015 -58377.72169275768 -9.497826657301539e+97 -0.24196597353496765
0.0 9.497826651228525e+97 0.58209037 0.54442145 8.45212836 -84.51154985317207 -60667.19872132902 -9.497826654761214e+97 -0.24196597353496765
0.0 9.497826642612429e+97 0.74684963 1.72047841 8.3175492 -21.100531298122117 -56219.53643196251 -9.497826651228525e+97 -0.24196597353496765
0.0 9.497826642061056e+97 0.7673898 -1.33720096 8.56294864 -0.06798257556903471 -44453.70166302426 -9.497826642612429e+97 -0.24196597353496765
0.0 9.497826639502882e+97 0.67825403 1.10074081 8.38542145 -0.7497919623384202 -63578.80080003486 -9.497826642061056e+97 -0.24196597353496765
0.0 9.497826624025225e+97 0.41850257 1.85410783 8.26938146 -3.0985944716982705 -47071.62882037674 -9.497826639502882e+97 -0.24196597353496765
0.0 9.497826620336042e+97 0.81250874 -0.66780599 8.46574079 -88.6099012935978 -44243.35798218705 -9.497826624025225e+97 -0.24196597353496765
0.0 9.497826617382389e+97 0.8345128 -0.55639363 8.44740415 -4.819055757674898 -56617.81812134003 -9.497826620336042e+97 -0.24196597353496765
0.0 9.403005706718604e+97 0.69038277 0.26262048 8.38660738 -8.08569414477372 -56181.32770481803 -9.497826617382389e+97 -0.24196597353496765
0.0 9.19957201949686e+97 0.78474671 0.27959524 8.37975222 -1.9682297262900401 -61348.48052647816 -9.403005706718604e+97 -0.24196597353496765
0.0 9.160507686312094e+97 0.74951292 1.86837297 8.24779508 -1.8969223912583684 -61067.969685929165 -9.19957201949686e+97 -0.24196597353496765
0.0 9.123500862680183e+97 0.5290984 -1.9192454 8.50447577 -0.11505850774267357 -44151.88672261116 -9.160507686312094e+97 -0.24196597353496765
0.0 8.743111006944174e+97 0.41953984 0.99823854 8.31639649 -37.881839715374454 -61195.02595546283 -9.123500862680183e+97 -0.24196597353496765
0.0 8.391891803888215e+97 0.53778941 -1.28116528 8.44190641 -88.03548323527346 -56529.220047473646 -8.743111006944174e+97 -0.24196597353496765
0.0 8.313072764098343e+97 0.73758767 -1.45483091 8.4479716 -34.79538093292396 -78005.078247742 -8.391891803888215e+97 -0.24196597353496765
0.0 8.213103362072654e+97 0.70283822 1.02615603 8.29354323 -0.00014758607541008798 -66582.65377977926 -8.313072764098343e+97 -0.24196597353496765
0.0 8.085534857311584e+97 0.57204357 1.76038523 8.22638903 -1.0732211908162965 -59333.438500042816 -8.213103362072654e+97 -0.24196597353496765
0.0 7.636273308405532e+97 0.5327945 -1.97092373 8.43630459 -23.907584132945463 -45336.31371288495 -8.085534857311584e+97 -0.24196597353496765
0.0 7.631815922719004e+97 0.61149934 0.29980111 8.30744344 -36.553210532650795 -60985.84310305116 -7.636273308405532e+97 -0.24196597353496765
0.0 7.547455404418208e+97 0.68958456 0.39167312 8.2952589 -13.890985918835245 -56053.16017563791 -7.631815922719004e+97 -0.24196597353496765
0.0 7.286715213607121e+97 0.53082455 1.2345896 8.21587232 -2.034769886092568 -56612.944147537826 -7.547455404418208e+97 -0.24196597353496765
0.0 7.236781827407144e+97 0.41754382 1.03542505 8.22397484 -37.25839087194991 -63550.12815130026 -7.286715213607121e+97 -0.24196597353496765
0.0 7.197863517344918e+97 0.88797864 0.68197244 8.24203635 -89.14250081907981 -91147.0020257016 -7.236781827407144e+97 -0.24196597353496765
0.0 7.19006596172848e+97 0.77573941 -0.35153192 8.30212306 -19.525688377627404 -58688.74654430608 -7.197863517344918e+97 -0.24196597353496765
0.0 7.146562820544251e+97 0.59272733 -0.61090242 8.3107341 -1.2363393861440468 -60671.628166804236 -7.19006596172848e+97 -0.24196597353496765
0.0 7.11604199828676e+97 0.70521578 -1.72348337 8.3674307 -18.319572600017892 -72138.23096620644 -7.146562820544251e+97 -0.24196597353496765
0.0 6.990489507717233e+97 0.72896151 -1.61909246 8.33968934 -0.9329906296735654 -60903.32791065796 -7.11604199828676e+97 -0.24196597353496765
0.0 6.955766353780673e+97 0.42222827 0.18909047 8.231724 -0.07091521585891537 -60845.14321342138 -6.990489507717233e+97 -0.24196597353496765
0.0 6.915434090531154e+97 0.63990243 0.3271459 8.21438026 -86.5553668701439 -56003.403629131906 -6.955766353780673e+97 -0.24196597353496765
0.0 6.872249806216309e+97 0.78531482 -1.20098384 8.28849839 -8.35341495482127 -55511.489619200875 -6.915434090531154e+97 -0.24196597353496765
0.0 6.843547233349999e+97 0.4402986 0.12746575 8.20595192 -1.9433091841553425 -60843.55297066815 -6.872249806216309e+97 -0.24196597353496765
0.0 6.824382561606804e+97 0.79344237 -0.57745764 8.23914731 -76.93239920702298 -57636.99840995417 -6.843547233349999e+97 -0.24196597353496765
0.0 6.8142898541506344e+97 0.78355534 -1.44669282 8.28303828 -2.6682781562671902 -78301.42051576941 -6.824382561606804e+97 -0.24196597353496765
0.0 6.747253626831184e+97 0.55466746 0.30189555 8.15717923 -1.8014662997944364 -60952.06913974712 -6.8142898541506344e+97 -0.24196597353496765
0.0 6.727657994148239e+97 0.79621264 -1.34644953 8.23706198 -29.17605925846295 -57500.43545637063 -6.747253626831184e+97 -0.24196597353496765
0.0 6.69826890969182e+97 0.75801523 -0.79964785 8.18710839 -2.941589642600138 -61382.604267267554 -6.727657994148239e+97 -0.24196597353496765
0.0 6.688740252299668e+97 0.60749726 -0.78630763 8.17850079 -0.3477512027948243 -61148.78659289961 -6.69826890969182e+97 -0.24196597353496765
0.0 6.683920058405237e+97 0.8045784 0.54985925 8.10003529 -14.783822809605596 -61005.87270188358 -6.688740252299668e+97 -0.24196597353496765
0.0 6.6693111370107744e+97 0.55023262 -0.6250347 8.15072207 -3.8478149523006997 -56784.19397978201 -6.683920058405237e+97 -0.24196597353496765
0.0 6.668946752612737e+97 0.72957379 -1.0878302 7.80738894 -30.604678924575875 -61644.61199486411 -6.6693111370107744e+97 -0.24196597353496765
0.0 6.6543804082237255e+97 0.67726064 -1.46773049 8.17847157 -0.061632760611393014 -42794.72220404856 -6.668946752612737e+97 -0.24196597353496765
0.0 6.649441364417726e+97 0.60263116 -1.64386046 8.18155919 -3.202490694015716 -68658.06168723629 -6.6543804082237255e+97 -0.24196597353496765
0.0 6.643336778989584e+97 0.48203121 -1.74028683 8.17810092 -15.906876741079802 -83822.5846516265 -6.649441364417726e+97 -0.24196597353496765
0.0 6.6420786687922684e+97 0.84406865 -0.45502019 8.10719221 -56.87501737039484 -86712.85307291283 -6.643336778989584e+97 -0.24196597353496765
0.0 6.631805078010074e+97 0.88417126 -0.73435216 8.10488788 -9.76611014175965 -61879.16620919532 -6.6420786687922684e+97 -0.24196597353496765
0.0 6.6279158628804205e+97 0.64050245 -1.28797812 8.12679647 -18.54690846709846 -60445.531842324 -6.631805078010074e+97 -0.24196597353496765
0.0 6.626855552746114e+97 0.77370639 -1.28195909 8.12421686 -8.251538411164766 -68639.92944739484 -6.6279158628804205e+97 -0.24196597353496765
0.0 6.618856744474356e+97 0.53591475 -0.14339388 8.04358202 -1.1067244512927246 -68777.19425850478 -6.626855552746114e+97 -0.24196597353496765
0.0 6.615509969428173e+97 0.7914449 -1.08769065 8.08448739 -35.450041009981774 -63585.123290220945 -6.618856744474356e+97 -0.24196597353496765
0.0 6.615429497898884e+97 0.4712609 -0.53804903 8.05482074 -2.479476598120491 -66486.64947576328 -6.615509969428173e+97 -0.24196597353496765
0.0 6.613808991470707e+97 0.70158202 1.02367232 7.96373774 -61.76193480121556 -60375.791264978514 -6.615429497898884e+97 -0.24196597353496765
0.0 6.613686329648822e+97 0.61460009 1.56764511 7.93152557 -1.1512752297030482 -56604.38826991806 -6.613808991470707e+97 -0.24196597353496765
0.0 6.6128214692634465e+97 0.84339306 -1.78847323 8.11286756 -13.218348909921792 -55679.23007426569 -6.613686329648822e+97 -0.24196597353496765
0.0 6.612748180138785e+97 0.41253201 -0.26188535 8.03106879 -9.64209882149964 -66575.71576674104 -6.6128214692634465e+97 -0.24196597353496765
0.0 6.611626251736851e+97 0.43707234 1.8874539 7.90488645 -91.95261461613784 -61041.5725683156 -6.612748180138785e+97 -0.24196597353496765
0.0 6.607709400191378e+97 0.626849 1.1110556 7.93546692 -78.60890548507047 -60389.197773226595 -6.611626251736851e+97 -0.24196597353496765
0.0 6.606900090558667e+97 0.49830664 -0.62456551 8.0267097 -10.724431946879967 -56691.59666518416 -6.607709400191378e+97 -0.24196597353496765
0.0 6.605811172562677e+97 0.85935358 0.07483958 7.98375229 -49.872313639308096 -61327.676033169315 -6.606900090558667e+97 -0.24196597353496765
0.0 6.605074297553219e+97 0.79914911 0.24144017 7.42627818 -12.783586644431635 -63862.171887686854 -6.605811172562677e+97 -0.24196597353496765
0.0 6.6048172269674474e+97 0.46079676 1.69087023 7.88763901 -3.245844681695803 -34695.9268641697 -6.605074297553219e+97 -0.24196597353496765
0.0 6.6019153391781835e+97 0.40778669 -0.94649265 8.01549722 -66.7028110963574 -55451.531636683394 -6.6048172269674474e+97 -0.24196597353496765
0.0 6.601439481556779e+97 0.86256537 -1.61370156 8.04755025 -94.65350055055478 -71032.52146012796 -6.6019153391781835e+97 -0.24196597353496765
0.0 6.600678903223502e+97 0.56242362 -1.23168132 8.02164395 -13.46921078814727 -65549.25044091325 -6.601439481556779e+97 -0.24196597353496765
0.0 6.600646339776859e+97 0.54287143 -1.80427329 8.05173609 -26.75960514816885 -80153.572894129 -6.600678903223502e+97 -0.24196597353496765
0.0 6.6005299556825785e+97 0.60574315 -1.33077474 8.02573995 -33.05135161265609 -64141.51376774387 -6.600646339776859e+97 -0.24196597353496765
0.0 6.60004326808971e+97 0.7082246 -1.41184391 8.02613104 -15.183917745738384 -72324.35139455798 -6.6005299556825785e+97 -0.24196597353496765
0.0 6.599612581611139e+97 0.87679089 1.64324053 7.85616418 -0.7695961169691167 -68575.15186726116 -6.60004326808971e+97 -0.24196597353496765
0.0 6.5956003888720936e+97 0.76243365 -1.32285197 7.84766566 -16.721276131872937 -55014.718580990695 -6.599612581611139e+97 -0.24196597353496765
0.0 6.595416805226571e+97 0.56532357 0.22205055 7.88732498 -0.518232066129332 -40308.76028594451 -6.5956003888720936e+97 -0.24196597353496765
0.0 6.594392885326764e+97 0.48905967 -0.9803384 7.93284904 -25.8829419240418 -60856.41386898684 -6.595416805226571e+97 -0.24196597353496765
0.0 6.594157170788186e+97 0.80720158 -0.54025522 7.90468437 -53.794522491159775 -74152.59050662012 -6.594392885326764e+97 -0.24196597353496765
0.0 6.593844193821088e+97 0.45972278 0.27213438 7.85449822 -4.156995125291128 -69701.7390180075 -6.594157170788186e+97 -0.24196597353496765
0.0 6.593730238692114e+97 0.56869637 -1.8902181 7.92748079 -67.22066825133417 -60439.51126063513 -6.593844193821088e+97 -0.24196597353496765
0.0 6.5935300238086275e+97 0.56644162 -0.6728049 7.8968706 -24.881700756694688 -66590.61334059789 -6.593730238692114e+97 -0.24196597353496765
0.0 6.59332976012924e+97 0.50710468 0.0384306 7.8538376 -25.548853071181156 -88038.9176250561 -6.5935300238086275e+97 -0.24196597353496765
0.0 6.593314115836287e+97 0.59850785 -1.32366072 7.92533529 -46.27834218876509 -60692.79708802318 -6.59332976012924e+97 -0.24196597353496765
0.0 6.593024169683992e+97 0.64185512 -1.78967512 7.90149781 -16.89067600151471 -64189.13104904093 -6.593314115836287e+97 -0.24196597353496765
0.0 6.592976534083192e+97 0.75878459 -1.73275205 7.89366526 -8.024164377051761 -62072.67874926419 -6.593024169683992e+97 -0.24196597353496765
0.0 6.592820865877005e+97 0.73805678 0.02230627 7.83906968 -0.3749993248278331 -53672.19373853161 -6.592976534083192e+97 -0.24196597353496765
0.0 6.592676394583781e+97 0.70436718 0.09246438 7.83027133 -2.798313769494683e-06 -61225.54834734777 -6.592820865877005e+97 -0.24196597353496765
0.0 6.592428725073076e+97 0.76729417 1.58314787 7.74015929 -0.9819154131853485 -60871.03027089723 -6.592676394583781e+97 -0.24196597353496765
0.0 6.592305118779841e+97 0.48326979 -0.15644758 7.82862301 -0.7449206500610074 -60042.24240441274 -6.592428725073076e+97 -0.24196597353496765
0.0 6.592275163650051e+97 0.87378623 1.80890861 7.72103048 -56.32593562984672 -64952.693325830216 -6.592305118779841e+97 -0.24196597353496765
0.0 6.592118863285833e+97 0.54609088 -0.85398739 7.85667039 -16.00512138487875 -56970.368710816794 -6.592275163650051e+97 -0.24196597353496765
0.0 6.592112072167965e+97 0.8419336 -1.36244574 7.82014263 -31.969712903477216 -67447.02590580881 -6.592118863285833e+97 -0.24196597353496765
0.0 6.592064821131258e+97 0.76398005 0.63302374 7.77536851 -9.376904297569997 -41484.03218185512 -6.592112072167965e+97 -0.24196597353496765
0.0 6.592046275285598e+97 0.60175511 -0.05556734 7.81097072 -0.5859055737813206 -61024.29820880496 -6.592064821131258e+97 -0.24196597353496765
0.0 6.561864416896089e+97 0.57532108 1.0359951 7.7472506 -16.11342980587807 -63933.7289945322 -6.592046275285598e+97 -0.24196597353496765
0.0 6.3662764440433214e+97 0.48914362 0.38664049 7.77591967 -22.972595393577393 -70387.14798604372 -6.561864416896089e+97 -0.24196597353496765
0.0 6.26059919873913e+97 0.68005744 -1.47877686 7.82458668 -53.75824654747644 -60274.81871383042 -6.3662764440433214e+97 -0.24196597353496765
0.0 5.605466031573899e+97 0.65417771 0.1358119 7.76536153 -2.914357902127366 -51061.55279081612 -6.26059919873913e+97 -0.24196597353496765
0.0 5.488199536057332e+97 0.68499456 1.25532479 7.70322107 -6.0991120655406075 -63185.43525723393 -5.605466031573899e+97 -0.24196597353496765
0.0 5.22466103989506e+97 0.64405007 1.38797705 7.68548696 -2.438869034889132 -77075.34200725667 -5.488199536057332e+97 -0.24196597353496765
0.0 4.8442020280229856e+97 0.53634069 0.20242288 7.72756498 -7.661970165601932 -91841.22858638021 -5.22466103989506e+97 -0.24196597353496765
0.0 4.831447211008112e+97 0.58332268 1.50200109 7.65978675 -35.30075994014315 -64619.7174013988 -4.8442020280229856e+97 -0.24196597353496765
0.0 4.548441763138892e+97 0.76033008 0.31294471 7.70265023 -20.768293661349368 -93295.62643514154 -4.831447211008112e+97 -0.24196597353496765
0.0 4.546614521803922e+97 0.84245602 -1.49933483 7.76783709 -0.4328404970030539 -63987.671229509746 -4.548441763138892e+97 -0.24196597353496765
0.0 4.517620126364904e+97 0.85681936 -0.74209976 7.6647715 -9.471407239506213 -51842.08716325143 -4.546614521803922e+97 -0.24196597353496765
0.0 4.501297313070226e+97 0.87833302 -1.60204711 7.77328938 -12.255242741873952 -38704.42474899195 -4.517620126364904e+97 -0.24196597353496765
0.0 4.470220221335409e+97 0.51336358 0.03442406 7.71073743 -17.094927196085926 -50356.1262620105 -4.501297313070226e+97 -0.24196597353496765
0.0 4.409648310692688e+97 0.5590295 0.98012989 7.65742399 -43.80340452432353 -77246.05111821827 -4.470220221335409e+97 -0.24196597353496765
0.0 4.2070604875389666e+97 0.6582348 0.5809337 7.65791153 -27.80420183396512 -60483.72737322218 -4.409648310692688e+97 -0.24196597353496765
0.0 4.036681798509162e+97 0.66868778 -0.27219631 7.67876133 -5.522992153620167 -61878.66547493375 -4.2070604875389666e+97 -0.24196597353496765
0.0 3.964318903258673e+97 0.672911 -0.436763 7.67502767 -4.170298552300579 -66426.36308073968 -4.036681798509162e+97 -0.24196597353496765
0.0 3.930504038929894e+97 0.64584654 0.1443114 7.63934138 -3.6775852136745835 -64116.9143522038 -3.964318903258673e+97 -0.24196597353496765
0.0 3.924531735882383e+97 0.87461982 -0.54888484 7.67312 -7.371753953821767 -89931.34625539702 -3.930504038929894e+97 -0.24196597353496765
0.0 3.892799690059565e+97 0.45684978 0.65911456 7.6054978 -16.202235291150643 -63916.749109372526 -3.924531735882383e+97 -0.24196597353496765
0.0 3.868694544574878e+97 0.59108797 -0.05705564 7.63623443 -68.61583942728984 -63659.93887787334 -3.892799690059565e+97 -0.24196597353496765
0.0 3.861772808749479e+97 0.53397813 0.43826188 7.60959044 -18.735368176760645 -68356.44304662547 -3.868694544574878e+97 -0.24196597353496765
0.0 3.856737348702421e+97 0.84427979 -1.32579591 7.67640169 -36.13274759920698 -72136.77198949666 -3.861772808749479e+97 -0.24196597353496765
0.0 3.847988924295485e+97 0.86124048 0.70974928 7.59246506 -9.805029441323562 -50819.01604283738 -3.856737348702421e+97 -0.24196597353496765
0.0 3.828033476835849e+97 0.62441387 0.10415945 7.6178727 -13.184215905661887 -63523.53601993671 -3.847988924295485e+97 -0.24196597353496765
0.0 3.784383310226785e+97 0.7463303 0.37935345 7.59117144 -11.19948768115446 -73422.8118965314 -3.828033476835849e+97 -0.24196597353496765
0.0 3.769769552037405e+97 0.46001694 0.36242691 5.99759776 -0.06023782170528918 -89377.16500022938 -3.784383310226785e+97 -0.24196597353496765
0.0 3.7400305172912115e+97 0.84625619 -1.36197907 7.64593398 -67.0786277582934 -30770.876854824848 -3.769769552037405e+97 -0.24196597353496765
0.0 3.725623898982352e+97 0.57874917 -1.99226362 7.67930469 -10.173092426062642 -56371.87744123129 -3.7400305172912115e+97 -0.24196597353496765
0.0 3.68294247028947e+97 0.89335139 -1.79844286 7.03061864 -22.014607454281002 -57015.93245728496 -3.725623898982352e+97 -0.24196597353496765
0.0 3.676315237147884e+97 0.69826732 0.11039429 7.55786798 -20.94970058074751 -57678.706418653426 -3.68294247028947e+97 -0.24196597353496765
0.0 3.674461979718826e+97 0.56188035 0.13703289 7.55539982 -1.3703873188107492 -65621.97706281523 -3.676315237147884e+97 -0.24196597353496765
0.0 3.628595132408028e+97 0.79912743 -1.28543059 7.57716089 -26.925461017875268 -65969.0568500432 -3.674461979718826e+97 -0.24196597353496765
0.0 3.614380559733044e+97 0.44439533 1.34687347 7.4433734 -3.2435443290096697 -87902.04298258442 -3.628595132408028e+97 -0.24196597353496765
0.0 3.606544108294117e+97 0.58465664 -0.59357669 7.5034639 -74.82960466919377 -61364.77350605547 -3.614380559733044e+97 -0.24196597353496765
0.0 3.604767315110626e+97 0.66486321 1.40489312 7.42756909 -20.411619507184337 -51237.13643126577 -3.606544108294117e+97 -0.24196597353496765
0.0 3.597808237311304e+97 0.88622475 -1.92346012 7.57593901 -4.643220279205187 -61308.69231905619 -3.604767315110626e+97 -0.24196597353496765
0.0 3.59516935227843e+97 0.877803 0.55043201 7.45481227 -19.07168181553111 -73798.51501083045 -3.597808237311304e+97 -0.24196597353496765
0.0 3.593678026673122e+97 0.77829054 1.46085678 7.40638254 -16.966041049880914 -67603.17791260283 -3.59516935227843e+97 -0.24196597353496765
0.0 3.593641091573136e+97 0.52259198 -0.03096659 7.42507274 -1.409138311023429 -61499.61220767254 -3.593678026673122e+97 -0.24196597353496765
0.0 3.590677164499458e+97 0.4888114 -1.24473513 7.52390674 -40.27831179870646 -43318.83298873319 -3.593641091573136e+97 -0.24196597353496765
0.0 3.589484620738537e+97 0.56383179 0.02339836 7.41205634 -53.901873277487766 -59351.14299648478 -3.590677164499458e+97 -0.24196597353496765
0.0 3.5888119736921786e+97 0.51523646 -1.07175705 7.50950777 -26.332087750225263 -42619.95311198885 -3.589484620738537e+97 -0.24196597353496765
0.0 3.584644379427772e+97 0.41869652 1.26049696 7.39969286 -43.07603519772339 -76845.30674780719 -3.5888119736921786e+97 -0.24196597353496765
0.0 3.5652419963678325e+97 0.77255881 0.10134941 7.38305905 -88.50235665228182 -66663.18331092774 -3.584644379427772e+97 -0.24196597353496765
0.0 3.562598649179505e+97 0.7028245 0.72894703 7.40195867 -1.0367284296797208 -44264.91450147283 -3.5652419963678325e+97 -0.24196597353496765
0.0 3.5558719592598104e+97 0.45762775 0.93851635 7.38236165 -1.0740587749543156 -67456.5090443226 -3.562598649179505e+97 -0.24196597353496765
