0.0 17028.808444047132 0.49032163 -0.61882419 5.46962477 -11838.351601988077 -0.24196597353496765
0.0 17005.73105232955 0.40917262 -0.20276886 3.6609021 -17028.566478073597 -0.24196597353496765
0.0 15332.426662290254 0.64735141 -0.04645143 6.95177209 -17005.489086356014 -0.24196597353496765
0.0 14974.367551324674 0.87378742 1.21020975 0.21910848 -15332.184696316719 -0.24196597353496765
0.0 14932.864276150027 0.69752259 -0.38040419 5.5369057 -14974.12558535114 -0.24196597353496765
0.0 14906.627964334348 0.43024817 0.74516443 9.54167715 -14932.622310176492 -0.24196597353496765
0.0 14707.433367701033 0.42802449 -1.35331383 8.65299129 -14906.385998360813 -0.24196597353496765
0.0 14477.981980638364 0.47622053 0.52688784 5.77039487 -14707.191401727498 -0.24196597353496765
0.0 14329.234824249306 0.70247527 -1.60018151 6.35681181 -14477.740014664829 -0.24196597353496765
0.0 14285.489969091275 0.51398848 0.97177092 4.36303151 -14328.992858275771 -0.24196597353496765
0.0 14226.644439631858 0.55899652 -1.79166603 6.45181458 -14285.24800311774 -0.24196597353496765
0.0 14204.066799500742 0.72026251 -1.02271693 2.83249056 -14226.402473658323 -0.24196597353496765
0.0 14056.735959635833 0.40567013 1.12811834 6.18111684 -14203.824833527207 -0.24196597353496765
0.0 13995.22940738664 0.60065658 -0.96270371 4.07182612 -14056.493993662298 -0.24196597353496765
0.0 13761.929232315877 0.77097239 0.44711084 7.15286729 -13994.987441413105 -0.24196597353496765
0.0 13714.224410766521 0.45770609 1.36353188 7.92209913 -13761.687266342342 -0.24196597353496765
0.0 13649.195252233902 0.44345751 1.17674959 5.06966138 -13713.982444792986 -0.24196597353496765
0.0 13609.535464355507 0.60618248 -0.87053788 8.60910208 -13648.953286260366 -0.24196597353496765
0.0 13601.07920143173 0.41562826 -1.44150139 5.2329102 -13609.293498381972 -0.24196597353496765
0.0 13270.697139622429 0.82823001 -1.99940384 1.96232011 -13600.837235458195 -0.24196597353496765
0.0 13008.399718800345 0.45086175 -1.44734007 1.47625225 -13270.455173648894 -0.24196597353496765
0.0 12411.09079294444 0.74179003 -1.35356384 1.09141941 -13008.15775282681 -0.24196597353496765
0.0 12266.874600382307 0.84825212 0.31605847 1.83279362 -12410.848826970905 -0.24196597353496765
0.0 12197.205718816975 0.5724705 -0.06045195 4.04170948 -12266.632634408772 -0.24196597353496765
0.0 12125.118360625365 0.52687087 1.911902 1.53654082 -12196.96375284344 -0.24196597353496765
0.0 12086.797015199223 0.52165408 1.72183045 1.33971264 -12124.87639465183 -0.24196597353496765
0.0 11969.926824608603 0.45258838 -0.08808663 5.02834564 -12086.555049225688 -0.24196597353496765
0.0 11874.051786528686 0.5832533 -0.94422826 1.64851618 -11969.684858635068 -0.24196597353496765
0.0 11851.260156260589 0.5697552 -0.40416184 1.67126089 -11873.80982055515 -0.24196597353496765
0.0 11838.593567961612 0.49447803 -1.88857593 1.27009119 -11851.018190287054 -0.24196597353496765
0.0 11656.603894101241 0.82059131 -0.42292852 1.36655671 -11838.351601988077 -0.24196597353496765
0.0 11655.413282105485 0.6217142 1.28063377 8.44384612 -11656.361928127706 -0.24196597353496765
0.0 11445.772241899529 0.85535481 -0.71142839 3.20947263 -11655.17131613195 -0.24196597353496765
0.0 11407.091849596956 0.42699738 -0.16727119 8.9353436 -11445.530275925994 -0.24196597353496765
0.0 11336.50252138988 0.82703056 0.68465024 2.52127805 -11406.849883623421 -0.24196597353496765
0.0 11312.624294297555 0.47772241 -1.76858126 1.96547938 -11336.260555416346 -0.24196597353496765
0.0 11169.438985245088 0.70759906 1.01475689 4.73405009 -11312.38232832402 -0.24196597353496765
0.0 11043.21291361169 0.874555 -0.07014287 7.44896576 -11169.197019271553 -0.24196597353496765
0.0 10929.208852840373 0.55993034 1.1179156 0.64604195 -11042.970947638154 -0.24196597353496765
0.0 10768.246694819787 0.84288617 1.94980938 1.45646234 -10928.966886866838 -0.24196597353496765
0.0 10733.263474935451 0.87284779 1.52634971 1.9824638 -10768.004728846252 -0.24196597353496765
0.0 10060.50286915318 0.52344319 -1.12709235 1.20737778 -10733.021508961916 -0.24196597353496765
0.0 10024.463921280363 0.51107308 0.33604537 0.89337097 -10060.260903179646 -0.24196597353496765
0.0 9845.112445579627 0.65526649 1.42503328 0.43379945 -10024.221955306828 -0.24196597353496765
0.0 9789.929512085178 0.64330783 0.07913646 0.72937848 -9844.870479606092 -0.24196597353496765
0.0 9704.071091832378 0.61250604 0.92228681 5.3421912 -9789.687546111643 -0.24196597353496765
0.0 9425.874330246606 0.64015943 1.72889625 5.58433525 -9703.829125858843 -0.24196597353496765
0.0 9346.34668998585 0.60451811 -0.74064953 0.94913417 -9425.632364273071 -0.24196597353496765
0.0 9224.877029472747 0.63327382 1.05114707 2.112774 -9346.104724012315 -0.24196597353496765
0.0 8728.289313467005 0.80840637 0.12525837 8.88862681 -9224.635063499212 -0.24196597353496765
0.0 8708.819059276739 0.5680622 -0.51188645 0.55311343 -8728.04734749347 -0.24196597353496765
0.0 8616.301847817162 0.71063772 -1.94454628 1.06791787 -8708.577093303204 -0.24196597353496765
0.0 8552.362493330398 0.78755208 1.8706991 0.59845186 -8616.059881843626 -0.24196597353496765
0.0 7955.802433186927 0.64172719 1.53359797 0.3485938 -8552.120527356863 -0.24196597353496765
0.0 7939.189243057528 0.59767774 0.96039222 0.37479817 -7955.560467213392 -0.24196597353496765
0.0 7900.607296691993 0.72071774 -1.79886341 8.00597698 -7938.947277083993 -0.24196597353496765
0.0 7872.853464016476 0.77474108 1.71813896 0.36770509 -7900.365330718458 -0.24196597353496765
0.0 7811.895433621266 0.81415478 -0.55795634 6.25307931 -7872.611498042941 -0.24196597353496765
0.0 7738.944286601403 0.86343227 1.78001872 0.5170816 -7811.653467647731 -0.24196597353496765
0.0 7498.7418890984445 0.54915661 0.45469155 4.93082114 -7738.702320627868 -0.24196597353496765
0.0 7344.300644958177 0.59638605 -1.65459387 0.59867106 -7498.499923124909 -0.24196597353496765
0.0 7290.24586510078 0.68698186 0.45781275 0.4417534 -7344.058678984642 -0.24196597353496765
0.0 7251.745417604008 0.49645305 0.11729318 0.14090384 -7290.003899127245 -0.24196597353496765
0.0 7020.59122611002 0.61377944 -1.51032716 7.92724748 -7251.503451630473 -0.24196597353496765
0.0 6546.228921005288 0.8360828 -1.14673655 0.60223666 -7020.349260136485 -0.24196597353496765
0.0 6464.953155362764 0.42335008 -0.55188876 0.53343743 -6545.986955031753 -0.24196597353496765
0.0 5482.776059755841 0.55025575 -1.95017372 0.8805353 -6464.711189389229 -0.24196597353496765
0.0 5450.348465608218 0.66422652 0.90569674 0.32862622 -5482.534093782306 -0.24196597353496765
0.0 5163.115368144372 0.48462436 -1.18579684 0.56747832 -5450.106499634683 -0.24196597353496765
0.0 5018.232374587813 0.56490139 -1.66729795 9.4573278 -5162.873402170837 -0.24196597353496765
0.0 4783.738789843181 0.83386047 -1.75481463 9.48445866 -5017.990408614278 -0.24196597353496765
0.0 4762.702203618148 0.70600039 1.74328961 0.26307495 -4783.496823869646 -0.24196597353496765
0.0 4761.429806271353 0.73534735 0.38290945 0.14833841 -4762.460237644613 -0.24196597353496765
0.0 4632.663781316736 0.63255337 -1.30701699 0.55507909 -4761.187840297818 -0.24196597353496765
0.0 4478.9270741658 0.40537803 -1.58968506 0.64041336 -4632.421815343201 -0.24196597353496765
0.0 3942.098091112235 0.62012136 -0.77219509 0.37065971 -4478.685108192265 -0.24196597353496765
0.0 3822.7996847869545 0.80168217 -1.93707645 0.63519105 -3941.8561251387 -0.24196597353496765
0.0 3815.482285054186 0.81050627 -1.10220012 0.13144074 -3822.5577188134193 -0.24196597353496765
0.0 3638.6669268773585 0.68463191 1.11968733 0.22731268 -3815.240319080651 -0.24196597353496765
0.0 3544.2285210208684 0.82765276 0.18986148 0.06934332 -3638.4249609038234 -0.24196597353496765
0.0 3425.061610908964 0.60626671 -1.49764478 0.21063904 -3543.9865550473332 -0.24196597353496765
0.0 2995.739790024021 0.41476241 -1.51969489 0.49130246 -3424.819644935429 -0.24196597353496765
0.0 2978.905356006482 0.48081724 -0.34666557 6.20017406 -2995.497824050486 -0.24196597353496765
0.0 2731.234680855432 0.60111771 -1.10892574 0.11174545 -2978.663390032947 -0.24196597353496765
0.0 2704.593848237553 0.47244434 -1.8704279 0.53463852 -2730.992714881897 -0.24196597353496765
0.0 2669.2067509310036 0.49379266 -1.24304435 0.44516563 -2704.351882264018 -0.24196597353496765
0.0 2040.3798449502972 0.69316217 0.23941577 0.11829078 -2668.9647849574685 -0.24196597353496765
0.0 1981.2464180158165 0.81627526 -1.2788883 0.14928374 -2040.1378789767623 -0.24196597353496765
0.0 1850.485475132027 0.89008027 1.2066717 0.00666501 -1981.0044520422816 -0.24196597353496765
0.0 1833.9946398528007 0.4730216 -1.1152557 0.297012 -1850.243509158492 -0.24196597353496765
0.0 1722.3018833787826 0.68243289 -1.94647052 0.51307497 -1833.7526738792658 -0.24196597353496765
0.0 1679.079553017178 0.72150935 1.28131462 0.04478149 -1722.0599174052477 -0.24196597353496765
0.0 1625.834861436644 0.64441912 0.54094323 0.06760307 -1678.837587043643 -0.24196597353496765
0.0 1613.8600133450416 0.80420208 -1.30987122 0.17960266 -1625.592895463109 -0.24196597353496765
0.0 1512.087083020964 0.42763985 -1.60379069 0.13647148 -1613.6180473715067 -0.24196597353496765
0.0 1340.1946310491946 0.75964791 0.29304444 0.05189058 -1511.845117047429 -0.24196597353496765
2.665792463e-314 1313.6096924485353 0.63794637 0.10640301 0.08445961 -1339.9526650756598 -0.24196597353496765
1.51768574357e-313 1312.0046949179557 0.5005228 -1.86436847 0.16018061 -1313.3677264750004 -0.24196597353496765
1.1238784392584742e-298 1277.534466409841 0.60006431 -1.14294375 0.09756745 -1311.7627289444208 -0.24196597353496765
6.721990071422553e-274 1220.435035357037 0.62531715 -1.77312245 0.22006006 -1277.292500436306 -0.24196597353496765
5.2395013175539833e-253 1172.2811161668685 0.48325344 -1.97530443 0.18370485 -1220.193069383502 -0.24196597353496765
1.1177135061168035e-247 1159.9617611484316 0.80678358 -1.57360129 0.10428175 -1172.0391501933336 -0.24196597353496765
4.048840671631708e-244 1151.7183286862162 0.62331502 -1.95434008 0.23896651 -1159.7197951748967 -0.24196597353496765
5.775893694718302e-242 1146.7155396880296 0.64499108 -1.49032376 0.2022706 -1151.4763627126813 -0.24196597353496765
4.186629179211939e-214 1082.5094672904995 0.47219349 -1.15052691 0.08555173 -1146.4735737144947 -0.24196597353496765
3.0707006926998175e-211 1075.8642113225249 0.60087669 0.10823347 0.0029101 -1082.2675013169646 -0.24196597353496765
6.011254723821321e-211 1075.807670356491 0.44296586 -1.57182348 0.12649667 -1075.62224534899 -0.24196597353496765
4.345665169128391e-199 1047.7870374859956 0.76376919 0.02500845 0.00977703 -1075.565704382956 -0.24196597353496765
2.1865834885308556e-191 1030.0044051574257 0.6255976 -1.20717841 0.07831544 -1047.5450715124607 -0.24196597353496765
5.5358884346218915e-191 1029.4985878856567 0.73785405 -1.23037955 0.07858263 -1029.7624391838908 -0.24196597353496765
2.0995103151956916e-186 1018.4345511512546 0.6023904 -1.95414328 0.13274685 -1029.2566219121218 -0.24196597353496765
1.6896953061968618e-185 1016.4262593479542 0.50402067 -1.26525592 0.13138268 -1018.1925851777196 -0.24196597353496765
1.7119392637646275e-184 1014.0223760472326 0.46379264 -0.26509636 0.01855916 -1016.1842933744192 -0.24196597353496765
3.893390015507257e-184 1013.5500238777785 0.5163716 -1.9567525 0.00503809 -1013.7804100736976 -0.24196597353496765
7.136035568561642e-184 1012.7964900301484 0.58234238 -1.84609878 0.0895997 -1013.3080579042435 -0.24196597353496765
1.570921527563761e-183 1011.9212430285005 0.55956571 -1.33067832 0.05836895 -1012.5545240566134 -0.24196597353496765
5.500715614201414e-183 1010.4840303526906 6.04138222e-01 -1.27617971e+00 8.54279093e-04 -1011.6792770549655 -0.24196597353496765
8.933493493398077e-183 1010.3792963863997 0.60768047 -1.55850741 0.03630942 -1010.2420643791556 -0.24196597353496765
9.240408296790568e-183 1010.317118258932 0.60980359 -1.42774997 0.01618922 -1010.1373304128647 -0.24196597353496765
9.558410706454095e-183 1010.2156516553549 0.613301 -1.77990264 0.04092452 -1010.075152285397 -0.24196597353496765
1.6482688704827453e-182 1009.3209644945053 0.64601158 -1.35915069 0.03094556 -1009.9736856818199 -0.24196597353496765
2.5942500266817154e-182 1009.0372115762619 0.65714394 -1.99990051 0.06253361 -1009.0789985209703 -0.24196597353496765
3.2049868502508184e-182 1008.7951180429844 0.66695633 -1.27696522 0.03620667 -1008.7952456027269 -0.24196597353496765
3.949622971875312e-182 1008.5253315658955 0.67960684 -1.63062349 0.07385912 -1008.5531520694494 -0.24196597353496765
4.7316586410734255e-182 1008.3278218002705 0.69315072 -0.76925685 0.03333861 -1008.2833655923605 -0.24196597353496765
1.4022875326065877e-181 1006.787542016962 0.7615184 -1.1311619 0.00325613 -1008.0858558267355 -0.24196597353496765
2.272297223720016e-181 1006.7235367687134 0.7649854 -1.21926877 0.02191872 -1006.545576043427 -0.24196597353496765
3.643329929656488e-181 1005.9069802703051 0.81221335 -1.16123368 0.01842459 -1006.4815707951784 -0.24196597353496765
4.868909143182879e-181 1005.8838899450092 0.81363529 -1.0212696 0.03107165 -1005.6650142967701 -0.24196597353496765
5.491614961945542e-181 1005.5900674553303 0.83218172 -1.27924058 0.01696729 -1005.6419239714742 -0.24196597353496765
6.048865021514473e-181 1005.5715926678566 0.83337664 -1.30159723 0.01271011 -1005.3481014817953 -0.24196597353496765
2.631585112272473e-176 994.1582199202566 0.85667124 -0.41055644 0.01629965 -1005.3296266943216 -0.24196597353496765
6.8814434935283e-176 993.6010529266385 0.52539493 0.2396337 0.01021365 -993.9162539467216 -0.24196597353496765
4.0848501212300487e-175 991.4259384365467 0.67778629 -0.37416711 0.01927233 -993.3590869531035 -0.24196597353496765
3.0038707059950377e-170 980.0640241296677 0.7164243 -1.1801355 0.14083663 -991.1839724630117 -0.24196597353496765
7.199483015773434e-168 974.539926150599 0.63974385 0.26929047 0.01169223 -979.8220581561327 -0.24196597353496765
4.442054410831291e-161 958.8519512058882 0.63761358 0.46260394 0.05079379 -974.2979601770639 -0.24196597353496765
2.4742267321840623e-159 954.800426007965 0.72223272 -0.44996935 0.07356027 -958.6099852323532 -0.24196597353496765
1.8360650282938957e-154 943.5197799520282 0.60638693 0.32781439 0.04939476 -954.55846003443 -0.24196597353496765
6.84905934472751e-151 935.2469906227378 0.69927853 -0.33403423 0.08093358 -943.2778139784932 -0.24196597353496765
1.0617299528265407e-132 893.313040064433 0.54268614 -0.15904459 0.03912978 -935.0050246492028 -0.24196597353496765
1.3396206884422192e-126 879.2162532003312 0.58093973 -0.45084519 0.05276743 -893.071074090898 -0.24196597353496765
1.4046849550741876e-125 876.9126701445965 0.75301936 0.56871443 0.00961541 -878.9742872267962 -0.24196597353496765
2.947020979385336e-125 876.5599283741502 0.62281961 -0.54000556 0.04886673 -876.6707041710615 -0.24196597353496765
2.8135379192529197e-123 871.4259461926011 0.77122019 -0.44218728 0.03776647 -876.3179624006152 -0.24196597353496765
6.019141502779914e-123 871.1951878385333 0.80265103 0.01609948 0.03860163 -871.1839802190661 -0.24196597353496765
6.445109344117359e-123 871.1783994825272 0.57322743 -0.31086285 0.04383295 -870.9532218649983 -0.24196597353496765
3.3784290314835453e-121 866.4947645531682 0.7376521 0.30773926 0.02621069 -870.9364335089922 -0.24196597353496765
7.331802841487617e-121 866.232586892107 0.78117035 -0.23686698 0.0595657 -866.2527985796332 -0.24196597353496765
2.137146876060589e-119 862.2593886719732 0.72142983 -0.13696408 0.04486508 -865.990620918572 -0.24196597353496765
3.395645202920393e-118 859.4869886653213 0.78381872 -0.30560373 0.10278809 -862.0174226984382 -0.24196597353496765
1.330188862527622e-117 858.2719785140542 0.80079715 -0.28362497 0.04704038 -859.2450226917863 -0.24196597353496765
1.2100908252711478e-116 855.8395821096091 0.59004773 -0.2538045 0.04775322 -858.0300125405192 -0.24196597353496765
7.925430849772421e-116 853.9707231389074 0.64835931 -0.5377394 0.04914892 -855.5976161360741 -0.24196597353496765
1.0289893648730988e-114 851.2804259450821 0.64551476 -0.02197023 0.04406666 -853.7287571653724 -0.24196597353496765
3.403404061645428e-114 850.2840048836259 0.55174669 -0.37861579 0.04680413 -851.0384599715471 -0.24196597353496765
4.401706034890146e-112 845.0639956982521 0.75642732 -0.28956365 0.05701699 -850.0420389100909 -0.24196597353496765
1.173892060722638e-111 844.4676957668452 0.80236107 -0.39138897 0.04776004 -844.8220297247171 -0.24196597353496765
3.7453125235618526e-109 838.2166811542301 0.61354146 0.1060785 0.05067854 -844.2257297933102 -0.24196597353496765
1.191256740048951e-108 837.3639122636704 0.80371979 0.28137919 0.04389537 -837.9747151806951 -0.24196597353496765
2.6839523085091487e-108 836.499322363892 0.85740035 -0.44439153 0.04607473 -837.1219462901354 -0.24196597353496765
5.770513170160298e-108 835.7070439027337 0.82857517 0.476703 0.02158819 -836.257356390357 -0.24196597353496765
2.3317673660087176e-107 834.0653136240034 0.47238574 0.29197919 0.0327874 -835.4650779291987 -0.24196597353496765
1.4641053109855197e-104 827.3984104709415 0.83008564 0.16546334 0.04243435 -833.8233476504683 -0.24196597353496765
3.064177285417324e-103 824.3537423180131 0.53075662 0.4600374 0.02458114 -827.1564444974065 -0.24196597353496765
1.3067749895495572e-102 823.047811822751 0.59052413 -0.47436146 0.04655439 -824.1117763444781 -0.24196597353496765
7.02078378892012e-101 818.7894287051348 0.67037865 0.33092428 0.03373473 -822.805845849216 -0.24196597353496765
2.1431803930727048e-100 817.9782351271896 0.53430393 0.45983647 0.02576907 -818.5474627315998 -0.24196597353496765
1.4359743524060999e-99 815.7632632942585 0.73937821 -0.50732502 0.04170988 -817.7362691536546 -0.24196597353496765
3.94053032472111e-99 814.9766814576177 0.81091003 -0.48213133 0.04982442 -815.5212973207235 -0.24196597353496765
1.6318693511404186e-95 806.2240181358246 0.78804245 0.54231336 0.02259136 -814.7347154840827 -0.24196597353496765
3.219390409284878e-95 806.1546859534172 0.64771271 0.48232952 0.02665442 -805.9820521622896 -0.24196597353496765
1.587586930138871e-92 799.2470350952534 0.79433556 0.55511885 0.02309981 -805.9127199798822 -0.24196597353496765
9.586361898779826e-92 797.5705780775933 0.58341252 0.7605872 0.02363184 -799.0050691217184 -0.24196597353496765
1.4582636632247008e-90 794.6824385614781 0.89065928 0.45146537 0.03330463 -797.3286121040583 -0.24196597353496765
6.123325986392983e-90 793.3864799679903 0.53882118 0.47949619 0.03013862 -794.4404725879431 -0.24196597353496765
7.247978041586368e-88 788.3283645378141 0.62624352 0.60537232 0.02184154 -793.1445139944553 -0.24196597353496765
1.5162831544143038e-87 788.1372699828534 0.56028375 0.62241545 0.02062918 -788.0863985642791 -0.24196597353496765
8.357002048499124e-84 778.8718238489417 0.80627785 0.63240282 0.02208789 -787.8953040093184 -0.24196597353496765
2.089946054421403e-83 778.3856255577592 0.43473573 0.71334565 0.0159379 -778.6298578754067 -0.24196597353496765
5.341419086630752e-83 777.181501561561 0.61277057 0.63948812 0.02685848 -778.1436595842242 -0.24196597353496765
1.2422902304267318e-80 771.4243164824037 0.64032711 0.84813374 0.00706716 -776.939535588026 -0.24196597353496765
7.241520199676136e-80 769.7872694300203 0.58865297 0.65853093 0.02283633 -771.1823505088687 -0.24196597353496765
3.498157796143685e-78 765.6997730524926 0.69430521 0.8144626 0.01980579 -769.5453034564853 -0.24196597353496765
7.725426921770594e-78 765.393935562828 0.81823519 1.14469661 0.00303202 -765.4578070789576 -0.24196597353496765
1.3125415930818029e-77 764.6530366183905 0.75225809 0.69412779 0.02155836 -765.151969589293 -0.24196597353496765
2.0181433157970013e-77 764.3280194865255 0.61767938 0.68829981 0.02305002 -764.4110706448555 -0.24196597353496765
3.0021435156185896e-77 763.8029997067241 0.73507906 0.7461099 0.01690014 -764.0860535129905 -0.24196597353496765
4.413546098732022e-77 763.4267797039537 0.84862354 0.70738549 0.02314731 -763.5610337331891 -0.24196597353496765
7.575099737619078e-77 762.714206652501 0.73739607 0.72859328 0.018845 -763.1848137304187 -0.24196597353496765
3.402088059737815e-76 760.9177591891674 0.56185312 0.72433627 0.02217825 -762.472240678966 -0.24196597353496765
7.712476940682316e-76 760.3438465984253 0.63949489 0.72336977 0.02179667 -760.6757932156324 -0.24196597353496765
1.0808651849681788e-75 760.0811312438635 0.77910187 0.97729173 0.01198512 -760.1018806248903 -0.24196597353496765
4.2656213131298356e-72 751.1815039755492 0.7272241 0.82226188 0.01427748 -759.8391652703285 -0.24196597353496765
9.613694529912239e-72 750.8690516294627 0.57902915 0.81326352 0.01785983 -750.9395380020142 -0.24196597353496765
1.2166645359492413e-71 750.6058636473207 0.6995842 0.9156451 0.00611333 -750.6270856559277 -0.24196597353496765
1.3845418249362226e-70 747.6035218553333 0.55935175 0.84529072 0.0162804 -750.3638976737857 -0.24196597353496765
5.913648780650595e-70 746.2931597994356 0.75243665 0.84703138 0.01549046 -747.3615558817983 -0.24196597353496765
1.2856906259120176e-69 745.652075590351 0.79402094 0.85495633 0.01366501 -746.0511938259006 -0.24196597353496765
1.925851066326962e-69 745.3147194476513 0.45265377 0.86046786 0.01512609 -745.410109616816 -0.24196597353496765
6.478225764774433e-69 743.6948054374842 0.69921185 0.90941582 0.00867717 -745.0727534741163 -0.24196597353496765
1.0916150774282087e-68 743.581942515233 0.81638897 0.91986237 0.0132069 -743.4528394639492 -0.24196597353496765
1.6862651633404364e-68 742.8539823310165 0.60146021 0.93418814 0.00666161 -743.339976541698 -0.24196597353496765
2.2860225040912666e-68 742.7488727064518 0.58834754 0.92304033 0.01292142 -742.6120163574815 -0.24196597353496765
2.7278553000691083e-68 742.4261603148369 0.68171204 0.97083002 0.00353623 -742.5069067329168 -0.24196597353496765
1.527880147454412e-67 740.2134937064437 0.54418742 0.95019702 0.00607257 -742.1841943413019 -0.24196597353496765
2.8134633239055e-67 740.0780654938607 0.7228049 0.97790773 0.0102385 -739.9715277329087 -0.24196597353496765
3.307495880900766e-67 739.8062021748809 0.49123817 0.95115678 0.006128 -739.8360995203257 -0.24196597353496765
4.175524045135287e-67 739.5168289558677 0.85194198 0.91400203 0.01191671 -739.5642362013459 -0.24196597353496765
5.365072708436382e-67 739.2098823206214 0.49172667 0.94418203 0.01134543 -739.2748629823327 -0.24196597353496765
1.0880089898459093e-66 738.2181562648801 0.40596236 0.93732023 0.00825265 -738.9679163470864 -0.24196597353496765
1.5931078893308507e-66 738.1158251182823 0.71237179 0.98827931 0.00326225 -737.9761902913451 -0.24196597353496765
1.603169159395289e-66 738.105395080307 0.49394437 1.05696448 0.00613623 -737.8738591447473 -0.24196597353496765
1.863541017373494e-66 737.7488412053971 0.71323943 0.93280432 0.01089641 -737.863429106772 -0.24196597353496765
2.1866598637989902e-66 737.6584475801973 0.48818466 0.94224577 0.01083546 -737.5068752318621 -0.24196597353496765
2.4214805236671356e-66 737.4554911495833 0.79267126 0.96221592 0.01027518 -737.4164816066623 -0.24196597353496765
4.802976529705469e-66 736.4320451559214 0.46044595 0.94529728 0.01006421 -737.2135251760483 -0.24196597353496765
7.713732621006735e-66 736.1756024600653 0.47771565 0.98198278 0.00453881 -736.1900791823864 -0.24196597353496765
8.778575078550526e-66 736.0626339332847 0.82450182 0.96551589 0.00971647 -735.9336364865303 -0.24196597353496765
1.1725551690289014e-65 735.5587381513504 0.84953111 1.13625415 0.00140237 -735.8206679597497 -0.24196597353496765
1.973464343817265e-65 734.9517532231001 0.76919326 0.98269488 0.00499436 -735.3167721778154 -0.24196597353496765
2.5519860705386353e-65 734.8584435002593 0.89109451 1.01731067 0.00167317 -734.7097872495651 -0.24196597353496765
3.4166827814863803e-65 734.3359005542187 0.44996886 1.08409676 0.00417905 -734.6164775267243 -0.24196597353496765
4.767345924688654e-65 734.0478026883392 0.48042857 0.98445819 0.00526534 -734.0939345806837 -0.24196597353496765
5.298282174669025e-65 734.0068744288473 0.89702607 0.98095997 0.00569004 -733.8058367148042 -0.24196597353496765
5.800911687749396e-65 733.7812395857362 0.81170606 0.98789184 0.00503011 -733.7649084553123 -0.24196597353496765
7.108443539375897e-65 733.5085846947221 0.68087434 1.04760273 0.00588478 -733.5392736122012 -0.24196597353496765
9.041670534943632e-65 733.2067066820053 0.83377073 0.99144537 0.00495711 -733.2666187211871 -0.24196597353496765
1.0354740746042705e-64 733.1190280260233 0.46098252 0.97688884 0.00731357 -732.9647407084703 -0.24196597353496765
1.1156547578703264e-64 732.9640401990799 0.78563383 1.02324794 0.00179493 -732.8770620524883 -0.24196597353496765
1.575189674994149e-64 732.4032046140818 0.40448063 1.0351918 0.00620175 -732.7220742255449 -0.24196597353496765
1.9995915471000774e-64 732.3137026818184 0.82915037 1.00332493 0.00412779 -732.1612386405468 -0.24196597353496765
2.2583693130117336e-64 732.0744934396533 0.71033357 1.03424532 0.00615719 -732.0717367082834 -0.24196597353496765
5.043067708083602e-64 730.9142896996526 0.73263516 1.05493055 0.00498127 -731.8325274661183 -0.24196597353496765
7.825887313580702e-64 730.7831805737404 0.59375927 1.00356382 0.00551594 -730.6723237261176 -0.24196597353496765
1.514853563429827e-63 729.7481423856406 0.48600607 1.01712924 0.00545905 -730.5412146002054 -0.24196597353496765
2.55477637422956e-63 729.4117972718267 0.68684473 1.0363426 0.00209743 -729.5061764121056 -0.24196597353496765
3.023067764553887e-63 729.2895323427109 0.83931224 1.02539179 0.00357243 -729.1698312982917 -0.24196597353496765
3.327393569422373e-63 729.1253769786744 0.76450638 1.03541792 0.0050441 -729.0475663691759 -0.24196597353496765
3.7342384484383605e-63 728.9612411798624 0.69712223 1.04300544 0.00161459 -728.8834110051394 -0.24196597353496765
4.248579151281419e-63 728.7719336317567 0.66952329 1.02720702 0.00457262 -728.7192752063274 -0.24196597353496765
4.776638552042564e-63 728.6257477717189 0.79788179 1.10955167 0.00183711 -728.5299676582217 -0.24196597353496765
6.905209192596201e-63 728.0217788012413 0.54500468 1.08486147 0.00289413 -728.3837817981839 -0.24196597353496765
1.1663985332698244e-62 727.4660905243544 0.56167159 1.05214474 0.0037882 -727.7798128277063 -0.24196597353496765
1.5319870002233345e-62 727.3088589327125 0.56028735 1.04597575 0.0026536 -727.2241245508194 -0.24196597353496765
1.947188574531951e-62 726.9202190877585 0.63298328 1.06843125 0.00314096 -727.0668929591775 -0.24196597353496765
2.2779453958269435e-62 726.8608597607998 0.43711346 1.06543069 0.00319018 -726.6782531142235 -0.24196597353496765
2.2574595039179982e-62 726.8399351181178 0.59557877 1.05052138 0.00295553 -726.6188937872648 -0.24196597353496765
2.28316403884856e-62 726.7428796903877 0.67273723 1.11157135 0.00130186 -726.5979691445827 -0.24196597353496765
2.3283995434507653e-62 726.7011972533254 0.57015872 1.10399652 0.00165297 -726.5009137168527 -0.24196597353496765
2.465587469107605e-62 726.5370921881585 0.80789712 1.10309469 0.00164857 -726.4592312797904 -0.24196597353496765
2.677971132525669e-62 726.4342748092203 7.38314010e-01 1.12106433e+00 7.53405670e-04 -726.2951262146235 -0.24196597353496765
2.7130919598363027e-62 726.4109472872404 0.66124916 1.05936296 0.00153693 -726.1923088356853 -0.24196597353496765
2.9159964341515975e-62 726.2030944319157 0.49884183 1.0633962 0.00275613 -726.1689813137054 -0.24196597353496765
3.704270103623022e-62 725.8542981313257 0.41098504 1.08014145 0.00228956 -725.9611284583807 -0.24196597353496765
4.397587487833706e-62 725.7356310205249 0.84488096 1.06523386 0.00153029 -725.6123321577907 -0.24196597353496765
4.547148884290021e-62 725.6869042606739 0.85197677 1.08571805 0.00204366 -725.4936650469899 -0.24196597353496765
4.546364642538836e-62 725.6383904831199 0.71540226 1.07226839 0.00228469 -725.4449382871389 -0.24196597353496765
4.72259172147412e-62 725.5163944305567 5.32649303e-01 1.07513843e+00 1.68924488e-04 -725.3964245095849 -0.24196597353496765
4.977737339363264e-62 725.4335707591562 0.56787453 1.06835875 0.00164318 -725.2744284570217 -0.24196597353496765
4.942780863147061e-62 725.4311957375793 0.8608086 1.10132456 0.00137043 -725.1916047856212 -0.24196597353496765
4.862944354041015e-62 725.369508230844 8.12484411e-01 1.07448070e+00 4.04615763e-04 -725.1892297640443 -0.24196597353496765
4.828228685073042e-62 725.347118386784 0.71981532 1.10465775 0.00120336 -725.127542257309 -0.24196597353496765
4.656312578254952e-62 725.3443161936192 4.44482405e-01 1.11205006e+00 8.82267336e-04 -725.105152413249 -0.24196597353496765
4.5904213775757605e-62 725.27910313175 0.48379394 1.10060971 0.00134222 -725.1023502200842 -0.24196597353496765
4.579102086162238e-62 725.2508107663779 0.62419906 1.09546129 0.00152323 -725.037137158215 -0.24196597353496765
4.46737866608753e-62 725.2308247925429 0.60241665 1.07149317 0.00169158 -725.0088447928429 -0.24196597353496765
4.409755189146856e-62 725.1797479854612 8.69295387e-01 1.07702082e+00 2.35013712e-04 -724.9888588190079 -0.24196597353496765
4.342201541649196e-62 725.1635334284691 0.45165749 1.08946655 0.00167587 -724.9377820119262 -0.24196597353496765
4.64640704759469e-62 724.9572915525822 0.40467212 1.08703431 0.00162029 -724.9215674549341 -0.24196597353496765
4.991808873642067e-62 724.912432798901 6.01439587e-01 1.07990150e+00 1.01689274e-04 -724.7153255790472 -0.24196597353496765
4.967203713259254e-62 724.8695504681854 5.34195582e-01 1.11414057e+00 6.33969976e-04 -724.670466825366 -0.24196597353496765
4.8819968300557855e-62 724.849102759519 4.74275044e-01 1.10272194e+00 1.09077441e-03 -724.6275844946504 -0.24196597353496765
4.873059128840367e-62 724.7768358083157 0.70437083 1.07745595 0.00128997 -724.607136785984 -0.24196597353496765
4.963133240161889e-62 724.7145559357194 5.25995759e-01 1.11180448e+00 6.79152520e-04 -724.5348698347807 -0.24196597353496765
5.087410172116845e-62 724.6305849047093 0.51302767 1.09086717 0.00133819 -724.4725899621844 -0.24196597353496765
5.102370138817691e-62 724.6094524429826 0.69226977 1.0807562 0.00126683 -724.3886189311743 -0.24196597353496765
5.050284596709517e-62 724.5541777925281 4.12831985e-01 1.10393839e+00 9.20804095e-04 -724.3674864694476 -0.24196597353496765
5.135431030866577e-62 724.4790796281485 6.30702667e-01 1.08103893e+00 9.00263371e-04 -724.3122118189931 -0.24196597353496765
5.7718856444701e-62 724.2362261281995 6.00391079e-01 1.08752388e+00 1.01320667e-03 -724.2371136546135 -0.24196597353496765
6.251708515699187e-62 724.2072883562831 7.93100389e-01 1.09955356e+00 8.84703715e-04 -723.9942601546645 -0.24196597353496765
6.274502215384633e-62 724.132553720632 4.97599446e-01 1.11027874e+00 5.07478178e-04 -723.9653223827481 -0.24196597353496765
6.27297310532216e-62 724.108938911715 8.87837069e-01 1.08638055e+00 2.38351545e-04 -723.890587747097 -0.24196597353496765
6.1770390509117976e-62 724.0661151798157 4.92050986e-01 1.08655973e+00 4.44889211e-04 -723.86697293818 -0.24196597353496765
6.071253747566692e-62 724.0455536560802 7.66552869e-01 1.08697564e+00 5.54445878e-04 -723.8241492062807 -0.24196597353496765
5.8538888396121705e-62 724.0413514392166 7.09987431e-01 1.08703964e+00 5.53397402e-04 -723.8035876825452 -0.24196597353496765
5.935757952313363e-62 723.9236530827073 7.18073542e-01 1.09185822e+00 7.31204151e-04 -723.7993854656816 -0.24196597353496765
6.157303496470858e-62 723.8678012208728 4.76040661e-01 1.09719909e+00 7.01029633e-04 -723.6816871091723 -0.24196597353496765
6.123207631812459e-62 723.8366414325027 5.59199837e-01 1.09922146e+00 6.53485965e-04 -723.6258352473378 -0.24196597353496765
5.949333015659925e-62 723.8276124836592 5.59331786e-01 1.09556082e+00 6.72026856e-04 -723.5946754589677 -0.24196597353496765
5.741075376856777e-62 723.8103801103024 5.98780778e-01 1.09654751e+00 6.56065072e-04 -723.5856465101242 -0.24196597353496765
5.57633070977971e-62 723.7883107976703 5.14298883e-01 1.10604948e+00 4.74867091e-04 -723.5684141367674 -0.24196597353496765
5.3856838498477715e-62 723.782260546246 6.17681250e-01 1.10513583e+00 4.95729219e-04 -723.5463448241353 -0.24196597353496765
5.160891903740971e-62 723.7760008739023 6.52998479e-01 1.09777314e+00 6.21101568e-04 -723.540294572711 -0.24196597353496765
4.996116593679502e-62 723.7497397975711 5.23257434e-01 1.09890064e+00 5.90843135e-04 -723.5340349003673 -0.24196597353496765
4.83387045304638e-62 723.7442824782519 5.79904587e-01 1.09097334e+00 2.07265999e-04 -723.5077738240361 -0.24196597353496765
4.635657456285228e-62 723.735908450344 8.54407573e-01 1.09269345e+00 4.85476737e-04 -723.5023165047169 -0.24196597353496765
4.444175631243492e-62 723.7310577870993 6.85319999e-01 1.11587578e+00 1.25484846e-04 -723.493942476809 -0.24196597353496765
4.278094702929914e-62 723.7145635427622 7.96502062e-01 1.11123788e+00 2.79623010e-04 -723.4890918135643 -0.24196597353496765
4.136483951616699e-62 723.7007801549224 8.54483724e-01 1.09330463e+00 4.61411657e-04 -723.4725975692272 -0.24196597353496765
4.161298389160649e-62 723.6071639226465 8.47081550e-01 1.10974187e+00 2.70325651e-04 -723.4588141813874 -0.24196597353496765
4.16450290296522e-62 723.5994848103909 8.91003792e-01 1.09468529e+00 3.67013642e-04 -723.3651979491115 -0.24196597353496765
4.023852818693966e-62 723.5783941762237 8.64820324e-01 1.11159218e+00 1.99214707e-04 -723.3575188368559 -0.24196597353496765
3.926159133729678e-62 723.5511354895024 8.45765575e-01 1.10718777e+00 3.06711159e-04 -723.3364282026887 -0.24196597353496765
3.802442629250095e-62 723.5446744726686 7.52811827e-01 1.09698762e+00 3.79500985e-04 -723.3091695159674 -0.24196597353496765
3.6530280453766404e-62 723.5337490306882 4.27530793e-01 1.09412894e+00 1.31445969e-04 -723.3027084991336 -0.24196597353496765
3.5062624922554647e-62 723.5290812940983 6.46283167e-01 1.09915395e+00 3.92874561e-04 -723.2917830571532 -0.24196597353496765
3.348017411246125e-62 723.5285279320268 4.20506223e-01 1.11328950e+00 1.19888368e-04 -723.2871153205633 -0.24196597353496765
3.195456570247991e-62 723.5247811468033 4.93267378e-01 1.09782253e+00 3.73164836e-04 -723.2865619584918 -0.24196597353496765
3.0852046415380823e-62 723.5013058425574 5.70845285e-01 1.09576153e+00 2.57022040e-04 -723.2828151732683 -0.24196597353496765
2.9880053345306107e-62 723.4911128969578 5.99187529e-01 1.09673262e+00 2.95490335e-04 -723.2593398690224 -0.24196597353496765
2.8680925489435003e-62 723.4856247918395 7.98290800e-01 1.09537800e+00 1.86489877e-04 -723.2491469234228 -0.24196597353496765
2.7482239205782047e-62 723.478920945683 4.29215842e-01 1.10956621e+00 2.03307777e-04 -723.2436588183045 -0.24196597353496765
2.646601542878826e-62 723.4634500162391 7.37115371e-01 1.10238125e+00 3.27218294e-04 -723.2369549721479 -0.24196597353496765
2.5449209539248367e-62 723.4596379937319 4.57746382e-01 1.09899806e+00 3.16887586e-04 -723.2214840427041 -0.24196597353496765
2.4389073669027245e-62 723.4509836824326 8.03782159e-01 1.10978959e+00 1.81121440e-04 -723.2176720201969 -0.24196597353496765
2.3411642558969254e-62 723.4438552202372 5.77646602e-01 1.10714972e+00 2.39969681e-04 -723.2090177088976 -0.24196597353496765
2.240557773525552e-62 723.4412393809943 8.22340957e-01 1.10509043e+00 2.76962282e-04 -723.2018892467022 -0.24196597353496765
2.146296574749465e-62 723.4322553740529 4.74744757e-01 1.10129615e+00 3.04181748e-04 -723.1992734074593 -0.24196597353496765
2.0818995573567277e-62 723.4047541634826 6.84138929e-01 1.09602290e+00 3.72464878e-05 -723.1902894005179 -0.24196597353496765
2.011780878120669e-62 723.4030075089721 8.65337863e-01 1.09925860e+00 2.54443197e-04 -723.1627881899476 -0.24196597353496765
1.9188574829593218e-62 723.4017542468099 6.45752664e-01 1.09691760e+00 1.46523350e-04 -723.1610415354371 -0.24196597353496765
1.8392469468758501e-62 723.3902075754194 5.62328360e-01 1.10068676e+00 2.60145556e-04 -723.1597882732749 -0.24196597353496765
1.7797316845202279e-62 723.3700295852212 7.75245255e-01 1.10583806e+00 2.13434369e-04 -723.1482416018844 -0.24196597353496765
1.7136326666608832e-62 723.3682205395488 6.20556471e-01 1.10672535e+00 1.97290425e-04 -723.1280636116862 -0.24196597353496765
1.6337907794523388e-62 723.3678735436587 4.26197547e-01 1.11360232e+00 2.64927753e-05 -723.1262545660138 -0.24196597353496765
1.5587192041229061e-62 723.3647196383862 6.21895357e-01 1.09891148e+00 1.94356461e-04 -723.1259075701237 -0.24196597353496765
1.4872609034612445e-62 723.3641475157527 4.55542339e-01 1.09702428e+00 6.88635621e-05 -723.1227536648512 -0.24196597353496765
1.4289840445676942e-62 723.3471561537771 6.47800684e-01 1.10202516e+00 2.23567649e-04 -723.1221815422177 -0.24196597353496765
1.3726023257281939e-62 723.3470055924444 8.36967321e-01 1.09936788e+00 1.84683962e-04 -723.1051901802421 -0.24196597353496765
1.3122427376078572e-62 723.3395313041 6.29148815e-01 1.11157480e+00 6.86725005e-05 -723.1050396189094 -0.24196597353496765
1.2576853299037133e-62 723.3343474061875 4.06028985e-01 1.11237534e+00 4.37466843e-05 -723.097565330565 -0.24196597353496765
1.2222893224819778e-62 723.2993453236012 5.51988439e-01 1.10158926e+00 1.71161186e-04 -723.0923814326525 -0.24196597353496765
1.1903281561116736e-62 723.2894782738475 6.46952192e-01 1.11116438e+00 4.96544151e-05 -723.0573793500662 -0.24196597353496765
1.139239846265955e-62 723.289476239839 8.07267772e-01 1.10580935e+00 1.52906676e-04 -723.0475123003125 -0.24196597353496765
1.0897203478443241e-62 723.2807970510511 6.40520387e-01 1.09882585e+00 5.14442351e-05 -723.047510266304 -0.24196597353496765
1.0425089563331018e-62 723.2804587797908 5.86808625e-01 1.11273927e+00 2.90457634e-06 -723.0388310775161 -0.24196597353496765
9.94955277241173e-63 723.2765959368734 4.43079216e-01 1.10037449e+00 1.19354334e-04 -723.0384928062558 -0.24196597353496765
9.499612351635511e-63 723.2754282818822 5.48443373e-01 1.10081279e+00 1.29671410e-04 -723.0346299633384 -0.24196597353496765
9.053810893607995e-63 723.2751457484154 5.07814774e-01 1.10446309e+00 1.53076033e-04 -723.0334623083472 -0.24196597353496765
8.636112812040433e-63 723.2723163084773 4.27190983e-01 1.10194774e+00 1.45466590e-04 -723.0331797748804 -0.24196597353496765
8.242726830449361e-63 723.2708067090897 4.18688736e-01 1.10524862e+00 1.43724105e-04 -723.0303503349423 -0.24196597353496765
7.8721535790453e-63 723.2667386399297 7.59178493e-01 1.10807020e+00 1.02075112e-04 -723.0288407355547 -0.24196597353496765
7.536970369653358e-63 723.2602555023221 4.18654155e-01 1.09911192e+00 3.21529986e-05 -723.0247726663947 -0.24196597353496765
7.210579489262811e-63 723.2576913924603 8.07493553e-01 1.11044120e+00 4.73439214e-05 -723.0182895287871 -0.24196597353496765
6.903758654721452e-63 723.2496563212661 7.09382774e-01 1.11088559e+00 3.19199736e-05 -723.0157254189253 -0.24196597353496765
6.635464351750745e-63 723.239395933011 7.68627647e-01 1.10720943e+00 9.60962139e-05 -723.0076903477311 -0.24196597353496765
6.362517966498588e-63 723.2360613437085 6.57120511e-01 1.10798535e+00 8.16658392e-05 -722.997429959476 -0.24196597353496765
6.095813289261807e-63 723.227475287178 6.97037037e-01 1.10560928e+00 1.04619955e-04 -722.9940953701735 -0.24196597353496765
5.838876625398349e-63 723.2245922030596 6.89704691e-01 1.10604930e+00 9.84147330e-05 -722.985509313643 -0.24196597353496765
5.578370822450699e-63 723.2211790995387 4.41008418e-01 1.10432447e+00 1.04913434e-04 -722.9826262295246 -0.24196597353496765
5.322060683597845e-63 723.2210813479213 5.25046316e-01 1.10869306e+00 5.88070621e-05 -722.9792131260037 -0.24196597353496765
5.070394397666021e-63 723.2204827980785 6.62184809e-01 1.10556868e+00 9.90177801e-05 -722.9791153743863 -0.24196597353496765
4.84397277906324e-63 723.2148755879788 7.81655130e-01 1.10342654e+00 9.68158742e-05 -722.9785168245435 -0.24196597353496765
4.6410933811594245e-63 723.2084753008274 4.13993365e-01 1.10776207e+00 6.48854113e-05 -722.9729096144438 -0.24196597353496765
4.4343845941676915e-63 723.2084072919278 7.21415440e-01 1.10772640e+00 6.53582089e-05 -722.9665093272924 -0.24196597353496765
4.229765640170325e-63 723.2053817750601 6.30210131e-01 1.10322081e+00 8.55002246e-05 -722.9664413183928 -0.24196597353496765
4.035639879983978e-63 723.2047881947545 8.14837087e-01 1.10510820e+00 8.79577241e-05 -722.9634158015251 -0.24196597353496765
3.8639853564240824e-63 723.1947579996375 8.14153584e-01 1.10392026e+00 7.87620658e-05 -722.9628222212195 -0.24196597353496765
3.699202408086931e-63 723.1943465487747 8.94870380e-01 1.10573009e+00 7.55591627e-05 -722.9527920261025 -0.24196597353496765
3.523987522550646e-63 723.194225759962 5.20560791e-01 1.10770996e+00 5.49049814e-05 -722.9523805752397 -0.24196597353496765
3.3577530308783353e-63 723.1934086994914 4.28188759e-01 1.10156337e+00 4.17793114e-05 -722.952259786427 -0.24196597353496765
3.201026617769344e-63 723.192246468523 5.15530724e-01 1.11065279e+00 4.12097223e-07 -722.9514427259564 -0.24196597353496765
3.050961780933851e-63 723.1918574662594 8.13094039e-01 1.10935485e+00 2.62787499e-05 -722.950280494988 -0.24196597353496765
2.906258114937703e-63 723.1918470950512 5.86343149e-01 1.10831211e+00 4.41853582e-05 -722.9498914927244 -0.24196597353496765
2.7709781796887777e-63 723.1896103711514 4.96274061e-01 1.10493195e+00 7.47080511e-05 -722.9498811215162 -0.24196597353496765
2.643421189305426e-63 723.1885186301259 4.47395884e-01 1.10742623e+00 5.43232040e-05 -722.9476443976164 -0.24196597353496765
2.532674563500432e-63 723.177655445197 5.98707777e-01 1.10450552e+00 6.34898899e-05 -722.9465526565909 -0.24196597353496765
2.4261268399815444e-63 723.1768685372261 7.71713904e-01 1.10762473e+00 4.27565375e-05 -722.935689471662 -0.24196597353496765
2.3115986160176163e-63 723.1767884956388 6.43032150e-01 1.10562177e+00 6.08138820e-05 -722.9349025636911 -0.24196597353496765
2.2069986031674964e-63 723.1719058321504 7.18146164e-01 1.10390698e+00 5.53662806e-05 -722.9348225221038 -0.24196597353496765
2.1114465460921315e-63 723.1677270026593 8.92444490e-01 1.10535224e+00 5.36476917e-05 -722.9299398586154 -0.24196597353496765
2.0155994882590225e-63 723.1672344298748 8.72458421e-01 1.10370511e+00 4.89352266e-05 -722.9257610291243 -0.24196597353496765
1.9245252819297764e-63 723.1626265885023 5.17561332e-01 1.10868010e+00 1.69163984e-05 -722.9252684563398 -0.24196597353496765
1.8373548291414138e-63 723.1623535843281 4.81460361e-01 1.10915363e+00 8.99113563e-06 -722.9206606149673 -0.24196597353496765
1.7527748607466303e-63 723.1593021245388 4.94194193e-01 1.10341296e+00 3.72350874e-05 -722.9203876107931 -0.24196597353496765
1.675895069842097e-63 723.154482284346 5.80190485e-01 1.10812828e+00 1.88693799e-05 -722.9173361510038 -0.24196597353496765
1.6801710372850875e-63 723.1541999296932 6.70592269e-01 1.10725779e+00 2.91405632e-05 -722.912516310811 -0.24196597353496765
1.6808837651592923e-63 723.153634125152 8.78514831e-01 1.10849686e+00 1.30138624e-05 -722.9122339561582 -0.24196597353496765
1.685220144735755e-63 723.1490521000413 4.97093139e-01 1.10310282e+00 2.09265093e-05 -722.911668151617 -0.24196597353496765
1.6922390181970648e-63 723.1453197391419 6.46733663e-01 1.10746003e+00 1.98397144e-05 -722.9070861265063 -0.24196597353496765
1.6973016714649342e-63 723.143075430551 4.71080204e-01 1.10406333e+00 2.61787074e-05 -722.9033537656069 -0.24196597353496765
1.7002938995216868e-63 723.1417961286096 6.76369183e-01 1.10858580e+00 2.81983439e-06 -722.901109457016 -0.24196597353496765
1.7032483469855394e-63 723.1396040187864 7.16840250e-01 1.10494389e+00 2.71560876e-05 -722.8998301550746 -0.24196597353496765
1.708111014954136e-63 723.1360962630896 4.11992320e-01 1.10479679e+00 2.32687410e-05 -722.8976380452514 -0.24196597353496765
1.713719611477364e-63 723.1330470086722 5.76337013e-01 1.10680116e+00 1.57132503e-05 -722.8941302895546 -0.24196597353496765
1.7172356265520098e-63 723.1319950462965 4.06909041e-01 1.10553402e+00 2.02098169e-05 -722.8910810351372 -0.24196597353496765
1.7208795670798101e-63 723.1288098038821 4.13558007e-01 1.10618045e+00 1.56333874e-05 -722.8900290727615 -0.24196597353496765
1.7246189881274724e-63 723.1276516185789 4.43533939e-01 1.10507412e+00 1.57027975e-05 -722.8868438303471 -0.24196597353496765
1.7273993262426587e-63 723.1255888359336 8.71189981e-01 1.10725499e+00 5.74725391e-06 -722.8856856450438 -0.24196597353496765
1.7318835231102804e-63 723.122467869678 7.40338415e-01 1.10742198e+00 1.63923086e-06 -722.8836228623986 -0.24196597353496765
1.7374980115586396e-63 723.1191160173802 6.87802197e-01 1.10455708e+00 4.63116454e-06 -722.880501896143 -0.24196597353496765
1.7420331132065137e-63 723.1172524632601 5.02061344e-01 1.10430771e+00 6.08343654e-07 -722.8771500438452 -0.24196597353496765
1.7444312338272303e-63 723.1163639964251 5.94535144e-01 1.10583271e+00 5.23350030e-06 -722.8752864897251 -0.24196597353496765
1.745771843436132e-63 723.1157159449248 8.90170452e-01 1.10558061e+00 4.77156694e-06 -722.8743980228901 -0.24196597353496765
1.7465793525998773e-63 723.1154390217451 8.18692093e-01 1.10590698e+00 4.25778161e-06 -722.8737499713898 -0.24196597353496765
