0.0 1041036.7893712424 0.13293395 0.02071071 0.41139041 0.4027115 -88.6068901587369 -1215.6034308289106 -349.22027096031206 -1039290.7599749432 -92.59880435117141 0.0
0.0 658167.5150766113 0.21107809 0.02143966 0.41171734 0.38835956 -88.6068901587369 -1215.6034308289106 -349.22027096031206 -1039290.7599749432 -92.59880435117141 0.0
0.0 263636.4812112968 0.13239484 0.02092805 0.57975869 0.21972937 -69.94703493667807 -1006.8158019422334 -191.64428104777622 -656806.6944374115 -92.4135212731794 0.0
0.0 242412.12067613975 0.23611314 0.0248989 0.52486444 0.16468967 -40.60703302539649 -936.993572798289 -170.836832453465 -262466.3073913104 -21.73638170923608 0.0
0.0 231307.44313994003 0.46024645 0.02037756 0.80468707 0.36400205 -33.11216115046691 -768.4295709967173 -62.72950925190398 -241508.41647744464 -39.43295729603867 0.0
0.0 165912.94401877036 0.49367294 0.02318234 0.73270867 0.52342943 -64.68172774102284 -726.9873600151296 -77.48093968185015 -230434.43272598632 -3.8603865157053905 0.0
0.0 160598.72372950628 0.34275004 0.02209061 0.46424472 0.35703127 -54.131382049144754 -811.4886772677643 -64.64596655998471 -164982.65368892704 -0.024303966437683924 0.0
0.0 160023.8583789658 0.27357029 0.0210586 0.8473335 0.81143386 -30.725027307212336 -795.180768605338 -51.43816724910849 -159656.32598811312 -65.05377823148085 0.0
0.0 142981.92624057835 0.28323236 0.02071681 0.52168043 0.00830832 -101.26387416700857 -3154.447072540011 -212.04158806539124 -156545.7292699148 -10.37657427857006 0.0
0.0 90051.02531471339 0.26163473 0.02226655 0.57046497 0.06902334 -30.136807008019115 -706.2091950625055 -42.686791083032084 -142162.27351886174 -40.61992856307138 0.0
0.0 66661.59939513112 0.47181245 0.02466118 0.71923052 0.18505265 -21.02566295047556 -721.5572898154446 -26.28881065095282 -89257.7889786844 -24.364572612123354 0.0
0.0 37840.176976859526 0.28902661 0.02387675 0.58595999 0.31405951 -25.07137291231088 -704.0308875194862 -38.64475460679542 -65893.54656998908 -0.30581010345036475 0.0
0.0 20184.886261351287 0.36456769 0.0212563 0.64018556 0.57867402 -13.333995115256165 -811.9020893022499 -24.941720012935065 -36969.93305754659 -20.066114882491302 0.0
0.0 16319.641323336233 0.15939955 0.02435682 0.82940351 0.8632172 -13.672229553162056 -1092.0454403483488 -43.994300590129825 -19026.869025869204 -8.305264990443044 0.0
0.0 14536.163335972999 0.11781357 0.02148928 0.76752146 0.87840425 -88.96432396444483 -5228.597473615451 -343.22435222251926 -10651.602914462517 -7.252259071300784 0.0
0.0 11707.423285301253 0.32527488 0.02359683 0.67250943 0.55018733 -76.55762278827116 -6163.307982188389 -454.97104303480455 -7840.5701633171575 -0.756524644376212 0.0
0.0 10837.996216411984 0.22480934 0.02498598 0.81737146 0.18535433 -15.444043439787448 -1098.4953944043802 -50.24197853239846 -10539.518766373045 -3.723102551641071 0.0
0.0 10581.27605663788 0.46320977 0.02277145 0.52050843 0.88791605 -17.36153901010184 -787.7781131274579 -59.07308608484834 -9968.314877546123 -5.468600643453387 0.0
0.0 10509.92735711028 0.12971049 0.02001382 0.76187479 0.48336703 -20.589904763962885 -3671.454514059497 -87.85163642399698 -6760.318730408983 -41.06127098143969 0.0
0.0 9312.663435073384 0.22008447 0.02069963 0.73065189 0.57966358 -30.72369134781434 -1430.0762255797072 -254.0111737073937 -8794.621469895961 -0.49479657940301097 0.0
0.0 5419.921006012269 0.16047118 0.02250304 0.74067201 0.71674969 -24.488102996144033 -1464.213707216605 -133.3002886615985 -7690.614465801336 -0.046870397700836515 0.0
0.0 5230.5332290751685 0.25696054 0.02302094 0.62674998 0.73175508 -41.560637437409476 -2604.51496294154 -262.73062293988147 -2511.108585113141 -0.0061975802967546584 0.0
0.0 4604.133179622959 0.34865083 0.02481005 0.57120451 0.70145632 -22.820561531566327 -2241.126115848823 -129.36922386613844 -2826.4737810496085 -10.743546779032663 0.0
0.0 4264.878848400057 0.43515418 0.02152031 0.50603442 0.8640438 -13.982608940351042 -1639.59830373716 -60.116715684954094 -2866.285607639251 -24.14994362124248 0.0
0.0 3694.949004722256 0.13120176 0.02408535 0.84237096 0.66361277 -17.313793315991663 -3209.8670558714753 -81.70463354480947 -909.2850054955236 -46.708360172257066 0.0
0.0 3519.0129361194513 0.20579185 0.02044513 0.73604346 0.41067031 -57.35266712446046 -2309.447646672593 -321.1135370895253 -997.579166856433 -9.45598697924468 0.0
0.0 3418.800137261024 0.16139665 0.02353357 0.77773367 0.68965199 -17.388163966723425 -1051.7411111342417 -104.89925688422251 -2344.9810811767597 -0.0033229575037086174 0.0
0.0 3211.3930272100542 0.47687285 0.02165094 0.54446559 0.20640867 -44.54287963522448 -2353.203139445804 -254.20923324782507 -765.4744293465152 -1.3704555856554002 0.0
0.0 3054.4842223710557 0.30742335 0.02347633 0.60592579 0.78655143 -9.364863392339911 -703.5714563907144 -37.54492390546802 -2428.398269273579 -32.51351424795315 0.0
0.0 2901.014018847612 0.24360233 0.02190638 0.65652136 0.5793743 -22.35712658297788 -2588.1983439564847 -111.75445561607191 -317.03228439558234 -15.142011819939171 0.0
0.0 2776.4126831888475 0.11720277 0.02279088 0.86813131 0.3606086 -17.427604879909676 -1390.3882601075093 -97.04467403458824 -1390.3906599423808 -5.762819883223857 0.0
0.0 2540.4830620623775 0.37350298 0.02025924 0.58634256 0.20673318 -35.48288954357809 -1169.4040769102887 -266.4815611492885 -1290.3443651199145 -14.699790465777626 0.0
0.0 2534.317907287018 0.14628102 0.02460544 0.82375583 0.3555664 -8.828033513461563 -713.5458607960744 -13.413122814114969 -1784.7307847995485 -19.965260139177968 0.0
0.0 2379.534161637353 0.18036098 0.02014625 0.75839797 0.30877694 -26.780605225614263 -1087.0431697021127 -183.5573588079278 -1230.5530384617746 -6.383735089588844 0.0
0.0 2340.661072723941 0.33222599 0.02392656 0.65704964 0.37831836 -17.036591320252374 -950.8310635543771 -115.05125749326777 -1296.2540710834846 -0.3611781859711648 0.0
0.0 2088.253836818538 0.25950928 0.02348495 0.67663768 0.35578771 -9.135596743118127 -821.8894684560139 -21.13961176020669 -1482.8080620121186 -5.688333752483876 0.0
0.0 2070.2615071979426 0.30437349 0.02307846 0.62012383 0.68076236 -10.92072016377161 -884.3709761298301 -42.37909383202348 -1147.3145269976758 -3.2685196952370763 0.0
0.0 1845.2169682147114 0.40151205 0.02494437 0.56463478 0.60216193 -16.85024598786318 -1667.2097786053084 -80.35368673614678 -293.7863441612734 -12.061451707351031 0.0
0.0 1831.8908437141984 0.47073757 0.02219317 0.56681813 0.35878138 -9.382813290290935 -1082.2143341472458 -25.06931932959465 -702.4606577636062 -26.089843683973847 0.0
0.0 1703.083878848269 0.45102736 0.02456757 0.57039763 0.32201714 -7.215298622434271 -721.6165182484553 -16.763374640584765 -1060.8588169892994 -25.436835213424498 0.0
0.0 1699.6770530698473 0.28514973 0.02163789 0.6337669 0.54921514 -7.305572296496576 -717.5301786434482 -17.664193717899654 -936.1997709392531 -24.384163251171568 0.0
0.0 1586.347435701882 0.32202883 0.02490778 0.69116728 0.14133729 -13.250437903670445 -1183.5794094206153 -60.63602682686405 -432.7801544999648 -9.43102441873259 0.0
0.0 1545.546465899389 0.28587613 0.02009 0.64868455 0.22639945 -7.89152836275513 -715.390192622711 -12.345046968715671 -848.8167584948328 -1.903909252867332 0.0
0.0 1398.774087733701 0.24265959 0.02239785 0.70849455 0.34841106 -8.87422081079976 -760.7666611660578 -19.195379741730058 -749.7855079929724 -6.924696187828938 0.0
0.0 1346.780684385126 0.42647901 0.02162414 0.55510445 0.53392528 -12.318790795719885 -899.4203335254108 -56.061271578774054 -430.21798729487057 -0.755704538925826 0.0
0.0 1332.1634834886127 0.42102772 0.02079298 0.59625043 0.18933348 -7.986934738898622 -898.8676431608133 -15.836421145251858 -395.05254915063045 -29.03713618953174 0.0
0.0 1233.0099384714667 0.29974501 0.02000221 0.65656223 0.1665689 -7.539896899695891 -703.6627492015965 -20.414392924044233 -583.1046550476341 -17.4417894156418 0.0
0.0 1204.8115351537247 0.36022054 0.02441339 0.63743406 0.18522526 -7.956486229967265 -729.9864989044557 -14.37039804751078 -474.9395147187954 -5.75704057073747 0.0
0.0 1148.6179617774646 0.48913868 0.02063305 0.52141826 0.41928454 -7.204663920343628 -712.9694964010986 -12.277260963011015 -463.5810275143723 -8.779086354899174 0.0
0.0 1148.1991994938953 0.3412174 0.02062947 0.6087633 0.33895752 -8.177074858406295 -737.3022684344407 -15.85651525762906 -346.5636567544253 -40.718446472563386 0.0
0.0 1128.1064988994226 0.43842197 0.0236308 0.61476099 0.06361635 -8.251280309104141 -783.3425329375716 -14.704490333943745 -327.40252452730385 -14.498371385971927 0.0
0.0 1067.2836663109333 0.46221498 0.02423228 0.58566098 0.25028405 -8.1466200827943 -708.8536461440578 -38.63873222046694 -359.2835996440905 -13.183900808013098 0.0
0.0 1062.4462237296405 0.45699653 0.02324754 0.6000599 0.09796951 -7.509583800291395 -704.4961046613024 -24.517540358154132 -310.6153184159874 -20.14511907519795 0.0
0.0 1051.7442586845264 0.31956319 0.02417819 0.64516564 0.43438207 -8.247992474274424 -708.70615067744 -40.79384552738021 -288.18133374450815 -16.516901306037933 0.0
0.0 1022.1117881166203 0.4506928 0.02224567 0.59988535 0.08751924 -9.713887600041005 -897.4083327362931 -27.885877263359056 -109.25506804007475 -7.481093044758571 0.0
0.0 999.83032096572 0.47368169 0.02348297 0.5796156 0.18614252 -8.252899992413962 -708.6420966404197 -39.49327482267336 -249.1647879990523 -16.55872866206091 0.0
0.0 980.9256372788578 0.49058717 0.022939 0.5386577 0.39736832 -8.00354338133733 -704.1110117856446 -35.33948810767497 -230.6005677480827 -21.775709942980544 0.0
0.0 972.823308709547 0.23350636 0.02252 0.72703237 0.17325548 -7.461654663225566 -727.53770271557 -17.46500103020064 -193.9670482488047 -34.494230621056964 0.0
0.0 883.3033237193641 0.2641773 0.0226216 0.71055604 0.1261558 -10.086743115606454 -774.0692104804646 -38.8925652581416 -149.6703724425641 -0.1044174127702489 0.0
0.0 869.1581327391564 0.41145311 0.0229019 0.61822549 0.0964666 -8.419596677327146 -735.0507504594824 -21.12018007131259 -118.05900247244529 -0.6537940387967566 0.0
0.0 858.0575764320098 0.35431021 0.02344484 0.62091727 0.37113929 -7.656112934474339 -703.0012339372289 -26.476358928933575 -119.57135949175483 -12.45306744676472 0.0
0.0 850.1215504395783 0.42562392 0.02333393 0.58803436 0.33085464 -7.88281597394137 -795.4561546018866 -14.709808749110929 -28.10917326010875 -11.899623846962198 0.0
0.0 843.2205316660301 0.40609644 0.02312721 0.6161618 0.13585907 -7.161596874171834 -729.029868692752 -13.465347196006203 -80.94243367056652 -19.52230400608188 0.0
0.0 838.0412635921346 0.34902531 0.02374848 0.65163023 0.13635502 -7.46355901392131 -702.371028632791 -21.894272392213722 -98.60577987495147 -12.885891752152569 0.0
0.0 830.6484196336423 0.48616731 0.02232694 0.5490798 0.3665532 -7.208531435271954 -707.97463513278 -12.431257868124757 -103.9513729833866 -6.47546617257124 0.0
0.0 821.3317920571359 0.44582414 0.02323219 0.57973905 0.29570108 -7.384355237138051 -719.0380727007434 -18.614082998758324 -54.630274851233025 -30.981633845769498 0.0
0.0 820.9556272830117 0.43630289 0.02257097 0.56890167 0.39566133 -7.278939406666294 -712.9504588594004 -17.774586235763397 -61.586028631723714 -21.74177892358201 0.0
0.0 819.1511758988512 0.42462372 0.02292046 0.60055379 0.18078671 -7.243690852542746 -752.8560253769084 -12.409444295437483 -23.625072245965786 -24.821394512157216 0.0
0.0 815.2167507826298 0.49162063 0.02247242 0.53347419 0.45228353 -7.499453106276988 -703.0614029726007 -22.54636595969548 -69.64511707435506 -16.398836785922978 0.0
0.0 809.7886877287125 0.39904751 0.0234392 0.60485698 0.28422528 -7.321697635216247 -753.7172704020456 -14.092274433163102 -3.7740449218475893 -36.311463390357304 0.0
0.0 808.1860829619839 0.370255 0.02340379 0.62755509 0.24414292 -7.181252370578646 -724.1950441935778 -12.777424479673387 -50.24688996135708 -15.388076723525604 0.0
0.0 804.8351700983619 0.39629377 0.02322057 0.60760844 0.27920943 -7.219354591046009 -723.2753186588678 -11.856865759601 -55.24593538563505 -10.588608566833939 0.0
0.0 799.340754111409 0.35422264 0.02338083 0.63323603 0.27087806 -7.179142094632016 -723.7237564105121 -12.692010639751944 -46.481617145142465 -14.758643808323436 0.0
0.0 796.7594534431687 0.35247526 0.02296811 0.63218146 0.27197086 -7.391703232704053 -739.2461557542383 -11.79483057305968 -31.380729503656525 -9.527335047750377 0.0
0.0 795.9005887328498 0.44982294 0.02303645 0.57086077 0.33315845 -7.410476591055386 -740.5833155936341 -11.920037227884354 -27.125517539394103 -9.720106491200807 0.0
0.0 793.0163261478255 0.39112904 0.02251607 0.59681535 0.34148366 -7.258131342738836 -720.9093237314459 -16.04128215380282 -27.44226625827571 -24.24958524658659 0.0
0.0 791.3261942677868 0.2589794 0.02287045 0.71545588 0.08538489 -7.343035337380893 -750.5278733848504 -11.708338590873684 -6.134035565084513 -17.303043269635833 0.0
0.0 787.9670660813968 0.28347396 0.02354973 0.69692043 0.12215463 -8.279980839258547 -726.2590536842779 -19.771080510896937 -36.574900788217526 -0.44117844513601184 0.0
0.0 782.1192976834327 0.36534297 0.02245359 0.62562986 0.23204551 -7.887423202784887 -724.940654879045 -15.144735281657777 -38.52938191620947 -1.4648708016995635 0.0
0.0 781.8138333840736 0.40373373 0.02278172 0.59667382 0.30898098 -7.249442737565609 -721.7813594418013 -11.817264622165478 -30.310250944696723 -10.960979937203652 0.0
0.0 779.6633940063198 0.29784395 0.02329737 0.68402594 0.15101352 -7.211382809416267 -730.3991159253784 -12.477592504154654 -14.387991566067287 -17.337750579056955 0.0
0.0 778.3609884367357 0.27877611 0.02334335 0.7081568 0.01720184 -7.733004559797167 -726.4076434755615 -13.946449889916394 -29.04747715642354 -2.528818924621149 0.0
0.0 776.8967879993887 0.3181452 0.022962 0.65796967 0.21045885 -7.555613975425144 -707.8521587410212 -12.700818457545866 -49.47929245447666 -0.773104808266862 0.0
0.0 774.4317031070158 0.29045538 0.02316805 0.70299944 0.02258392 -7.61403191981385 -735.190197862054 -12.940602398625632 -15.592187640081946 -5.55976817881326 0.0
0.0 771.4996911065994 0.33548463 0.02233927 0.64106347 0.2249173 -7.441779100671757 -706.1447790897366 -12.137615956936095 -47.644126863282985 -1.0634020963883095 0.0
0.0 770.7285587407032 0.33581653 0.02237489 0.64481706 0.16928694 -7.469086003194859 -731.8045091367288 -11.904609584389364 -12.164636212564224 -8.156850169722043 0.0
0.0 769.6333342936854 0.32957755 0.02278275 0.65712207 0.11841226 -7.363493112561774 -716.8303501116837 -11.409587180039924 -27.587748917806852 -7.537379418610943 0.0
0.0 763.8645840406147 0.26729653 0.02304787 0.71289422 0.05165617 -7.293160002127841 -709.5967131427407 -11.53732298599764 -35.52797920858455 -5.678158954234765 0.0
0.0 763.010817781908 0.27421677 0.02296965 0.7058063 0.0830667 -7.891464785740465 -715.9067095432043 -15.81935830281866 -23.69991563156244 -0.5471357772887256 0.0
0.0 761.4555993563155 0.35683947 0.02217077 0.62613331 0.22450282 -7.888086901158527 -719.5817566446549 -15.735313908768646 -18.90597766337689 -0.899682663949053 0.0
0.0 758.6888242163149 0.31501034 0.0229062 0.66507864 0.15871932 -7.342760585165654 -722.8608172088783 -11.561313675553796 -8.827725544095548 -10.862982342622114 0.0
0.0 755.3037745343913 0.33977255 0.02274451 0.64597735 0.19411814 -7.4726932284580565 -721.5537771804403 -12.039723112820175 -13.006724213021556 -4.615906481574735 0.0
0.0 754.3681830933155 0.33578868 0.02272909 0.65977667 0.06172899 -7.322546231565061 -721.1985533889687 -11.542323162285166 -7.889511059849667 -7.35084069172286 0.0
0.0 753.8701205242588 0.28782846 0.02325264 0.69720931 0.0763472 -7.262840613607653 -703.1267346801096 -13.04114510435589 -25.62592690921047 -5.311535786031885 0.0
0.0 753.8621261069482 0.31712285 0.02266485 0.66257372 0.14992397 -7.605188557764887 -713.8154143818654 -13.085496498042996 -17.919680174880444 -1.4443409117051536 0.0
0.0 753.7967087303101 0.32350196 0.02226041 0.65573448 0.14461178 -7.43274872323066 -718.771167177119 -11.769271609489312 -10.950462651619238 -4.938475945489879 0.0
0.0 749.895535622538 0.33795829 0.02275127 0.6466471 0.18787181 -7.393730187863073 -715.6084499089659 -11.489773761357645 -13.430088937440928 -5.874665934682572 0.0
0.0 749.681378575676 0.36762966 0.02234489 0.62369383 0.19691221 -7.329299699905786 -720.3124292932977 -11.495765412977223 -3.513811231581685 -7.2442299847756875 0.0
0.0 746.8964824713025 0.29243476 0.02272584 0.68879388 0.06869701 -7.284169180153621 -713.2038507373423 -12.53949621570235 -5.311935395005869 -11.341927047471824 0.0
0.0 744.8200692576972 0.30621746 0.02271193 0.67508065 0.12178763 -7.499427244106889 -711.32526167312 -12.301807530518218 -13.668213352846717 -2.1017726707107682 0.0
0.0 744.8123907197465 0.34767454 0.02208052 0.64169545 0.1179672 -7.47098957254184 -716.4953508008485 -12.158839230592534 -5.2583920715707215 -3.4364975821436263 0.0
0.0 744.145071300654 0.34556895 0.02178018 0.6442508 0.10223089 -7.326165855241544 -706.1001758692715 -12.757729947356847 -10.577480480568205 -8.0508385673084 0.0
0.0 743.1680341249621 0.29096094 0.02240519 0.6894547 0.06474121 -7.336542153549317 -704.9129010970133 -12.965594449268867 -11.300769892626981 -7.629263708195495 0.0
0.0 741.9914553296618 0.28734988 0.02307351 0.70173845 0.01171975 -7.509716588209405 -711.1224809021489 -12.49168504035097 -9.998451603292148 -2.0456999909607396 0.0
0.0 741.18554310187 0.30206424 0.02211259 0.68171642 0.01958284 -7.428712736028593 -705.6751087743316 -11.965923245598681 -15.780304416875891 -1.1414061568269889 0.0
0.0 740.7164712302767 0.29895428 0.02248412 0.68242521 0.06889963 -7.366697200305869 -704.1247240637632 -11.553530184628062 -15.390729614089073 -2.7498620390838826 0.0
0.0 740.0695651737825 0.32208551 0.02194756 0.66227844 0.0797349 -7.432386454821697 -709.7412238162303 -11.835675284057375 -9.026146772354831 -2.6810389028124892 0.0
0.0 739.4452024304968 0.30958271 0.02182625 0.67592666 0.01960959 -7.334210050039506 -706.3505621089587 -11.68976538724475 -9.717809848630283 -4.977217778909373 0.0
0.0 737.6297437887018 0.33042495 0.02258377 0.66499514 0.04296561 -7.347739271993839 -703.2527494129815 -11.806719851013273 -13.693288953969411 -3.344704940538658 0.0
0.0 736.3626293174681 0.35165066 0.02224475 0.64250123 0.10765253 -7.267524480651558 -702.6129307824209 -12.960841025930122 -10.161963580140068 -4.626483919559218 0.0
0.0 735.0060312690059 0.32533222 0.0218824 0.66312747 0.04558052 -7.299093174256331 -704.5826116901776 -13.490829171445842 -3.0734163421151126 -7.916678939473194 0.0
0.0 734.5493181861432 0.29544049 0.02226106 0.69147364 0.01009492 -7.329607099624479 -703.1839774278905 -12.407960912831193 -7.218256435612077 -4.866229393047767 0.0
0.0 734.1831861883068 0.31816138 0.02187404 0.66995914 0.02236564 -7.359075681155034 -704.3152189771791 -11.736782506011394 -9.259159217701958 -1.8790818040957034 0.0
0.0 734.0837394637198 0.32296812 0.02244415 0.66547934 0.07027316 -7.335961437643487 -702.6138912144287 -12.277455799132847 -7.937163485400331 -4.018714251701344 0.0
0.0 733.805822126029 0.33262931 0.02249042 0.65739612 0.10637078 -7.290339605057971 -705.2901423275403 -11.811040940806524 -5.126899162298776 -4.565317428016371 0.0
0.0 732.9611760167695 0.3312355 0.02252103 0.65989147 0.08422218 -7.264428084831283 -707.4094086564164 -11.868486145103553 -1.6237545734296033 -5.639744666248239 0.0
0.0 732.9280816222431 0.30442617 0.02267233 0.68807991 0.0128617 -7.265691810562769 -705.3267039506347 -12.114995197397105 -2.957828718314628 -5.29595633986028 0.0
0.0 732.6417251362745 0.30642882 0.02201619 0.68005318 0.00670879 -7.295116133279127 -703.399047221578 -11.741559387144257 -8.329151379625353 -2.1632075006163247 0.0
0.0 732.5157376549438 0.32716605 0.02211214 0.66025927 0.07915447 -7.340860928027601 -702.8598431480947 -11.783307645567206 -7.742927468079541 -2.9147859465054773 0.0
0.0 732.4942181727945 0.31709225 0.02241786 0.66908387 0.0739796 -7.304298354237904 -705.4708138806621 -11.940355873531123 -2.554071326701115 -5.2461982198115935 0.0
0.0 732.458849997391 0.30889401 0.0219924 0.67910166 0.01102131 -7.3127003785573645 -706.6166463621652 -11.5622505413516 -2.8798495104605255 -4.122771380259854 0.0
0.0 731.6547624677677 0.3256265 0.02252086 0.66507064 0.07883962 -7.321529224230362 -702.852897429395 -11.88779641360712 -7.385329665651566 -3.0112972645069895 0.0
0.0 731.395029772087 0.30173396 0.02269986 0.68736899 0.02044607 -7.2667028491111205 -705.6776483040677 -11.873929630343271 -2.2195624270435976 -4.616919257202091 0.0
0.0 731.1996283761675 0.31453921 0.02209363 0.67243518 0.03455174 -7.323090102448061 -704.2281797857761 -11.584249930256815 -6.034249865793919 -2.225260087812224 0.0
0.0 731.1425707177668 0.32017649 0.02226507 0.67456567 0.00748867 -7.323024169293911 -703.6353916476418 -11.843212925284393 -4.666449868034119 -3.731549765913269 0.0
5e-324 729.747660979259 0.30201261 0.02256299 0.68876958 0.01294332 -7.281792776087954 -701.9372331949472 -12.792511360788893 -5.638052408905063 -3.492980977037659 0.0
1e-323 729.2117949379282 0.3220702 0.02229874 0.67288947 0.01015596 -7.310715148928688 -703.6779936148107 -11.695336856350437 -4.95976635304272 -2.1038490061264024 0.0
1e-323 728.9620836082423 0.3057582 0.02231719 0.683687 0.01673378 -7.283706860289002 -701.922957630115 -12.917652619346319 -3.407459103838759 -3.680018724339108 0.0
1.5e-323 728.6821878610372 0.32122168 0.02228516 0.6707893 0.03542523 -7.306379606568121 -703.4892780894639 -11.736087627099458 -3.869659479011596 -2.560678806099183 0.0
1.5e-323 728.6516336051156 0.31725536 0.02253512 0.67573105 0.02531156 -7.2788748277263045 -703.0030994729186 -12.2886242606635 -2.1903413896451553 -3.9212479100835953 0.0
1.5e-323 728.4142099590215 0.30571364 0.02251806 0.68545733 0.01477618 -7.271572753582957 -702.8299187383025 -12.16334650835713 -3.0209781648542147 -3.3658174400188745 0.0
1.5e-323 728.3577502051215 0.3242022 0.02210361 0.6670828 0.03187284 -7.296080031397924 -703.3746338098209 -11.747517034635703 -3.599510073245778 -2.396469009921105 0.0
1.5e-323 728.2610387716888 0.30983516 0.02254991 0.67993548 0.03947817 -7.304257926195623 -702.5781184387289 -12.605859571751026 -1.5038464840297603 -4.365667784416213 0.0
1.5e-323 728.2406613090892 0.29586782 0.02265146 0.69214708 0.01481829 -7.297292368686563 -704.577916124815 -11.662526631324965 -1.79666446406498 -2.9266391827971483 0.0
1.5e-323 728.2287129039488 0.29666088 0.0227138 0.69366914 0.00758476 -7.355853344928641 -704.6110287780034 -11.649485769549866 -2.799215051113944 -1.8250783654934217 0.0
1.5e-323 728.215698668871 0.31825594 0.02221071 0.67387033 0.01890838 -7.337212555846571 -703.9760382934775 -11.674197303275154 -3.5353400454518367 -1.705924705897845 0.0
1e-323 728.1669644647659 0.31159927 0.02258309 0.67874448 0.0347467 -7.287603647924799 -702.4535138192307 -12.368729901112005 -2.5358735845386526 -3.5699777160647943 0.0
1e-323 728.02215969994 0.3241637 0.02218383 0.6666744 0.04335797 -7.288990203302198 -703.9942613364079 -11.727183658288626 -2.1085983317992767 -3.047930934967874 0.0
1.5e-323 727.5684495919047 0.29890905 0.02264408 0.69132144 0.01051301 -7.2924526052789815 -703.1680924985204 -12.359056493559034 -0.7864639079615312 -4.416094194619925 0.0
1.5e-323 727.5279087388868 0.3079606 0.02243965 0.68277987 0.00259835 -7.326450616294626 -703.8928484887667 -11.663766906036873 -2.7939874028558327 -1.8913961779505621 0.0
1.5e-323 727.4322629170031 0.31844374 0.02239742 0.67226243 0.04403393 -7.298212968695026 -702.534194397937 -11.904155693755754 -3.144416198521276 -2.6469294799777607 0.0
1.5e-323 727.4221896838527 0.31917423 0.02220373 0.67169411 0.02206312 -7.279809470458778 -703.8178747061429 -11.95410457934371 -0.6292347568784329 -3.7512394041792443 0.0
1.5e-323 727.1255493131252 0.30763751 0.02214698 0.68088872 0.00999357 -7.301557507690996 -702.5215585462532 -12.362108242589343 -1.4205843348919962 -3.816381052427213 0.0
2e-323 727.0940057610419 0.31524715 0.0221815 0.67541629 0.0087016 -7.3151113322691 -702.9155868592447 -11.830161613333846 -2.2333540840504287 -2.8313354242271154 0.0
1.5e-323 727.0741652056176 0.32175747 0.02221726 0.66949593 0.03264326 -7.307469913174549 -702.2553527892173 -12.298392267287566 -1.8328597758842382 -3.3999310154781366 0.0
2e-323 726.5797012544933 0.31583131 0.02234189 0.67527342 0.02816684 -7.29237066475291 -702.8111913855573 -12.373394695776891 -0.523590168218036 -4.073618291312541 0.0
2.5e-323 726.5325020189405 0.30345367 0.02260963 0.68756244 0.0071622 -7.284028597492707 -703.1132264791826 -12.031758582359902 -0.7352154794083208 -3.415472116049849 0.0
2.5e-323 726.341387378716 0.29830281 0.02241971 0.68937275 0.01388822 -7.301902485342356 -703.1711872539981 -11.706774646444147 -2.14435033762317 -2.208287295532649 0.0
2.5e-323 726.32289675956 0.31406054 0.02240464 0.67878105 0.00984774 -7.342507469138719 -704.2068743312816 -11.650652884784158 -1.0887401083815806 -2.0526125851300643 0.0
2.5e-323 726.26676619507 0.31423217 0.02233752 0.67620412 0.02130936 -7.280296457286156 -702.3806641193786 -12.20666049961713 -1.411105322751975 -3.044170360526185 0.0
2.5e-323 726.214972993863 0.30004123 0.02229157 0.68743102 0.00809563 -7.293663404451084 -702.8947553503276 -12.0162489226573 -0.7472281687161482 -3.314870348917884 0.0
2e-323 726.1781109791089 0.30300722 0.02246681 0.6853795 0.02354947 -7.334740466977978 -703.6002248287731 -11.64891857005522 -1.411278954463661 -2.219810173592939 0.0
2e-323 726.1761723898923 0.30864195 0.02246399 0.68052594 0.02825922 -7.322872042921187 -704.2874042714935 -11.627747281606078 -0.5365138518722958 -2.403573531215815 0.0
2e-323 725.9962399288872 0.30113935 0.02247645 0.68697118 0.02020789 -7.3025386424806955 -703.9053625096055 -11.686115724572485 -0.41473617257191403 -2.867419340661657 0.0
2e-323 725.8901860950749 0.3024492 0.02246326 0.68621067 0.01926083 -7.33057647433561 -704.2900216792208 -11.623570297717002 -0.49170669453962895 -2.2603647830741163 0.0
2e-323 725.772443557509 0.29703269 0.02245971 0.69082465 0.00996293 -7.321668626502197 -704.0508406506341 -11.639244422659072 -0.5501901715975723 -2.328242223682018 0.0
2e-323 725.761676039606 0.30895049 0.02246051 0.6816009 0.01978063 -7.345432600671675 -704.0940224067381 -11.654436284851679 -0.7466824487802107 -1.9318698164672676 0.0
2e-323 725.7410731703886 0.30585101 0.02254048 0.68561907 0.0049674 -7.292961722588728 -703.3273174781148 -11.78721148316615 -0.5930239181900223 -2.7611614375462046 0.0
2e-323 725.6914270131906 0.30590857 0.02249444 0.68369973 0.01856324 -7.2935381462236935 -702.8238536973686 -11.805068298609466 -1.436875416307971 -2.381737611878868 0.0
1.5e-323 725.6650927439999 3.15290960e-01 2.22802145e-02 6.77462342e-01 5.60526946e-04 -7.305000035695049 -703.5867897841184 -11.685269136774822 -0.5548890344658626 -2.5594790221364687 0.0
1.5e-323 725.6218172279087 0.30540915 0.02252305 0.68571971 0.00819153 -7.293838037418976 -701.9796036484805 -12.469983550389939 -0.7404105392436897 -3.1812569684669034 0.0
1.5e-323 725.608772525248 0.30967807 0.02247088 0.68249617 0.00481826 -7.296295947158995 -703.0322226049585 -11.767645079765554 -1.1530594793909448 -2.372594116634644 0.0
1.5e-323 725.5165757850863 0.30956122 0.02240524 0.68189978 0.00981178 -7.285648513332148 -702.4959570039518 -11.99359273463456 -1.159377402822587 -2.674196870506882 0.0
1.5e-323 725.4096002843363 0.30537407 0.02247662 0.68453021 0.01138772 -7.288732256235001 -702.7334162923847 -11.931066661462609 -0.8313862274002695 -2.7319743476036984 0.0
1.5e-323 725.3934561747767 0.30609353 0.02244539 0.68404947 0.00758926 -7.3040964719664405 -703.2129513083308 -11.72064172788977 -0.6901237983905697 -2.4817869777587496 0.0
1.5e-323 725.3735296203215 0.30791671 0.02224445 0.6826001 0.00121757 -7.301869255985495 -702.9351094806449 -11.775650799478258 -0.854212054800574 -2.5266145838675365 0.0
1e-323 725.340925236876 0.30086212 0.02237818 0.68720965 0.0094261 -7.301057992671835 -702.4779807465958 -11.953812632051202 -0.9764864211650963 -2.6641918278376675 0.0
1e-323 725.3036258965604 0.31394802 0.02225266 0.67783822 0.00488563 -7.328022061950345 -703.5888506737564 -11.642697035308343 -0.5420671929320382 -2.239288272929055 0.0
1e-323 725.2359314395073 0.31151934 0.02224905 0.67960197 0.00529155 -7.294964367726938 -702.1987568340771 -12.278564732219877 -0.389465571757476 -3.1418743907789524 0.0
1e-323 725.2180959515736 0.29836613 0.02255525 0.69119915 0.00283314 -7.296129315791628 -702.3785581188383 -12.103442756897653 -0.4974453057166432 -2.9603559422631176 0.0
1e-323 725.0987886171039 0.29766981 0.02253914 0.69161711 0.00262287 -7.326415943852542 -703.4657486327272 -11.653620574484382 -0.8709919996820201 -1.9013188008272834 0.0
1e-323 725.0652172372801 0.30959943 0.02240547 0.68162059 0.00669234 -7.330791492096059 -703.5320660882146 -11.65366894484514 -0.7147516205215442 -1.8675104714265727 0.0
1e-323 725.0482601399364 0.30983227 0.02236795 0.68104255 0.00707165 -7.29223072313722 -702.5849422485304 -11.957344426059297 -0.4714655181271441 -2.759234321425942 0.0
1e-323 725.0312700325464 0.30534146 0.02232173 0.68384883 0.00561478 -7.295142240657937 -702.583315617609 -11.962901649745431 -0.39079720845243965 -2.8161034234716817 0.0
1e-323 725.0198156650641 0.29996718 0.02250284 0.68975515 0.00451319 -7.311045366125238 -702.9039340465216 -11.768145348636772 -0.5027033944937961 -2.5454418767691553 0.0
5e-324 724.9941223817433 0.29751708 0.02240276 0.6909514 0.00120112 -7.319681572217148 -703.3885333555429 -11.671809096624642 -0.6193356403959649 -2.02045600028343 0.0
5e-324 724.9538758059604 0.30007141 0.02243875 0.68861794 0.00768544 -7.335051837811607 -703.4629153396378 -11.664597262628412 -0.6100552561804626 -1.9215026854850126 0.0
5e-324 724.8982033387102 0.30646237 0.02242228 0.6835365 0.01085453 -7.326165929755552 -703.5706176052142 -11.650361026081942 -0.28990175699716425 -2.116829487911445 0.0
5e-324 724.8852013131866 3.06310441e-01 2.22435217e-02 6.83303027e-01 1.83592673e-04 -7.301793013401584 -703.0734551013394 -11.766736061142073 -0.18132957098468927 -2.5748895918425427 0.0
5e-324 724.855386827592 0.30166319 0.02240764 0.68731501 0.00385562 -7.309595016755789 -702.559965793352 -11.871605518908586 -0.547022099848091 -2.5970128843221465 0.0
5e-324 724.8154815584153 0.30728138 0.0224193 0.68326936 0.00968035 -7.318726469574847 -703.1704255261286 -11.678049528890044 -0.45817791093907295 -2.230007392059488 0.0
5e-324 724.8143050756987 0.30693941 0.02233762 0.68380645 0.00291837 -7.29701310699809 -702.9320832969171 -11.816978233129372 -0.16919581408511875 -2.600211107285628 0.0
5e-324 724.8106626126356 0.3004428 0.0224721 0.6888483 0.00319978 -7.298062065866809 -702.6315307926942 -11.884284712880643 -0.45099936005356317 -2.5494281442034654 0.0
5e-324 724.8002911750781 0.30849404 0.02239621 0.68237036 0.0064441 -7.319989723234222 -703.260613615466 -11.664106450216249 -0.46882636575743375 -2.0971264579617115 0.0
5e-324 724.7707962522107 2.97670905e-01 2.25094594e-02 6.91757777e-01 1.87951621e-04 -7.295173151985948 -702.6646936026226 -11.902986843410027 -0.2511031152805189 -2.686334461778824 0.0
5e-324 724.6819383707997 2.99338145e-01 2.23696742e-02 6.89265148e-01 4.48322828e-04 -7.328813521150544 -703.384879749048 -11.665767261458853 -0.5351350234745659 -1.8562006970787663 0.0
5e-324 724.6263023664867 0.30054484 0.02244123 0.68866414 0.00440701 -7.327418717697478 -703.220653793098 -11.669662112318015 -0.4024973567133558 -2.0617063909727023 0.0
5e-324 724.5405783067098 0.30187756 0.02237206 0.68718463 0.00320969 -7.320436716819558 -703.319589963762 -11.670400872714474 -0.20300425941287553 -2.112870553777776 0.0
5e-324 724.5265404705602 0.30528092 0.02233424 0.68436513 0.00401212 -7.317607118856901 -703.1127800003163 -11.695982756046508 -0.17271392677726635 -2.2414945047127515 0.0
5e-324 724.5248284971402 0.3031167 0.02240452 0.68636515 0.00560181 -7.307697745273886 -702.8283903287323 -11.788425357688928 -0.10489196547712584 -2.497135073387979 0.0
5e-324 724.5202456420741 0.30133862 0.02237141 0.68768887 0.00074921 -7.311821359161298 -703.1191275208806 -11.710345210723668 -0.06916176479620482 -2.3143726415785397 0.0
5e-324 724.5193153336695 0.30542128 0.02230944 0.68431668 0.00094365 -7.319110405838287 -703.0334053840928 -11.69528650667863 -0.27521222825825004 -2.1972311172060865 0.0
0.0 724.5003372220117 0.30688531 0.02233212 0.68345929 0.00398769 -7.308030305527811 -702.6681716928398 -11.822613870020067 -0.2188508885206152 -2.501648576761191 0.0
0.0 724.4979454010168 0.30789148 0.02232398 0.68282554 0.00274828 -7.300940022035524 -702.6858696879605 -11.862276413580348 -0.06905586259217625 -2.582195235843112 0.0
0.0 724.4949366582047 0.30397961 0.02237764 0.68598442 0.00345108 -7.29831760118616 -702.5462904457103 -11.925244876823852 -0.0855399292860047 -2.6425525480104493 0.0
0.0 724.4914248661938 0.3055877 0.02240577 0.68511673 0.00299954 -7.3068951397963655 -702.9202223316714 -11.759635762975961 -0.15955461024360193 -2.3486288135172932 0.0
0.0 724.4884152671408 3.08724963e-01 2.23464397e-02 6.82501394e-01 2.37569277e-04 -7.299357718780477 -702.7510611520347 -11.82037376529102 -0.1929926950583713 -2.4276395350292495 0.0
0.0 724.4792996994479 0.30614423 0.02231943 0.6840438 0.00243869 -7.2957375643879585 -702.3766689269935 -11.998463708806344 -0.14385126165185988 -2.6736938053011405 0.0
0.0 724.478561008722 0.30750503 0.02235682 0.68310996 0.00295547 -7.303195101736886 -702.6763657265578 -11.847182378835056 -0.12541078153707247 -2.52714571078099 0.0
0.0 724.4663697411324 3.03710122e-01 2.24610664e-02 6.86923578e-01 3.62260978e-04 -7.299044976982381 -702.5866823687614 -11.896695782520604 -0.08075912512103009 -2.615378755336472 0.0
0.0 724.4612193723495 0.3034872 0.02243625 0.68654146 0.00372481 -7.303039504494197 -702.7897771932791 -11.769344668215759 -0.33962430559789564 -2.2645840695454615 0.0
0.0 724.437736576821 0.30244438 0.022457 0.68763734 0.00169572 -7.307307114723818 -702.9813673008504 -11.734274335100412 -0.1396753265013115 -2.2985952951736595 0.0
0.0 724.432542974233 0.30582148 0.02231791 0.68410396 0.00186596 -7.309243931941824 -702.9753463349388 -11.720736228935998 -0.23067614010487478 -2.201733940899511 0.0
0.0 724.42380921194 0.30220295 0.02236347 0.68703795 0.00114627 -7.3058262027948775 -702.6771177876044 -11.83267771066764 -0.09540845582568291 -2.5215128173404002 0.0
0.0 724.4122865491694 0.30413407 0.02239587 0.68588331 0.0007786 -7.315697782315136 -702.9700786089479 -11.715304393978272 -0.16827484474929966 -2.2544535819493787 0.0
0.0 724.410694570954 0.30619248 0.02235683 0.68423416 0.00312159 -7.306771743513498 -702.7723064580166 -11.773632617269069 -0.20180732372390292 -2.357768406646338 0.0
0.0 724.3947193656637 0.30323937 0.02242677 0.68672721 0.00316727 -7.300927882507781 -702.7043305616085 -11.841828339292285 -0.05426255504739498 -2.5093452324979775 0.0
0.0 724.3895246351947 0.30727543 0.02234159 0.68354143 0.00128731 -7.308259186732624 -702.9759558737384 -11.732660944670197 -0.09581340365554032 -2.2820299568670714 0.0
0.0 724.385267643796 3.07913379e-01 2.23500284e-02 6.83229173e-01 2.20077987e-04 -7.298173000875542 -702.5310815844565 -11.91237762296538 -0.0734690243949136 -2.574423402502261 0.0
0.0 724.3811002138159 0.30241587 0.02243551 0.68759399 0.00199407 -7.296075503527543 -702.4360760591526 -11.957380804278232 -0.09170442177762383 -2.604030855060042 0.0
0.0 724.3622708104436 0.30635609 0.02231635 0.68397571 0.00076655 -7.309786370717594 -702.9938078363982 -11.723141264922456 -0.1488387171545683 -2.2055260246230834 0.0
0.0 724.3447407493406 0.30186511 0.02242622 0.68785127 0.0018189 -7.302659280186559 -702.5820875011319 -11.872954371741319 -0.07104241299234924 -2.5335272443914953 0.0
0.0 724.3401853561201 0.30470044 0.02242678 0.6859941 0.00069323 -7.313039918228172 -703.0384679120098 -11.708190469618607 -0.10197386833320528 -2.1830685811510215 0.0
0.0 724.3079162538146 3.03522704e-01 2.24365524e-02 6.86885697e-01 4.52645366e-04 -7.3010318841209845 -702.718164167408 -11.804006940522262 -0.16922783249137333 -2.347754531577413 0.0
0.0 724.2885928751064 0.30220174 0.02241599 0.68753958 0.0007603 -7.304889292676263 -702.8111825130018 -11.763599497690777 -0.16030056084899547 -2.2679443895967957 0.0
0.0 724.263998936547 3.03908844e-01 2.24215506e-02 6.86555420e-01 3.45917946e-04 -7.312077010615572 -702.9499575526808 -11.719770970239589 -0.09649764725594907 -2.210289694314459 0.0
