1.9095169860969837e-172 392.30674321840047 0.49355821 0.02348431 0.8438159 0.82475532 -8.711049782516438 -11.422968631500149 -7.306303642347011
5.728548469025176e-145 328.94302367362565 0.15550288 0.02038902 0.41233926 0.39029272 -209.38413688470965 -177.8559359572215 -5.066670376469354
8.81697608178964e-115 259.33894391798503 0.45517799 0.02417011 0.42488974 0.07046263 -82.49358017782448 -240.1637817916138 -6.285661704187356
2.138105070744019e-103 233.02937162981598 0.10111051 0.02048636 0.59491841 0.14182267 -39.11523452311611 -209.29982580933086 -10.923883585538105
5.435241871721308e-78 174.43645005876036 0.10537027 0.02219959 0.74662354 0.0222427 -46.42783610766511 -181.04377422936975 -5.557761292781136
4.998043091236486e-62 137.58363595917933 0.41056389 0.02174266 0.43231827 0.93697348 -23.770857351967805 -150.58938425327506 -0.07620845351749546
5.550270258732041e-56 123.56801587228324 0.19765122 0.02227477 0.78730407 0.42376686 -26.841954336354842 -110.5599278166624 -0.18175380616211242
7.413763241395044e-48 104.76253258830323 0.33529739 0.02468061 0.86030421 0.224844 -23.250222820189553 -100.16442424256401 -0.15336880952968168
4.758225400658488e-42 91.2951766466644 0.36588187 0.02052873 0.44910862 0.40334461 -44.41481336839301 -43.6207652200511 -16.726953999859113
1.2281363358459603e-41 90.68584992048271 0.48115047 0.02305579 0.55972866 0.85882432 -31.16800409038011 -54.872221996332094 -5.254950559952192
2.0200888111994923e-38 82.75130589710682 0.46060053 0.02190654 0.77508759 0.18521069 -25.61910879677597 -62.53164188406414 -2.5350992396426104
4.6122570187386675e-38 82.33759871489059 0.36156249 0.02115817 0.68138551 0.64779532 -40.26931860753004 -42.451565962014655 -0.030421327562130163
1.4978161056631576e-34 73.6492889635983 0.49296552 0.02179153 0.52678088 0.14994208 -24.87094378811158 -55.711553874725944 -1.755101052053063
1.6390076530164324e-32 68.86689828309174 0.42915813 0.02314839 0.63684211 0.69405252 -11.598271098755614 -61.92767472271983 -0.12334314212285331
2.4522232947978858e-27 56.84742348559331 0.23240688 0.02450389 0.60747823 0.07838209 -23.805512962577726 -42.052750341451876 -3.0086349790621436
7.87856601648091e-27 55.9175732754441 0.23084037 0.02238401 0.57423512 0.17509682 -18.12017239117488 -24.14850660576569 -14.578744488652749
2.4286628812396897e-26 54.60144170213267 0.44837934 0.02138698 0.43977288 0.73388068 -23.004280398382186 -32.60019745842611 -0.3130954186358051
6.000238530290922e-24 48.76183325435048 0.32362059 0.02406176 0.78295332 0.15412579 -18.275644742435603 -35.37894359662235 -0.946853363074717
3.1003989071598544e-23 47.214190202262984 0.27183638 0.02398369 0.63199129 0.40027151 -18.6869276803296 -20.22425933404933 -9.850646239971551
5.562176545917868e-22 44.081628660518746 0.34101426 0.02449556 0.56572368 0.27843501 -11.38849735311792 -26.714003938309563 -9.111688910835499
1.2560024363528348e-20 40.86586228909339 0.47882887 0.02289981 0.66459613 0.36935153 -11.880958816907501 -17.71958658412332 -14.481083259487923
7.609653301386068e-20 39.08551734276865 0.39435172 0.02481898 0.66823464 0.21061304 -18.570285753780666 -20.46650516817928 -1.8290713671334446
1.1867142695006337e-18 36.13864885367421 0.30622933 0.02077874 0.68661946 0.35739664 -9.322350534150543 -11.251176038581036 -18.511990770037066
2.0539758061156967e-18 36.134804706828795 0.45032864 0.0206164 0.5768669 0.63657266 -10.396604432219101 -22.101396237082483 -3.6406481843726315
2.142001749045381e-17 33.04837163661449 0.3702281 0.02170689 0.59190809 0.08152667 -11.018058612649034 -20.461505244976387 -4.655240849203371
8.707419990247831e-17 31.746604316187096 0.48574607 0.0208799 0.57473214 0.61759972 -9.729351481328907 -23.087367780191876 -0.23165237509370878
1.2818502505818941e-16 31.68843546389837 0.39592155 0.02354643 0.69321662 0.24146297 -11.303491814148924 -17.371675888460736 -3.071436613577436
1.3089360319093273e-16 31.52037113124769 0.49940869 0.02096347 0.60128686 0.31638431 -12.719467075160967 -13.46333201145356 -5.5056363772838415
2.1110004463606448e-16 30.698993961148147 0.32342941 0.02390784 0.74509563 0.00288037 -9.35130302808675 -19.531425133981976 -2.637642969178964
8.173288284046158e-16 29.063474031176124 0.39169577 0.02128029 0.69639925 0.15251641 -10.367498938314958 -11.910099674786444 -8.421395348046744
1.5611882833983975e-15 28.65101536162599 0.35203071 0.02037519 0.62701186 0.42527975 -11.3918310062852 -16.37872182701777 -1.292921197873151
1.8170656047230382e-15 28.530687464197648 0.25960365 0.02347567 0.63786354 0.08270979 -8.587769925237275 -13.670529702211953 -6.3927157341767655
1.970253216456283e-15 28.30734388610174 0.41738803 0.02120723 0.61617573 0.15051178 -11.557901369037037 -11.965760822756586 -5.007025272404023
2.7722037891864017e-15 27.727550105686454 0.31403639 0.02373014 0.61914924 0.34401899 -7.478936487162563 -19.26745562662189 -1.560951772317288
3.768496691479051e-15 27.4403220563636 0.4144209 0.02026158 0.54603732 0.56071939 -9.007877930559303 -11.809018424731166 -6.910653750395985
4.648401924417766e-15 27.12191935143627 0.34518818 0.02360882 0.71635328 0.09356092 -8.711049782516438 -11.422968631500149 -7.306303642347011
5.404032990537425e-15 26.932203464669513 0.36524123 0.02136272 0.59784013 0.5246045 -9.904519471692954 -11.252490063331052 -5.964909816412262
6.476952007063328e-15 26.589349762238413 0.48741283 0.02147373 0.46627048 0.6452594 -9.244417193268918 -16.66693796852474 -1.020848302875855
7.55853270372369e-15 26.411391507633056 0.25577707 0.02394659 0.68047124 0.01248902 -11.57394286793876 -14.310282047033798 -0.7051248472658581
7.582386043243927e-15 26.384698966402663 0.35498624 0.02205435 0.68740924 0.3377138 -8.943883800247631 -8.696848550044491 -8.770659157340935
1.2802884452432105e-14 25.40420010464487 0.39756719 0.02200706 0.55508293 0.59313557 -11.405859681511238 -14.976051277161819 -0.0027880077296044354
2.285011762538689e-14 24.87374969874248 0.39731002 0.02289593 0.66468627 0.15274563 -9.386616248617045 -16.01718812155405 -0.00039573447377607037
3.388632493083413e-14 24.40936912346242 0.32202873 0.02198137 0.57662554 0.30558001 -8.705676782257951 -14.355087672378872 -1.8129852441056542
4.2380271300175667e-14 24.193932602435794 0.31270574 0.02330955 0.60989651 0.29695574 -11.742265874807396 -12.663576776672203 -0.003526471982818544
5.1823117899344826e-14 23.836612222857696 0.41153209 0.02336874 0.54930223 0.54363099 -9.486610302492824 -10.777895666770688 -3.9294266331722842
1.1685284404457576e-13 22.668650903699078 0.42617754 0.0204125 0.57963994 0.48340386 -8.591347224802762 -10.946833127746524 -4.298431870308408
3.61915220935596e-13 21.425518198225316 0.38738312 0.02036699 0.60480127 0.35824653 -7.705879209769631 -8.856744880272494 -6.106026813656952
9.89725872868568e-13 20.3691352487331 0.44584961 0.02126375 0.53469436 0.59540398 -7.3736812853752065 -7.5951894307623125 -6.456647482087795
1.4549764816299038e-12 20.204156497206846 0.34099713 0.02122195 0.64606138 0.05957834 -8.354822412891364 -10.662897587704341 -1.3514152481373969
1.4537869133114582e-12 20.173587541761222 0.35149447 0.0234934 0.65370766 0.25338145 -7.4827334447775185 -11.216483733698688 -1.5049393187306368
1.7170748274539598e-12 19.729340285694047 0.29120305 0.02294676 0.64568173 0.06570999 -7.652180467269219 -7.391667525892583 -5.129739548599423
2.2224818703795423e-12 19.439021640979323 0.31402113 0.0221954 0.6067158 0.23876784 -8.990126447448706 -8.709708533837139 -2.029505304408199
2.98481914185785e-12 18.980091549372844 0.39638482 0.0207241 0.60545584 0.35685605 -9.797777954844717 -9.56854372538653 -0.0726999607480787
5.142893258783539e-12 18.24145359815321 0.31406473 0.02316294 0.65182448 0.13311433 -7.327031792770245 -7.68480208113427 -3.9682576754683283
6.5380170434792496e-12 18.177067066370448 0.31519515 0.02297974 0.70065654 0.04955725 -7.665693181512003 -7.489036916749121 -3.0867234998920887
6.4195749284944535e-12 18.088328997092844 0.33983865 0.02110918 0.65228957 0.26472744 -7.602817231039078 -8.397745095125675 -2.176504740205693
6.795167090354735e-12 17.881440915861937 0.34408449 0.02217123 0.59274108 0.32945742 -7.663409071949832 -8.464640468199576 -1.9602794569434376
8.994727048672896e-12 17.386741282048742 0.35219748 0.02127033 0.64144124 0.30389626 -8.91312051430317 -8.914280640454177 -0.05403976110458887
1.0480545867561491e-11 17.325427709988794 0.38466146 0.02120658 0.57828759 0.36693463 -7.687440036595542 -8.371302112839288 -1.3279991326139116
9.974480931558586e-12 17.294403525742858 0.37820573 0.02233127 0.65260155 0.27600812 -8.046502468687121 -7.715473550829804 -1.5634516904718703
9.495920367104911e-12 17.2338195068725 0.31686629 0.02243853 0.68976734 0.17464875 -8.231615748990532 -8.833847688593284 -0.2289400881590424
9.917423634924114e-12 17.02670852452422 0.27246973 0.02180073 0.66075601 0.04995029 -8.035572811345011 -8.78434363372402 -0.41390306180346814
1.3209925801514651e-11 16.52212980795069 0.32726455 0.02123536 0.63140045 0.21650707 -9.05948856891871 -7.853612217467578 -0.11360773813793194
1.5252530000201182e-11 16.48587698978821 0.32879893 0.02137367 0.64926093 0.24536505 -7.867775803367538 -7.1995870668612705 -1.4547669377218817
1.4841066068248984e-11 16.38825700615235 0.26880936 0.02265398 0.69340029 0.01350851 -7.6043423192165225 -7.894421058643491 -0.9871136119281959
1.7628680906227487e-11 15.988337264486091 0.41280718 0.02255123 0.60584369 0.39346372 -7.901186939827096 -7.537340215835796 -0.9497298504894569
2.064463272604122e-11 15.847046568599465 0.33756665 0.02274099 0.65163475 0.21843761 -7.632461254348586 -7.689040063603026 -0.6668359465344798
2.2518303120460903e-11 15.630666448105442 0.4151143 0.02196636 0.59503141 0.44064134 -7.415539801406805 -7.203178195332727 -1.2283285718599337
2.6430956104380192e-11 15.344703413089535 0.38179947 0.02225483 0.62834198 0.31808891 -7.699084173193243 -7.92478300710621 -0.006799267805989085
2.7515018782798106e-11 15.339286808765666 0.44041677 0.02210435 0.55771744 0.51034503 -7.5424369535109435 -7.6719598843415575 -0.13030657523703373
2.5283127957461773e-11 15.323328780641184 0.34014811 0.02197735 0.65906946 0.14451403 -7.585481106464467 -7.736994556153328 -0.01681114614787162
2.3331503493988488e-11 15.309317395492224 0.30695778 0.02239946 0.65633701 0.15503547 -7.254746814118457 -8.064283290164882 -0.004298676357845586
2.1389321371585072e-11 15.30648680968387 0.43215564 0.02206983 0.59033047 0.41919461 -7.737740441144427 -7.231335271655173 -0.3402416826926226
2.0317222975287068e-11 15.223271428255623 0.29280302 0.02158322 0.67961002 0.04599459 -7.485099776029171 -7.815519042440975 -0.0058679912137243415
1.9866547263753116e-11 15.159999755856365 0.32603474 0.02182857 0.66140803 0.10995371 -7.559301606482933 -7.213171985076433 -0.4507978366962587
1.8908508547397133e-11 15.130715329591307 0.33001956 0.02210607 0.67064486 0.14189024 -7.290690640127806 -7.782720272747997 -0.08658884298056024
1.7650181185359326e-11 15.107037090319052 0.37636473 0.02246261 0.61841421 0.30793183 -7.37422429998964 -7.73898523546725 -0.017505794134419238
1.6723266640457572e-11 15.0486957886789 0.39980635 0.02162241 0.58914882 0.38526449 -7.312892606128305 -7.331236650291716 -0.4629078338990318
1.584716419649474e-11 15.023347341216635 0.36772666 0.02236576 0.6238391 0.32088079 -7.388273697595184 -7.286900847651923 -0.3735212434317946
1.4762610860491057e-11 14.999838714468444 0.37151988 0.0220352 0.60886757 0.28963439 -7.453015962885988 -7.287844466769548 -0.2824869115610982
1.3640086050550326e-11 14.990778801362545 0.42120161 0.02167697 0.57715773 0.43381026 -7.416430690533406 -7.58286190037725 -0.0005461235577887737
1.2772738243840499e-11 14.941211766615767 0.3909699 0.02168252 0.59638863 0.35679847 -7.37123839635899 -7.3414968585762175 -0.27804354642733814
1.193922331225645e-11 14.934523501688583 0.42983274 0.02231345 0.57167108 0.44539482 -7.3703675714019905 -7.30171669319888 -0.26912750201489577
1.1345930066673686e-11 14.854135278466897 0.47543516 0.022091 0.5397104 0.52582457 -7.3489042123727675 -7.382133461874458 -0.20348582744135693
1.0882634930837664e-11 14.825869151008366 0.3929493 0.0219137 0.60993104 0.3460082 -7.360929374341572 -7.481294968608514 -0.01191093551681153
1.0143912231276809e-11 14.804023780442478 0.30845398 0.02205045 0.65856969 0.14597787 -7.337351804346255 -7.461818626408509 -0.02669872025360248
9.403551545766662e-12 14.786776462176785 0.36823064 0.02190395 0.61326689 0.28918285 -7.644761604093627 -7.157071152747376 -0.00219102360147549
8.64641894892088e-12 14.78122117167416 0.4320986 0.02195994 0.57740664 0.43519659 -7.389733611691062 -7.365220922759923 -0.03182192772580114
7.896173785182109e-12 14.777685372178466 0.42167963 0.02216997 0.58164195 0.41396365 -7.31590263166069 -7.456793989150006 -0.00852455086346431
7.199892822497874e-12 14.775223543767419 0.41281359 0.02220491 0.58743897 0.4142674 -7.296453040915025 -7.428086656491086 -0.0531456747723549
6.5607028314920646e-12 14.773001539711741 0.40444591 0.0219976 0.59946175 0.36876641 -7.371861514807853 -7.322571262433556 -0.0807907665260097
6.002282426545311e-12 14.762545153406908 0.35687042 0.02212475 0.63552454 0.23738678 -7.299640835149282 -7.472175520149818 -0.0011851844126402383
5.4946077634230484e-12 14.759102003326602 0.31750516 0.02187545 0.66668049 0.14484594 -7.282033230431316 -7.454585753526063 -0.02592616944953007
5.024625819805555e-12 14.750771613224405 0.39355012 0.02212908 0.6071901 0.35927943 -7.404288802396291 -7.305437819970618 -0.04937538095969272
4.6623464239974e-12 14.718390697547377 0.31829883 0.02194653 0.65144574 0.15368385 -7.363716801332286 -7.358939344334852 -0.028115467557267466
4.3103563444837915e-12 14.716886233279395 0.33904848 0.02196994 0.64829177 0.1839314 -7.566360155490184 -7.139276837648156 -0.012753704409037838
3.93853331679542e-12 14.708212938232512 0.31439617 0.0220772 0.65863897 0.1614236 -7.304843317167877 -7.406121855835508 -0.005921060276011458
3.6249235303974338e-12 14.692261094600452 0.3352714 0.02191548 0.65186641 0.20340341 -7.5342103102829014 -7.166271833210308 -0.0077307947393018515
3.3450722182582046e-12 14.678267736609993 0.40812842 0.02194048 0.58958601 0.39877684 -7.380763454707865 -7.285683027879022 -0.025814612013563935
3.0659246890688197e-12 14.67587135026905 0.37425284 0.02218423 0.61857933 0.31036743 -7.343725832213841 -7.319599287302282 -0.014942617093869476
2.7915853664851288e-12 14.675125181986372 0.34660341 0.02218792 0.63977852 0.22260497 -7.333891176978989 -7.2782479184802416 -0.06373225480981963
2.5395289272840306e-12 14.674513073207455 0.34032645 0.02188419 0.63515282 0.2232066 -7.328090605531469 -7.280405409188914 -0.06662916726598836
2.3120810424128593e-12 14.672167302345487 0.36654844 0.02201981 0.62564095 0.30186707 -7.459744791325907 -7.171186239430551 -0.04358204245099852
2.106938117348069e-12 14.669717316109 0.30816181 0.02216722 0.67040536 0.10558443 -7.386859198301452 -7.285308021256077 -8.278795819492753e-08
1.9191418159685635e-12 14.66826127033158 0.35164887 0.02220195 0.63712944 0.24556031 -7.436764024302755 -7.181735931979853 -0.05121735982639223
1.7460267946244848e-12 14.668167052058042 0.38547927 0.02202083 0.6115633 0.33483614 -7.34081795618262 -7.249212810134292 -0.07823050401466944
1.5884431221640796e-12 14.66681823434613 0.32455196 0.02185196 0.65604087 0.16242762 -7.325508600772054 -7.3426568133881815 -1.6378978062673305e-06
1.4470014220181864e-12 14.66407000121582 0.32877412 0.02195192 0.65554398 0.18824425 -7.394722671784651 -7.205370343585191 -0.06672521897628728
1.3198857379154671e-12 14.66009645324601 0.36667502 0.02187601 0.62099828 0.30533806 -7.4018156230694325 -7.25130296261674 -0.010951415529646286
1.2040490224674554e-12 14.657158069409943 0.37758466 0.02204965 0.60604467 0.34405821 -7.380887432951327 -7.2302179177921815 -0.04899110250250255
1.10083861406747e-12 14.648727297787813 0.39073503 0.02211972 0.600338 0.36274404 -7.429904770378956 -7.225176208357272 -0.002077090673715912
1.0080765036148403e-12 14.642585775048016 0.38479294 0.02205873 0.60508216 0.3575841 -7.360825401743896 -7.264406639174489 -0.02349525686942926
9.205416463131796e-13 14.639773684385158 0.34387069 0.0219507 0.6371482 0.21749237 -7.394087007456156 -7.24495407633389 -0.0035446912579677903
8.385236045486788e-13 14.63860280322323 0.33187435 0.02212145 0.65164685 0.20232703 -7.371094560378201 -7.257331068226636 -0.011348055780320764
7.636814529164413e-13 14.636138452319793 0.33706824 0.02187892 0.64104384 0.22164343 -7.409250738724695 -7.205030771862211 -0.024321292636323693
6.955669066303169e-13 14.634828453811439 0.35019488 0.02199413 0.63348852 0.26840913 -7.437876642983398 -7.1512331132336975 -0.047028696102697456
6.354984188289218e-13 14.626171605900563 0.36839001 0.02214884 0.61978706 0.29756901 -7.422565707755889 -7.210681367366655 -0.0015813786888959557
5.804584436931325e-13 14.62537230086708 0.35695628 0.02206964 0.63140577 0.27731125 -7.342667987549219 -7.244280147017264 -0.03922347133407898
5.282454124026981e-13 14.624065992268974 0.36316522 0.02215447 0.62495767 0.2821554 -7.386674192651229 -7.232875477726534 -0.005822630489316267
5.294012492064222e-13 14.62100286491173 0.37285686 0.02202374 0.61395077 0.30671443 -7.34163311535828 -7.2397059411275375 -0.04272693578315789
5.311687885942124e-13 14.617400509682234 0.34560202 0.02217732 0.63687006 0.24059204 -7.343035827677118 -7.277934021293767 -3.301594084537835e-05
5.326342328698845e-13 14.615490320280527 0.32449877 0.02194691 0.65299419 0.17978823 -7.389010443382158 -7.169911186173044 -0.058478880127031584
5.341565431791953e-13 14.611695194824534 0.34456439 0.02216427 0.63973298 0.23016197 -7.448886769828514 -7.153981263142956 -0.012622287309056441
5.351794202695971e-13 14.611660504552944 0.34770845 0.02193559 0.63358745 0.23607236 -7.3653336432571725 -7.197177328637974 -0.04918422292938681
5.404212297433884e-13 14.592295276294788 0.35890184 0.022023 0.62542791 0.26940728 -7.377296499559938 -7.217526287128925 -0.016837717864082096
5.45858950048815e-13 14.591543457162734 0.32655107 0.02200788 0.65064525 0.18605596 -7.355638114749383 -7.236635950620965 -2.1210924441132028e-05
5.466501760807218e-13 14.589399370539528 0.3600968 0.02194655 0.62611552 0.2783066 -7.448953776841593 -7.142242677461503 -0.00034700285963780523
5.483568982031113e-13 14.585311918568683 0.35708975 0.02195557 0.62835343 0.27329086 -7.358975613683543 -7.217675686840185 -0.012748070015799933
