3.3571085502182944e-227 518.3846936033314 0.12913414 0.02127708 0.8331959 0.94404346 -18.313457868699608 -20.19692286753105 -8.967542581529838 -2.082901548409552
3.518807044251538e-179 407.71825698848687 0.12117338 0.02014493 0.8920495 0.64646168 -114.58123981263884 -394.63272153030834 -7.866544510061541 -1.3041877503226083
9.81894694533977e-128 289.16491520936347 0.10966508 0.02109318 0.50959971 0.06596 -68.38750173933046 -310.4228267474385 -20.60004110007753 -8.307887401640391
3.5581054714980555e-117 264.7562546552739 0.26407428 0.02157431 0.47397844 0.8672124 -66.32545452119072 -175.52609735894893 -45.283588170476456 -2.0297751587473982
3.715223506915962e-85 190.93501089218927 0.23433359 0.02251206 0.82715791 0.62434434 -37.35670441323629 -166.42029815490736 -60.50988154290094 -0.4693705442292962
2.0171031745228642e-72 161.51687093306222 0.33656125 0.02208913 0.45347788 0.53977195 -50.22884128704707 -133.23374740278342 -6.900288554883841 -0.5721336474749479
5.250660885684241e-72 160.8944804634979 0.37507306 0.02155036 0.68643447 0.8314788 -30.689675017115345 -60.544342809189665 -70.27156100611212 -0.01129210064506691
1.997490124522402e-69 154.4298225621857 0.44755153 0.02469203 0.49272175 0.22637354 -50.89045817116349 -107.17467644204896 -2.30816286442695 -0.5211829858585006
3.1071015578229055e-61 135.47047647002324 0.48039693 0.02159678 0.73112702 0.63111245 -17.265712688053124 -68.06979692613584 -52.22345511378992 -16.870857834206806
5.223074259619479e-44 95.7118238529781 0.2925831 0.02001993 0.83874801 0.19371629 -62.53828755756578 -72.4679519691143 -0.04100504727814996 -0.4232318960649932
3.797687266360665e-42 91.3426192096992 0.30303827 0.0222049 0.59763585 0.67724392 -28.215840520301327 -49.232639339928824 -8.810903492318324 -9.45244050042963
7.018689998455345e-37 79.1076222762948 0.39268542 0.02401452 0.80057159 0.18193745 -15.900217458212405 -58.25910201295835 -17.10251358613414 -0.08078615239429886
7.208066827519532e-36 76.7757838084302 0.29891441 0.02174479 0.54194628 0.33070064 -34.714059390620925 -31.594874197229952 -3.398614967526195 -9.400073720917728
2.0885448204004166e-30 64.01101329347463 0.32433255 0.02241278 0.71546062 0.513231 -18.618914599908454 -24.612393426027058 -33.36550496375619 -0.17897081873850834
3.8786049784010814e-29 61.044298383464465 0.42702987 0.02131231 0.54695413 0.65124263 -20.39162655498777 -42.81384059806276 -0.4409926082908479 -0.364553532133247
8.990207493204259e-29 60.52495433533528 0.44777342 0.02405179 0.63412069 0.59724435 -9.614431151204794 -18.56368742532422 -31.682745784293076 -1.1834340226423754
1.1612937470197193e-26 55.10609481014017 0.39775843 0.02246177 0.54450477 0.54784324 -18.297715045239357 -23.105469001839158 -9.367109426320956 -9.754660861935808
2.367719657368044e-26 54.880801271215866 0.39231526 0.02480311 0.61139928 0.52591685 -9.37565168995499 -12.768936064842487 -32.50035166953684 -0.46115538580585363
3.704312070240821e-26 54.141359697514105 0.2767452 0.02364692 0.6143713 0.3750202 -9.735605401038306 -12.92950863339134 -13.912970351409966 -18.302716885376256
2.246736547723046e-24 49.56082486617005 0.47929312 0.02295887 0.6363604 0.5280465 -11.761686428216727 -22.85782546383991 -13.267409197474873 -6.25443860798259
6.288163012793268e-24 48.81402646879596 0.42678251 0.02252286 0.60600527 0.60629438 -18.313457868699608 -20.19692286753105 -8.967542581529838 -2.082901548409552
6.122038534967569e-22 43.75877621335522 0.3952224 0.02467015 0.63827474 0.41213156 -12.555586694150897 -20.537120434298803 -15.123793049010814 -0.597526291335439
1.2113863649037025e-21 43.58441883227722 0.30688899 0.02463021 0.63244852 0.19820482 -9.551070875136826 -8.979108442022834 -8.63292361133623 -16.59567328485933
6.423677209105108e-20 38.91789550300306 0.47819683 0.02209474 0.58959568 0.39282604 -8.60801709604459 -9.206073065091957 -9.671105814944916 -16.09922285619576
1.7637282809535604e-19 38.200719604736975 0.39113831 0.02394739 0.68124757 0.36247701 -8.178943431238315 -11.607832791753669 -19.117919349742238 -0.013199930268838039
2.4321923741986347e-19 37.971710957894864 0.34421978 0.02088861 0.62751955 0.01973884 -13.366648759658224 -13.260223427377941 -2.795866673010677 -8.777980744690137
1.7296364011896194e-16 30.72505544572542 0.41542293 0.02295114 0.62674857 0.2921236 -8.470630257450816 -15.880977096566394 -10.595424259698067 -3.0246793441795794
5.245538870070063e-16 29.87559194876622 0.3663726 0.02082657 0.67449478 0.30701127 -7.872702245407788 -10.059786033192808 -10.743819162550974 -2.0487480045738526
7.797292921023287e-16 29.587145775716646 0.40190849 0.02167075 0.68533257 0.22046911 -9.946758534208564 -13.062539645027218 -3.500792267129841 -3.3655015024005954
9.225820903651932e-16 29.34268686653116 0.33387936 0.02214016 0.61470083 0.27540914 -11.729245230089681 -15.161812525741745 -2.4078628574084378 -0.2882251624767823
9.980208308978354e-16 29.227728867679527 0.27744041 0.02412486 0.67882867 0.06989157 -8.254814268032426 -7.856981516218269 -13.19677466642911 -0.034116415851353596
1.2740389732935874e-15 28.723353617446154 0.40488654 0.021409 0.65777342 0.30865996 -8.019684594665643 -7.699873085805788 -3.0392763500058115 -10.468894837202285
1.5127953631620033e-15 28.63269291033717 0.37665365 0.02124656 0.7028422 0.12485206 -10.08324218388911 -12.170911872924297 -5.5870693284208865 -0.8821302322118589
5.438547918233922e-15 26.75073914799453 0.30978171 0.02055651 0.69907674 0.1795531 -10.767808588774802 -15.378370748031227 -1.0729784771244706 -1.4135350964066695
1.7147949393939252e-14 25.65327961711021 0.36432394 0.0233184 0.65799742 0.26319017 -8.420346453888339 -11.954321586754936 -1.315121723609882 -5.060949383741374
2.5154969083557208e-14 25.511668382917232 0.34615482 0.02291757 0.65872701 0.32505972 -8.09110144416052 -8.022688434412203 -5.555913358759868 -3.983576379777619
2.4978585299871864e-14 25.4721142820611 0.34342147 0.02065097 0.66090387 0.14278791 -8.524885209072561 -9.628065293611247 -5.455041183548983 -1.9036766966844414
2.6724293920712122e-14 25.20352913172431 0.37308968 0.02271278 0.63660657 0.29288696 -7.273732963749864 -8.610069472135105 -5.159560658388511 -4.428751187787618
9.749139536758403e-14 23.398440318742857 0.34872381 0.02273382 0.70825208 0.15813951 -7.557277643302734 -7.588027303360668 -8.924156243583507 -1.1340679414774015
1.8024490913886793e-13 23.0849620546593 0.25979344 0.02174172 0.66457912 0.03810029 -10.118088175871073 -11.308155034052657 -0.7681760416789778 -1.2040210671401506
2.365215128970342e-13 22.680524256264224 0.26078977 0.0217705 0.71871203 0.1013262 -9.579983270086496 -8.642635288000038 -4.679362639532319 -0.1829808570404476
2.6530992012657506e-13 22.624782620833848 0.35988427 0.02155345 0.6853006 0.1381628 -8.413803948445885 -13.796682409802937 -0.32293911063230507 -0.1470987873830963
3.3462587778333033e-13 22.094412338388164 0.34199419 0.02124357 0.68089075 0.07242813 -8.528246602570984 -11.17140553883397 -2.410786699895009 -0.5143437795338865
3.857221437108093e-13 22.080488360933682 0.26800772 0.02195331 0.70542214 0.13520965 -7.499362845168771 -10.3394448190151 -2.8311341511602586 -1.4244705230440335
4.2272253069083544e-13 21.748048767743786 0.3570804 0.02268079 0.67216552 0.19868662 -8.343786494024283 -12.804909081790216 -0.9212822532987884 -0.010510531820393056
4.880552441217861e-13 21.581838604236108 0.32153928 0.02192335 0.72104213 0.12745117 -8.127208441840857 -8.82676527360078 -3.7623080062920216 -1.0317670460101305
5.156483617563099e-13 21.445200815525574 0.30282742 0.02236005 0.67361073 0.21995508 -9.59648045726804 -11.713659439244017 -0.24962616921587488 -0.022072538508176417
6.484330914491304e-13 20.98155431805801 0.30284121 0.02130424 0.66254895 0.09265659 -7.990732228003284 -9.582290944954249 -3.5989390714519507 -0.27323857111609046
7.726409409236944e-13 20.85481482506675 0.31383958 0.02122272 0.6667077 0.14724295 -7.692899872724978 -7.136352536539492 -4.941719152725679 -1.2105827560678615
7.798221219201416e-13 20.770207188146685 0.27811975 0.02160756 0.72468584 0.08436469 -7.453908690650036 -7.486906522085063 -4.41197208747515 -1.502027524856502
8.309389404808978e-13 20.547768743254668 0.34637986 0.02260912 0.67668565 0.1674528 -8.333526472831236 -11.880856854443643 -0.15387757864327378 -0.401946282228529
1.0800443601930866e-12 20.093902887615982 0.30934515 0.02223062 0.70011711 0.17924329 -7.875672008459007 -8.588596347690235 -3.263411049735282 -0.8200893373701464
1.2965813389227538e-12 19.94608550505446 0.28747847 0.02152142 0.66964975 0.08656292 -8.463382434397603 -10.279944702380579 -1.2457579729848411 -0.10481777785295926
1.3451635836085768e-12 19.827754386607964 0.32146342 0.02165962 0.67229495 0.1885516 -7.948440732778414 -7.354907513776712 -4.055344824249158 -0.5873924342501772
1.3999334204343047e-12 19.67776729188538 0.28497612 0.02187197 0.66923401 0.09080507 -7.62085485389976 -8.152491451917516 -3.7475286998018116 -0.3068793809888744
1.4085934864752128e-12 19.62001497418345 0.30741502 0.02119209 0.67949323 0.09399009 -8.047281813003524 -7.473882155981516 -4.104827643799502 -0.05177567910083981
1.7892498514193292e-12 19.079951508333927 0.31765075 0.02250625 0.70819004 0.11387048 -7.388937632222451 -7.640032162103239 -2.971391227849061 -1.6196539520086994
2.4246676873358045e-12 18.773011832967157 0.32845518 0.0220635 0.69850984 0.06060951 -8.415386538823336 -9.334493257607253 -0.7713836421618323 -0.5586880697415044
2.603226639254347e-12 18.724347607875732 0.32971901 0.02197269 0.67800112 0.12252134 -7.816351769332923 -9.598478794317177 -1.3537093143651668 -0.004471954951891989
2.4869092627281515e-12 18.673858716775108 0.27124155 0.02224742 0.69939927 0.08221753 -7.445015120453839 -8.149160684700782 -3.124883675176135 -0.005288127544975485
2.324731452959081e-12 18.667971002718776 0.30362912 0.02216315 0.69539577 0.14947544 -7.920197745083188 -9.338035496791276 -1.2934169287221446 -0.1222085461784971
2.190542143861124e-12 18.60318958703168 0.29627297 0.02229625 0.67392098 0.04617356 -7.9423431844200865 -9.101583965382329 -1.5756251578442464 -0.0484186950721144
2.1475491158998706e-12 18.51776892970825 0.30492085 0.02161263 0.72139283 0.01640106 -7.601094706026669 -7.257427503528955 -3.564340642470744 -0.18032673500531246
2.264518148500431e-12 18.314943102973082 0.29586986 0.02200608 0.67698782 0.01506799 -8.0440777725915 -9.842155164340912 -0.2394079751899262 -0.39212801758591176
2.4469911059894368e-12 18.167329755280587 0.28656915 0.02191852 0.70278414 0.10077238 -7.568862436293376 -7.514297686021079 -3.231325255841563 -0.00045772481706257283
2.498992183002211e-12 18.078783000738973 0.31193566 0.02215607 0.69287505 0.13518537 -7.814428519134426 -9.252041728144272 -1.0765249622411353 -0.024334545760754122
2.4291951807713315e-12 18.031953157485674 0.30313321 0.02275009 0.69346886 0.02812522 -7.800641893516559 -8.466800050713507 -1.7675880181306283 -0.04375303837828007
2.3247292465658263e-12 17.976301454765615 0.29233099 0.02171893 0.71159328 0.0731249 -7.331794654222948 -7.719250796779681 -1.7213739637110532 -1.259533742771991
2.369190909731469e-12 17.809607455382864 0.31105767 0.02165445 0.70059313 0.06466587 -7.854537066099344 -9.302264475481467 -0.6053082281464932 -0.21419168503830918
2.5519926692276237e-12 17.637487617472296 0.31041797 0.02174197 0.70025917 0.07161667 -7.621123683060806 -8.658090180408301 -1.2146476517295965 -0.31574594018416247
2.5414024434170098e-12 17.61998335156967 0.28291125 0.02209091 0.68902338 0.07661787 -7.639377664234858 -8.579018346145926 -1.2364322011855116 -0.18265940590600296
2.3663389348751103e-12 17.589763094634595 0.29248858 0.02168865 0.68435903 0.0564491 -7.689674704351655 -7.8362133903326665 -2.082213307638068 -0.011881949247277418
2.2325192812141643e-12 17.54603926440212 0.27837478 0.02271939 0.71922791 0.01719818 -7.503529052789275 -7.329103319308 -2.497702944438142 -0.25942777809917805
2.091214394057897e-12 17.529504624187748 0.26451621 0.02208775 0.69862608 0.02022458 -7.697965193135522 -8.386347218902994 -0.30589517249879455 -1.155831679864811
1.9388134291944033e-12 17.50681682925302 0.29020075 0.022238 0.722174 0.03868523 -7.934462700003812 -8.238445049967224 -1.345751324072841 -0.010845550143874087
1.9019479162087366e-12 17.381099348227917 0.30414015 0.02215393 0.71453758 0.04207884 -7.970366249723857 -9.206740503905769 -0.21741514674020665 -0.11229492888318358
1.840326677195136e-12 17.37812102973737 0.27636961 0.02228863 0.68754418 0.00209123 -7.892828366815153 -8.968031511376104 -0.4778517856801356 -0.04238768435652185
1.6820090500837473e-12 17.370399986077786 0.3028573 0.02249912 0.69206673 0.07323141 -7.814762222088681 -7.18296093896205 -2.209887348645594 -0.17051052004104567
1.5744355106644565e-12 17.320297544526834 0.29160058 0.02253716 0.72114801 0.01697227 -7.44173970351748 -7.554756839137564 -1.83148004957142 -0.5424233938513173
1.4845991287147745e-12 17.296794253011676 0.30073645 0.02191671 0.68600613 0.08004443 -7.810460887613149 -8.631337342722048 -0.24651863391737033 -0.6319806802742644
1.3839772388884676e-12 17.270084193730973 0.28644743 0.02220237 0.71935731 0.04071804 -7.42970120079125 -7.495211795926156 -2.3466689383463315 -0.025212317947938444
1.3077402464217972e-12 17.21994548113302 0.30651621 0.02189723 0.7091524 0.01414547 -7.85241272341962 -9.037390703779305 -0.30169248232651485 -0.07858828420552832
1.2451341495353365e-12 17.17740260763584 0.29342284 0.02195944 0.7164241 0.04063774 -7.593420220422711 -8.868530330659901 -0.722382005935611 -0.03561292411479712
1.1586064937514591e-12 17.172928267051873 0.29709243 0.02186572 0.68909996 0.07405831 -7.811417655723008 -8.953221620889417 -0.4040967651551978 -0.008666565868218212
1.0632207898999915e-12 17.158658553217794 0.3039909 0.02216912 0.71202739 0.03849531 -7.457754697494037 -7.58322611708662 -2.0757061799745036 -0.056241272496713
9.86780187262519e-13 17.131660726026748 0.30133706 0.02234329 0.71261193 0.03764819 -7.773094529626878 -8.747449424057724 -0.5855698523330223 -0.05254474720017048
9.241825539752944e-13 17.099194845895667 0.28624258 0.02202085 0.71903276 0.03275063 -7.752923665694637 -8.572267514810793 -0.5595089656772911 -0.24696057984402442
8.578202324556317e-13 17.08982892590412 0.28777768 0.02208629 0.7180937 0.037269 -7.79211268689241 -8.994792115739106 -0.312288332847143 -1.7104170089792963e-06
8.831844593682756e-13 16.863097827490115 0.29115639 0.02247437 0.69515944 0.02874967 -7.800077463719232 -8.935391479954486 -0.3439762028304349 -0.010383779399964385
9.273387416569237e-13 16.79014482009159 0.29734061 0.02244373 0.70111086 0.00424031 -7.4197137186078255 -7.362395895117432 -1.593154042789532 -0.48783417097532594
8.786790114051673e-13 16.77897692714178 0.30210477 0.02223787 0.70230551 0.04640801 -7.354942934862487 -7.82967963967842 -1.181257379587416 -0.42426486596327045
8.053104360315337e-13 16.773883402881374 0.29403371 0.02218196 0.71606553 0.02335231 -7.512623611751607 -8.04820192935986 -1.105986937096219 -0.11216444893409187
7.62683744679877e-13 16.698537751404317 0.29742209 0.0224308 0.70635953 0.00687104 -7.706805582222092 -8.587457340558474 -0.41763963499822526 -0.06198084510258026
7.32370132188901e-13 16.663269925521906 0.29649868 0.02218876 0.69481093 0.04751021 -7.429069446571782 -8.001681051675234 -0.8690271173532953 -0.39876013580400405
6.874083483190798e-13 16.63452801450738 0.28976464 0.02211891 0.69986726 0.0531252 -7.415945701628191 -7.560846807590301 -1.619180158677187 -0.06729725762622449
6.34906676582677e-13 16.63134655315735 0.28158081 0.02219944 0.69335247 0.01222248 -7.519257816308632 -7.829907046843902 -1.262244520944559 -0.02311863041028716
5.811598134920756e-13 16.620837209526638 0.29032175 0.02222117 0.71876251 0.00706734 -7.563354503301584 -7.261526794460766 -1.7303838831214005 -0.0760813722735988
5.342333382978788e-13 16.60911906792469 0.29227399 0.0220868 0.7178966 0.00524236 -7.670178118341717 -8.53378157570651 -0.3212509176541479 -0.09562659782426577
4.929317861583931e-13 16.591186726434717 0.29548922 0.02239911 0.70264254 0.02158958 -7.652771733319633 -8.594981581117436 -0.35082192657417044 -0.010543826913451047
4.554026632308585e-13 16.576847317304786 0.29612129 0.02213337 0.71165446 0.02072495 -7.418645636507547 -7.74773186852552 -1.0851995392810363 -0.33960968212061277
4.214314198400165e-13 16.555676892290098 0.29438681 0.02213976 0.69623246 0.04287408 -7.587433646806936 -8.356535369779127 -0.6025063814007331 -0.030371919317988223
3.9634021845864363e-13 16.509417995298538 0.28846171 0.02248509 0.70300508 0.00452812 -7.426123763112679 -7.581315510670765 -1.5143464199830576 -0.03389119852359703
3.770731189066732e-13 16.464689451812845 0.27759115 0.02198254 0.71309452 0.01306604 -7.407613509424876 -7.527617044332159 -1.0630596004514743 -0.5111278410900313
3.5498625381550274e-13 16.439180293442 0.29325866 0.02196758 0.6980237 0.02687175 -7.59035205546546 -8.332580799352051 -0.5384400070285384 -0.003316589966795905
3.279798070170574e-13 16.432172742865966 0.28161324 0.02195398 0.71637941 0.00645263 -7.402644601604053 -7.642798320241249 -1.3872437958323982 -0.006493575764299908
2.992898419688547e-13 16.431626866971165 0.27936543 0.02243139 0.71478778 0.0020577 -7.588029004380563 -8.428071413134353 -0.4057726669901196 -0.010299658360928643
2.7255117546434964e-13 16.428726568987376 0.29084582 0.02214353 0.69590456 0.0190622 -7.55508828218618 -8.00892047832026 -0.467714633540625 -0.39990347292410244
2.493337652619293e-13 16.419095542910302 0.27701781 0.02225871 0.71524944 0.00736159 -7.40490634570082 -7.449542442939762 -1.538217353781303 -0.03606042656549075
2.3184927788794763e-13 16.3838042241835 0.27599309 0.02231848 0.70640658 0.00913397 -7.595905166994366 -8.239247568339163 -0.4492949630443434 -0.13464784453242634
2.1801936173334584e-13 16.351433036438113 0.28439377 0.02225588 0.70489991 0.02533756 -7.5646773846361155 -7.742173201822489 -0.8664447150337246 -0.21050892269116817
2.0407652921956785e-13 16.32527063037032 0.28042894 0.02215659 0.69807533 0.0061845 -7.507036895699303 -7.761863635504367 -0.9510555014554902 -0.13147700377895313
1.8901800632276185e-13 16.31397900816663 0.29096994 0.02203232 0.70077277 0.02431752 -7.525816062350998 -7.371706190992185 -1.3836628492691918 -0.044085527757944575
1.73045082247273e-13 16.311200586646056 0.28991421 0.02227227 0.70038004 0.00884621 -7.426897230908284 -7.683713945682721 -1.2030089917951476 -0.0003588397804777715
1.5849496899283265e-13 16.299052214424307 0.29381329 0.02201024 0.7075739 0.00572084 -7.396954365658515 -7.535342756162855 -1.2285256540083649 -0.15037781081631896
1.4514701194462724e-13 16.296496458833133 0.2915265 0.0222968 0.70342037 0.00365528 -7.437682209944188 -8.057544545545197 -0.8036003305829985 -0.00022512835192630077
1.3260357302864635e-13 16.289209658121298 0.27736627 0.02200237 0.71014873 0.00872036 -7.389755315584901 -7.687712316449365 -1.0379781885306507 -0.18105063826821333
1.223003643682257e-13 16.267745997496398 0.288903 0.0219676 0.70610168 0.01796499 -7.55394092988324 -8.061189047233423 -0.6733448337971003 -0.0007348472075345188
1.128699214738823e-13 16.2589813407656 0.28706108 0.02218471 0.70498516 0.02244208 -7.465158623038983 -7.912851303781556 -0.8832489943407634 -0.0064870763350937406
1.0483009796920138e-13 16.225182201465305 0.28516931 0.02193623 0.71064732 0.00694801 -7.478256367385113 -7.770458811601715 -0.9461627343438771 -0.06410342743489647
9.752328913007748e-14 16.212614312323076 2.75465041e-01 2.20833405e-02 7.03402876e-01 3.38980417e-04 -7.495510971155427 -8.06363806714337 -0.6494523795404393 -0.01658078362607099
9.058033046060716e-14 16.182457949021494 0.27913556 0.02193984 0.70562037 0.00411124 -7.565447452998076 -7.598658036135293 -1.0390286183788198 -0.009480204810889386
8.370244971105734e-14 16.17970618596246 0.2790635 0.0219045 0.70844179 0.00103338 -7.507718815411779 -7.749449559917362 -0.9101046521076955 -0.015184921584660073
7.66440313841817e-14 16.16806261132833 0.28712602 0.02201659 0.7089157 0.00889589 -7.505073066467259 -7.884699774788348 -0.7584096177779494 -0.03152372692890126
7.018513069752815e-14 16.165124608655272 0.28725007 0.02195034 0.70642202 0.00719792 -7.47418712942991 -7.959562719955136 -0.7342853071133462 -2.7454829940041633e-05
7.037492133867587e-14 16.162660983639135 0.2897377 0.02200108 0.70856467 0.00200678 -7.44326400340694 -7.8447977129603625 -0.8655981154633988 -0.011464776824571204
7.055917589705904e-14 16.159895476394734 0.28579329 0.02212282 0.70276773 0.01232078 -7.441219517661899 -7.968478400491323 -0.7521168519808568 -0.0008462135050549328
7.067205177195229e-14 16.159462208055125 0.28419867 0.02222635 0.70881629 0.00927021 -7.447515014955661 -7.609868337051788 -1.0775288132541003 -0.02498331113318354
7.074135373169638e-14 16.15793574619498 0.28188795 0.02214087 0.7100634 0.00865516 -7.488165160643531 -7.831366830376707 -0.7393134346118962 -0.10061678242298899
7.0857635358443e-14 16.15617758241324 2.90616806e-01 2.20100616e-02 7.05785718e-01 2.80164220e-05 -7.512629993444236 -7.933307906760373 -0.6774772532604517 -0.03452059272991829
7.096836730122714e-14 16.154812402288037 0.28636434 0.0220163 0.70304852 0.01017624 -7.40349198558636 -7.85161892272901 -0.9008332792957523 -0.00023339480211428316
7.280224004209577e-14 16.10575378758701 0.28453658 0.0221601 0.70302436 0.00432719 -7.437927607668152 -7.656430700727791 -1.0604217938360363 -3.230005605971545e-05
7.494589801071747e-14 16.096194084917432 0.28534238 0.02204883 0.7063501 0.0068984 -7.442697588992784 -7.554784394505896 -1.061888608496114 -0.0463831955922131
7.556204419759685e-14 16.089367385910677 2.87938248e-01 2.20902622e-02 7.04058091e-01 6.20109221e-04 -7.45394820233367 -7.770736589710437 -0.869545227221738 -0.001964065651585722
