0.0 378494.24408137257 0.13140259 0.02008656 0.52938791 0.34764315 -12.272937954452898 -16.36985802970131 -14189.16025457525 0.0
0.0 328486.7187189006 0.27028732 0.02114305 0.42816965 0.555966 -51.819028929077255 -221.95772369824772 -378220.46732874523 0.0
0.0 284607.2208961531 0.20146104 0.02398163 0.51661844 0.35761417 -48.78048603022032 -126.28978381772191 -328311.64844905265 0.0
0.0 275431.5491717651 0.42402554 0.02006721 0.77599005 0.83489444 -38.66416467145272 -112.98440476306004 -284455.5723267186 0.0
0.0 270606.0580981267 0.364357 0.02112792 0.89329511 0.51899814 -115.22406278103439 -173.92582237792107 -275142.3992866062 0.0
0.0 227756.87375209646 0.14445092 0.02327591 0.60309286 0.11929985 -98.38842763255141 -123.6159908726294 -270384.05367962155 0.0
0.0 202445.42467575823 0.38943285 0.02171986 0.80357019 0.64539401 -33.53965558214496 -122.283518239644 -227601.05057827468 0.0
0.0 143909.05275092024 0.30518314 0.02242922 0.8326509 0.69035241 -76.73413457754559 -114.01963639330822 -202254.67090478737 0.0
0.0 138318.91337704065 0.46390043 0.02112865 0.69272613 0.64800721 -75.28719322375102 -145.96778402467592 -143687.7977736718 0.0
0.0 131779.58715554074 0.37875438 0.0211625 0.69094158 0.97586586 -42.89769549021209 -74.08477489372288 -138201.93090665672 0.0
0.0 88887.31451893927 0.29874013 0.02356776 0.768907 0.84992842 -95.1332366007367 -209.7263805714558 -131474.72753836855 0.0
0.0 74760.1390822444 0.46048794 0.0233607 0.4876111 0.11239265 -77.13116614236979 -182.53273728595502 -88627.65061551094 0.0
0.0 54075.940454983436 0.45573313 0.02270728 0.63548142 0.63181996 -20.236696969554693 -88.6511986885746 -74651.25118658626 0.0
0.0 48312.91654054094 0.11948986 0.02419474 0.72546438 0.71409149 -21.44016206295261 -43.98099806112996 -54010.519294859354 0.0
0.0 44618.81694027784 0.42145087 0.02044575 0.67273543 0.30682082 -46.52854809385849 -364.92928346449304 -47901.45870898259 0.0
0.0 23810.785681133028 0.30414348 0.02000068 0.7254776 0.22447801 -13.016030378931914 -25.636253975052743 -44580.16465592385 0.0
0.0 14217.803050559405 0.28621513 0.02010617 0.60291039 0.20610188 -10.857184369573075 -29.437255773786774 -23770.491240989668 0.0
0.0 7685.818354586905 0.1411428 0.02000712 0.85156999 0.37030701 -12.272937954452898 -16.36985802970131 -14189.16025457525 0.0
0.0 7066.145177733331 0.49178322 0.02331369 0.59987877 0.26242194 -31.458548470881382 -215.20664559461437 -7439.1531605214095 0.0
0.0 6578.720933736336 0.19535253 0.02458843 0.7463873 0.11301253 -8.673370612061662 -27.964493704706417 -7029.507313416563 0.0
0.0 5944.385311842972 0.46904992 0.0207559 0.47177109 0.71034456 -11.575347863538706 -55.672328972483534 -6511.473256900314 0.0
0.0 5389.982403775884 0.3143443 0.02196053 0.62296786 0.77222606 -11.885653925911589 -27.462138577713112 -5905.037519339347 0.0
0.0 4282.991481185562 0.16396275 0.02453633 0.87018767 0.17703806 -22.85415164284079 -107.03741697089457 -5260.090835162149 0.0
0.0 4108.351818617621 0.28077748 0.02303989 0.6350867 0.40922548 -23.121612891181016 -125.56035502460128 -4134.30951326978 0.0
0.0 3767.0901194332564 0.28180698 0.02237591 0.70715144 0.27144903 -10.799726041952228 -36.91126971553122 -4060.6408228601376 0.0
0.0 3722.061746039962 0.24068311 0.02160258 0.75159547 0.12360393 -9.941876282606218 -29.761018952728154 -3727.387224197922 0.0
0.0 3020.3448890983987 0.4660214 0.02267222 0.62458473 0.00085722 -10.062155085357213 -36.1470033799865 -3675.8525875746186 0.0
0.0 2523.9316431851266 0.22264358 0.02032493 0.65384338 0.64931807 -9.247340502034527 -54.60315444839579 -2956.4943941479683 0.0
0.0 2108.5153092535847 0.19956862 0.02206973 0.66829735 0.92742952 -22.29669453321755 -138.3804147023153 -2363.2545339495937 0.0
0.0 1898.1740243268446 0.2598333 0.02351531 0.66513109 0.42252965 -55.06679585238277 -294.16480970293287 -1759.2837036982692 0.0
0.0 1881.9000782132764 0.13077946 0.0249987 0.82282434 0.7116958 -12.022471535571771 -51.46305829440133 -1834.6884944968715 0.0
0.0 1833.6226231242485 0.23435407 0.02419707 0.68965035 0.82448858 -59.46686954064045 -337.2241113105651 -1485.209097362071 0.0
0.0 1721.6229154129946 0.31961952 0.02313761 0.56141891 0.91673016 -40.79833366669315 -195.31791215202705 -1597.5063773055283 0.0
0.0 1601.8563534399318 0.49581727 0.02181409 0.5614297 0.04724416 -30.61057821351143 -162.00785546938425 -1529.004481730099 0.0
0.0 1424.8878617795954 0.33335174 0.02161601 0.57436546 0.65754477 -10.229583240834444 -70.30550495321741 -1521.3212652458799 0.0
0.0 1374.578884748371 0.15821478 0.02162015 0.77731688 0.55685345 -13.365354600443213 -56.96267263863223 -1354.55983454052 0.0
0.0 1369.3451276619644 0.30269152 0.02338835 0.64054529 0.34982964 -32.6714433985072 -215.8359613275974 -1126.0714800222663 0.0
0.0 870.1451141568905 0.48987638 0.02365356 0.58108199 0.07117598 -9.006874817367633 -22.895701303955555 -1337.4425515406413 0.0
0.0 788.3904199666924 0.4329618 0.02404662 0.52243174 0.87605105 -9.12004082462694 -60.53416930999942 -800.4909040222641 0.0
0.0 777.699531079301 0.31895209 0.02443853 0.65684866 0.21128297 -19.50417229577551 -87.87418374895302 -681.0120639219639 0.0
8.348151920102281e-248 562.0156132295596 0.477969 0.02323589 0.5527015 0.31565902 -7.605729844586261 -12.298482535510445 -757.7953186992042 0.0
1.2475187885060706e-243 552.3083219991981 0.3269042 0.02283702 0.57877872 0.82543454 -7.671517285820621 -22.7200236096538 -531.6240723340851 0.0
9.61744721940024e-201 453.461954819009 0.23371407 0.02157257 0.70734041 0.25957645 -22.437133652247063 -113.95912152600422 -415.9120668209468 0.0
1.5524300345196233e-198 448.2882945813689 0.44478262 0.02261671 0.59356886 0.21425609 -11.005230271445017 -48.244833676385696 -394.2118908711783 0.0
5.21066600793314e-189 426.25318453118325 0.42419282 0.02344983 0.54213123 0.7315817 -7.497994491422523 -23.508259878615444 -417.2820402113309 0.0
1.3796177163543193e-187 422.9165440853048 0.35469618 0.02222787 0.59363981 0.5832764 -11.949031294429735 -43.70915944044848 -370.59499379630506 0.0
1.6799943386340142e-176 397.2608752190532 0.28559734 0.0223784 0.68583612 0.03520823 -10.608663237496112 -36.38854924400846 -375.91933160380023 0.0
9.245964555224571e-176 395.6407098986656 0.2345183 0.02214419 0.70991116 0.26059274 -7.606486280950975 -11.841922631633306 -377.81246630646893 0.0
4.3021453332332305e-175 394.00540257211674 0.41066921 0.0228833 0.53788983 0.77304904 -11.013474051715287 -47.57056153410471 -337.0566743128456 0.0
1.9007024415163923e-162 364.61532027735615 0.39405852 0.02276851 0.54084705 0.78050926 -13.894470375195048 -58.07688124069148 -322.0340509562302 0.0
6.078218720117157e-146 326.51616045416813 0.29103317 0.02250317 0.67227283 0.30811793 -14.873977426547464 -65.51696614134225 -284.2243767094664 0.0
5.001154481063747e-145 324.43038986139527 0.46850369 0.02308689 0.55096629 0.37267225 -9.057321359759792 -25.67469096243629 -291.7841481319721 0.0
7.878873724427944e-140 312.2505613836454 0.46546143 0.02306602 0.56479837 0.27583568 -7.42441935347839 -16.41337521286882 -300.59259529504806 0.0
3.46081058181629e-103 227.78227976156575 0.41089451 0.02293064 0.58787766 0.29572118 -7.652376669320943 -23.68145778403048 -280.916726930294 0.0
2.3687770412110662e-101 223.47429934067964 0.26944943 0.02229607 0.67558019 0.35398885 -7.329258896773784 -13.594543191416737 -206.85847767337523 0.0
8.298993133722238e-94 205.9937622261937 0.40610104 0.02205319 0.58039982 0.42593392 -10.444763299965155 -38.881743822967735 -174.14779221774674 0.0
4.1998741828635065e-93 204.47495523165318 0.45886411 0.02190066 0.5732707 0.17441921 -7.504777358751831 -12.61620940933896 -185.8727754581029 0.0
9.179334880855678e-82 178.07130017436862 0.43904487 0.02378128 0.57993638 0.37610273 -8.253533370167597 -32.95562402827797 -163.2657978332076 0.0
4.605901069284682e-79 171.7596645588459 0.48498301 0.02195503 0.51955018 0.57993409 -7.161645215310373 -13.029967772318871 -157.87968718673937 0.0
5.743159961911798e-76 164.5348424478806 0.32248052 0.02290614 0.632959 0.37695637 -7.718098163407896 -13.683583418608155 -150.35798297682987 0.0
1.224472272051303e-75 164.23698737803295 0.33139419 0.02172828 0.65560275 0.12166136 -8.644682344546576 -20.764537469273648 -135.1256226340604 0.0
1.7222598168690043e-73 158.64382742149363 0.46925275 0.02350304 0.51612151 0.71769345 -7.28903909900504 -11.811097682154223 -145.13685059687367 0.0
8.80754537253599e-66 140.79473377129187 0.26648259 0.02204973 0.69415362 0.17454424 -9.943197644414896 -30.134208634388457 -118.56642114269027 0.0
1.9953168280280756e-63 135.28049512783141 0.33776829 0.02187512 0.63574561 0.265071 -8.60253805944242 -22.86744432292967 -109.32475138891978 0.0
1.3743511956004795e-58 124.04107281633465 0.42049174 0.02325091 0.56811233 0.45526271 -7.581034901788405 -12.83910978665449 -114.86035043938851 0.0
1.2529175693162285e-54 114.82801571767163 0.41472493 0.02354708 0.60204052 0.25013514 -7.526638107525141 -12.340938855715867 -104.17349585309364 0.0
2.1525581569665106e-53 111.94319899510066 0.42032408 0.02176238 0.56066219 0.47302961 -7.214433896723649 -15.881663753559309 -91.73191806738868 0.0
3.1967142526316844e-51 106.79870625086778 0.41367551 0.02250874 0.59287353 0.23565446 -7.725161032806463 -12.994885510692106 -91.22315245160209 0.0
2.3008445426411708e-48 100.11993006166111 0.44284202 0.02395758 0.56054009 0.47881166 -7.417982181881054 -16.758249634261908 -82.62247443472482 0.0
9.411676004862354e-47 96.33454987881598 0.40430284 0.0228945 0.58071636 0.46246629 -7.389723955504001 -12.215487134840998 -80.5147189713161 0.0
2.7271016438818833e-37 74.42965402510592 0.43941669 0.02272203 0.54571891 0.55907476 -7.711922435120469 -13.869729108353733 -74.75289833534178 0.0
1.4317916373254535e-34 68.0726344150715 0.29517876 0.02216955 0.67411992 0.16950742 -8.0260262863543 -15.674840853005998 -50.72878688574561 0.0
5.51947172025227e-33 64.34747370310886 0.35394822 0.02235095 0.63850852 0.11626143 -7.832104013113797 -14.966244679284266 -45.27428572267344 0.0
1.154916901120606e-31 61.230773709292194 0.35209846 0.02265176 0.64605997 0.08482258 -7.329552647740631 -13.52102620087441 -43.49689485449382 0.0
3.8279790987688947e-28 52.9863125065991 0.37677602 0.02134936 0.62433941 0.07743142 -7.297948875760514 -14.397712108805347 -39.53511272472633 0.0
6.038699150164917e-27 50.19164206329062 0.37830435 0.0217127 0.62078882 0.15368382 -7.662801913250256 -19.340469798900735 -25.983040794448108 0.0
3.759692279241335e-26 48.35629869142024 0.4400367 0.02199798 0.56575612 0.3723308 -7.3708875047174605 -15.267460826887987 -27.553293731685173 0.0
8.723610268368137e-26 47.68357097457623 0.4396009 0.02174469 0.58325979 0.19448641 -7.3121749537671965 -13.224049186597878 -27.820074551055168 0.0
1.326299966320217e-25 47.26102667075311 0.43052021 0.02308208 0.58241289 0.32135648 -7.800823525650076 -24.915689052531835 -14.967058396394318 0.0
1.0058597441903978e-23 42.34033545239519 0.35378054 0.0219392 0.63851567 0.09808964 -7.2058676252784055 -14.356617904228036 -25.698541141246665 0.0
1.821509466758018e-23 42.33383899265108 0.49916393 0.02258497 0.52014519 0.53633 -7.387369396580795 -14.12381921974601 -20.829146836068382 0.0
3.112905103453644e-23 41.32312531545971 0.39512273 0.02324016 0.5986193 0.34102028 -7.392146350849255 -12.409361940103647 -22.532330701698175 0.0
7.32900024583599e-23 40.39394813491615 0.48530263 0.02275846 0.54667513 0.37899918 -7.277471624593774 -11.721656042266833 -22.323997648599104 0.0
1.4623081491422072e-22 39.67055200438489 0.42219456 0.02169148 0.58319665 0.27247177 -7.376550502749961 -17.789661719606514 -15.227735912559679 0.0
2.8723245322969617e-22 38.87809953790493 0.33456858 0.02277496 0.65745335 0.09561823 -7.431207825277623 -15.724057700466007 -16.515286478641258 0.0
8.881271927885681e-22 37.506649655330904 0.36992435 0.02212365 0.63157415 0.12236812 -7.254682944916167 -12.133779501667561 -19.489637091321203 0.0
1.746922997051215e-21 36.96859105878986 0.35706448 0.02229355 0.64076146 0.12000863 -7.324133810305971 -15.428132999951861 -14.754382845073067 0.0
3.1188676345601507e-21 36.22163858925126 0.36874963 0.02166255 0.63041591 0.09717825 -7.260571059241622 -13.713599117061303 -15.994420882486937 0.0
5.1966146117244685e-21 35.69030284526111 0.43832975 0.02292472 0.56390592 0.44082047 -7.4531626210141 -16.49332857929257 -12.275147388944593 0.0
7.11653958228199e-21 35.35963671193214 0.37081733 0.02247133 0.63062859 0.14672908 -7.306416696879329 -12.029768791507454 -16.354117356874326 0.0
8.087398335515278e-21 35.22146889973018 0.41655872 0.02200136 0.59060832 0.25689338 -7.263319061315067 -14.510120500134105 -13.586197150482967 0.0
2.0513374999386996e-20 33.781596077845066 0.45683699 0.02267121 0.56455466 0.34742241 -7.354776789344678 -15.74774501405128 -12.118947096334221 0.0
4.3845150256010596e-20 33.13540840588058 0.38912894 0.02272827 0.61311181 0.2184495 -7.285144004134869 -16.047049552929565 -10.44940252078063 0.0
2.1474155259952137e-19 31.15983363756834 0.37324851 0.02250972 0.6070942 0.33034271 -7.2373628911008945 -14.003533341448026 -11.89451217333166 0.0
4.725587675428092e-19 30.59659456832142 0.32503362 0.02249429 0.66981516 0.01960312 -7.451617557353675 -11.85556880386995 -11.852647276344715 0.0
2.101471542663423e-18 28.69794714928599 0.34647841 0.0222448 0.64215923 0.13217288 -7.284197042495221 -12.985887510842534 -10.326510014983665 0.0
4.6675127255519236e-18 28.105121756042905 0.4836263 0.02246633 0.53671302 0.4600634 -7.301965263942381 -12.311535110719824 -9.084446774623785 0.0
1.8074509684232583e-17 26.379818218510202 0.37205402 0.02254219 0.61894018 0.22929826 -7.296087959128545 -13.247902162698923 -7.561131634215441 0.0
3.333263342551445e-17 26.050565792060052 0.47416776 0.02223066 0.54921629 0.37376608 -7.2683511571290005 -12.148344566248397 -6.963122495132804 0.0
3.700385250732424e-17 25.95550561024338 0.35725124 0.02249689 0.63634196 0.16715166 -7.418434641476223 -16.665814478961977 -1.96631667162185 0.0
3.737294005226255e-17 25.841107359466854 0.37689268 0.02244647 0.61450391 0.23815468 -7.2376193873744405 -12.408607714794464 -6.3092785080744775 0.0
4.6069496555021574e-17 25.392993938112717 0.41008951 0.02270832 0.58190145 0.38990881 -7.278275874573743 -12.285572777958876 -6.277258706934235 0.0
5.706143962644773e-17 25.18367834946247 0.38315666 0.0220487 0.61102526 0.22719852 -7.348443841599889 -11.827838953376762 -6.216711143136065 0.0
6.390138097976365e-17 24.975799477523672 0.38100747 0.02210306 0.61533058 0.20477179 -7.30003036504882 -13.06374070662308 -4.81990727779057 0.0
7.259080427096844e-17 24.741027378354083 0.41948582 0.0220901 0.58387346 0.29874988 -7.29334272598514 -13.573623272495027 -4.108833479043504 0.0
7.402974353405015e-17 24.732193271031402 0.40067954 0.02247633 0.58925697 0.35507181 -7.326251971548975 -14.155413816933962 -3.259361589871147 0.0
9.0687805621576e-17 24.211503065930394 0.34769312 0.02249011 0.64412663 0.147016 -7.337338275547282 -11.761952432349359 -5.632902563134761 0.0
1.0984814937279446e-16 24.09460755155664 0.3744527 0.02204318 0.61800473 0.20547252 -7.2460078511386365 -12.127160882777588 -4.8383343320141705 0.0
1.0975853396702463e-16 24.020474414551778 0.41506835 0.02231665 0.59103978 0.27109938 -7.302366037664131 -12.898471530425809 -3.8937699834667012 0.0
1.0475069741608175e-16 23.996160544344832 0.40096075 0.02255598 0.59041685 0.34465878 -7.300197760998906 -14.872051425184731 -1.848225228368138 0.0
1.0166437756897604e-16 23.89221852764745 0.36449037 0.02217656 0.62173771 0.22937778 -7.313424430850032 -11.811998378001825 -4.870737735492975 0.0
1.0615422210336775e-16 23.723515213823074 0.39292974 0.02267328 0.6018912 0.30143701 -7.310705652157878 -11.76564905610822 -4.815863819381351 0.0
1.1799807637815568e-16 23.495868540303313 0.42173355 0.02226245 0.58348642 0.30489679 -7.244924380683182 -12.03484339369052 -4.443747439449371 0.0
1.359176725394267e-16 23.252032272606385 0.3677525 0.02243102 0.6221718 0.21736516 -7.2925928320664894 -14.129379327926552 -2.0738963803102726 0.0
2.1635011401363503e-16 22.49919110847492 0.36342109 0.02207589 0.62977944 0.15572363 -7.277160988667191 -12.105491097935833 -3.8693801860033608 0.0
3.4286991257051086e-16 22.051690147928912 0.38511211 0.02254194 0.61069527 0.25218675 -7.304872404785122 -13.289846326923373 -1.904472376766423 0.0
4.0854603670004606e-16 21.913202603250724 0.42416401 0.02248645 0.58026448 0.33371003 -7.2387875160075685 -12.545421597539764 -2.267481034381577 0.0
4.0768877305670644e-16 21.86115708786775 0.39470938 0.02249771 0.60344726 0.26666517 -7.25587284137223 -13.277184602774543 -1.3801451591039497 0.0
3.994684192053628e-16 21.764956599812898 0.41255321 0.02228759 0.59076556 0.27991277 -7.244015865572371 -12.916229828683027 -1.7009113936123508 0.0
4.139503647797743e-16 21.603510412608266 0.32967034 0.02230976 0.65882035 0.08557687 -7.296238337346011 -14.194473292400058 -0.2742449700668266 0.0
4.0978577576172805e-16 21.58810948310102 0.42718304 0.02237349 0.57545042 0.34968981 -7.290859231082755 -11.981927101862095 -2.330724079663414 0.0
4.0415660736968857e-16 21.445569998696687 0.41731581 0.02245045 0.58361972 0.33217641 -7.287841806493395 -13.012934432913282 -1.2873332436943445 0.0
4.071607396624157e-16 21.37871986782131 0.35906356 0.0222249 0.63504617 0.14145116 -7.260460276820884 -12.80294244171457 -1.3821672801612346 0.0
4.0333091779335225e-16 21.275401467418586 0.3283102 0.02244094 0.66264632 0.07012036 -7.283851283782306 -13.260593352376056 -0.8342752316629501 0.0
4.086828693804058e-16 21.162265997252025 0.33221716 0.02255401 0.65848001 0.10055327 -7.273347952811308 -12.1600493699424 -1.842004144664879 0.0
4.076548215339667e-16 21.087998857738956 0.3452261 0.0223492 0.6450748 0.13917571 -7.260645677226642 -11.922866512449279 -1.9787538075761049 0.0
3.8527879449085467e-16 21.083180011557054 0.3477265 0.02233752 0.64432651 0.1297999 -7.26270999282717 -12.100787875896579 -1.724500989015209 0.0
3.8693173399464913e-16 20.897424468103303 0.39743441 0.02245533 0.60126931 0.2669033 -7.261325384575384 -12.475808069513665 -1.3460465574680054 0.0
3.8562141511450457e-16 20.89074127379526 0.36291768 0.02217892 0.6289345 0.17333481 -7.256811416490086 -13.14982041663302 -0.4907926349801954 0.0
3.5328314468370195e-16 20.88198461856746 0.38825509 0.02229971 0.60901177 0.23197347 -7.284855492728736 -12.730222142245726 -0.8756636388207986 0.0
3.2438389887512645e-16 20.870817237026323 0.35726506 0.02226309 0.63513978 0.14924733 -7.278518384705046 -13.414751782989958 -0.18871445087245586 0.0
3.079646085741891e-16 20.79659561445176 0.41966318 0.02251277 0.5825332 0.33205671 -7.281093346720222 -12.849775345393072 -0.7399485449130292 0.0
3.0596237974786454e-16 20.694471610417963 0.41173627 0.02235142 0.58881941 0.3037098 -7.258245849879275 -12.980314799837387 -0.5580349647351004 0.0
3.126079336489182e-16 20.564607013369603 0.34113279 0.02217894 0.64943566 0.10422819 -7.2758746516986665 -13.227220142855234 -0.1913768158640621 0.0
3.3873470440092337e-16 20.35053776726948 0.33214843 0.02222507 0.65544025 0.10088698 -7.286420864460317 -12.492594505111745 -0.78559164379754 0.0
3.4650307515229576e-16 20.317476352613806 0.3544592 0.02233768 0.63788279 0.14653922 -7.29461610708662 -11.903266708036004 -1.152654952146852 0.0
3.253893486047489e-16 20.285636061109134 0.34735051 0.02231172 0.64238312 0.13957638 -7.26811424314167 -12.658312299266306 -0.39104981020582685 0.0
3.0180631411730916e-16 20.27709477773284 0.33764485 0.02222282 0.65094328 0.11050906 -7.2781377397824585 -12.230380728272255 -0.7771175930544211 0.0
2.7734795306342934e-16 20.264065108955943 0.35524882 0.02229141 0.63705423 0.1472708 -7.2892316276633835 -12.091666772786978 -0.8961963772824798 0.0
2.666485605907665e-16 20.16744746493363 0.31869006 0.02244731 0.66684803 0.0910547 -7.27241041696491 -12.711461546408463 -0.2801931455825684 0.0
2.586391434665548e-16 20.132414165905356 0.32391513 0.02254824 0.66419826 0.09824992 -7.317491067285496 -11.518510822518165 -1.331445575129969 0.0
2.402837063271695e-16 20.12376595948021 0.33551452 0.02244492 0.65518394 0.10130674 -7.287173776114067 -11.606361050790294 -1.2388793390009962 0.0
2.279947213056373e-16 20.04819811063265 0.34452291 0.02235302 0.64622954 0.12442276 -7.265465234701716 -12.113377707134104 -0.7449230176443877 0.0
2.1851087529233035e-16 20.016936015612718 0.33124872 0.0222661 0.65634764 0.1058505 -7.270981794878214 -12.32827803965964 -0.448938276094796 0.0
2.0302228411334818e-16 20.004412716977622 0.35199637 0.02237154 0.6392937 0.15273022 -7.288535876087977 -11.799765272065471 -0.9286348674592702 0.0
1.9084710144385193e-16 19.950684356427228 0.34085648 0.02234968 0.64713307 0.13526678 -7.260846187892451 -12.312330114520526 -0.431236414564646 0.0
2.0397311887120246e-16 19.696188090829956 0.33805151 0.02241536 0.65173358 0.11987009 -7.282523175971263 -11.884459890349099 -0.7837012901068641 0.0
2.1043011851845772e-16 19.68163753911778 0.33447476 0.02250999 0.65241021 0.13652615 -7.266292094885288 -11.969544156322186 -0.46035183962248327 0.0
1.992778271528306e-16 19.61551495610675 0.3247828 0.0224255 0.66043228 0.11560334 -7.287742142268777 -11.599377697673802 -0.7945176991752017 0.0
1.919215887578198e-16 19.56576907044465 0.35182583 0.02241254 0.63792991 0.16887116 -7.3135527240769225 -11.516482327679965 -0.7854799043498621 0.0
1.805956539276882e-16 19.546026083126023 0.35138701 0.02232426 0.63876709 0.1561264 -7.263454324174191 -11.997843318791372 -0.30447142747908706 0.0
1.662480181686356e-16 19.540618212065635 0.31671771 0.02250508 0.67189134 0.06563598 -7.269479301956983 -12.197529752334395 -0.07901702883464462 0.0
1.5231335946061792e-16 19.530505547765024 0.32845173 0.02234758 0.65769753 0.11383918 -7.292633073815496 -11.643461053680216 -0.6045240845699206 0.0
1.4269684128139034e-16 19.481019608667662 0.35098905 0.02234636 0.63911594 0.15671959 -7.29978948244691 -11.605464408839463 -0.6252516564786522 0.0
1.3361222310515897e-16 19.470860123014035 0.35537263 0.02239384 0.63355914 0.18766737 -7.267767702613662 -12.15855490922655 -0.054696996827449176 0.0
1.2209084395523646e-16 19.47072616387372 0.34888091 0.02241849 0.63827485 0.18161652 -7.270061368650512 -11.90045051121861 -0.30034824314491465 0.0
1.130246223447713e-16 19.434880368760584 0.33699268 0.02239046 0.65285595 0.11165488 -7.282339050072984 -11.68583327694121 -0.5025538368595259 0.0
1.0589612270960466e-16 19.41023059548429 0.32257295 0.02245712 0.66384293 0.10180614 -7.269657750698459 -12.03390118186862 -0.1313214361935054 0.0
9.762339646695248e-17 19.40679397594407 0.32202375 0.02241757 0.66437425 0.09326162 -7.304038192364844 -11.551173617418101 -0.5550187857013452 0.0
9.005555410210596e-17 19.381152519636963 0.32706243 0.02246468 0.65883704 0.1191867 -7.3038912797761055 -11.573967377858343 -0.5289353183096193 0.0
8.300031613187802e-17 19.37917488970846 0.34515663 0.02241001 0.64423026 0.14484927 -7.303836411444384 -11.535548022218679 -0.5417680859738995 0.0
7.588768191546316e-17 19.36973354489964 0.32130602 0.02249628 0.66527117 0.09811723 -7.268626679418452 -11.989733233270556 -0.12081497701944915 0.0
7.023904618516314e-17 19.343405546821387 0.33187161 0.02249645 0.65567467 0.1225106 -7.304654389881801 -11.544403705754863 -0.520675449262975 0.0
6.57492663102403e-17 19.311309148369773 0.32759977 0.0223481 0.66002795 0.09496699 -7.283428163127201 -11.640417780151669 -0.41955960354251615 0.0
6.096700305174816e-17 19.303574067356628 0.32801152 0.02240332 0.66065798 0.09466332 -7.289906491685951 -11.751068216073623 -0.27033444061019957 0.0
5.583177102464793e-17 19.296665171476963 0.32408618 0.02231426 0.66385551 0.08024571 -7.279440662096506 -11.784079593955322 -0.2400538113048 0.0
5.1010438271118626e-17 19.29356976353342 0.33092054 0.02232693 0.65810841 0.09250418 -7.291114188508481 -11.769561448580582 -0.23598953438789932 0.0
4.678762142606893e-17 19.278919305522017 0.34060013 0.02242299 0.6469334 0.14617033 -7.280979709607915 -11.961950399576324 -0.05063965434917932 0.0
4.372414403598296e-17 19.238735843639674 0.3165462 0.02243019 0.67280376 0.05155728 -7.280680178555697 -11.732543333535506 -0.2656957934308141 0.0
4.078549657445819e-17 19.22707708198115 0.32443049 0.02245637 0.66357678 0.09225833 -7.288220926507962 -11.762365082215778 -0.18814983491593187 0.0
3.783548554896132e-17 19.19844466675292 0.32638991 0.02234706 0.66249445 0.08178849 -7.286812016177395 -11.66316324486688 -0.2771018209368794 0.0
3.5151464328088645e-17 19.18347014730314 0.33229352 0.02236554 0.65547469 0.1115723 -7.282495775638936 -11.864178127373489 -0.05177076374049759 0.0
3.28988522944458e-17 19.140682909233586 0.32604024 0.02243599 0.66091839 0.10397456 -7.28463033230054 -11.770859488526977 -0.12798032647562096 0.0
3.05785834807176e-17 19.138668939332206 0.32283471 0.02234378 0.66521814 0.0768206 -7.294122695816577 -11.609757116954802 -0.23680309646220654 0.0
2.784763258620273e-17 19.1371659419444 0.33428592 0.02237166 0.65338502 0.12063547 -7.290852370136088 -11.751974756032885 -0.09584181316323255 0.0
2.5353827923131338e-17 19.135685033958204 0.32418107 0.02244334 0.66291983 0.09711357 -7.283414775988538 -11.755472308250583 -0.09827885770527837 0.0
2.3099488834979713e-17 19.13278560093134 0.31496653 0.02243866 0.67357608 0.0532145 -7.294853529418684 -11.608839019418944 -0.2319924851205744 0.0
2.111445186808592e-17 19.12478409911627 0.3296515 0.02244287 0.65819353 0.10885017 -7.295981617094388 -11.681850099365404 -0.15495388447154462 0.0
1.950072511590486e-17 19.101299273207562 0.31781456 0.02240279 0.66973887 0.06889077 -7.283311682867551 -11.69164965630738 -0.14982275994133815 0.0
1.7955472403552804e-17 19.099140448663935 0.32973734 0.02242772 0.65760374 0.112949 -7.299456889176998 -11.640709117271093 -0.16113326675947176 0.0
1.6391280969493012e-17 19.092978027305143 0.325081 0.02240209 0.66255773 0.09329953 -7.287398022982502 -11.655361235114881 -0.15638119056655198 0.0
1.499622516285656e-17 19.086423399242047 0.32497453 0.02242521 0.66316764 0.08920244 -7.289647096850432 -11.674457812086358 -0.1288731183683525 0.0
1.368173654871359e-17 19.085820355420836 0.32134037 0.02239701 0.66638695 0.07807195 -7.285859832679232 -11.708969880513235 -0.09159368604958135 0.0
1.2449200620419371e-17 19.084614174794716 0.32274318 0.02237095 0.66585631 0.07353559 -7.293636723443162 -11.677410674028932 -0.11477295794873943 0.0
1.2460583924129004e-17 19.083992163423634 0.31231639 0.02242592 0.67591514 0.04811275 -7.286780345512353 -11.786130395027804 -0.011703434254556003 0.0
1.2476713731617111e-17 19.082027784121266 0.31872446 0.02236867 0.66922087 0.06612841 -7.302728555016655 -11.647490495135917 -0.13377311327106098 0.0
1.2515065553957953e-17 19.077857232255123 0.31918373 0.02238085 0.66885947 0.06841784 -7.295709956134539 -11.697062530459574 -0.08925529752715132 0.0
1.2555185396080909e-17 19.07562349052409 0.30676827 0.02238066 0.68278312 0.0139131 -7.293998057445958 -11.694794536367587 -0.0890646384415772 0.0
1.2606300796816865e-17 19.06973865667281 0.32464641 0.02238046 0.66368793 0.08264646 -7.3042455022343775 -11.75276470344048 -0.0186132848492359 0.0
1.2658636201819993e-17 19.0673304151624 0.32215628 0.02239325 0.6659875 0.07804559 -7.28623623502377 -11.765630519679357 -0.017871901969683357 0.0
1.2709984345125835e-17 19.06164894141221 0.31795217 0.0223747 0.67018955 0.06240295 -7.289442030854193 -11.71295921135581 -0.06492917295239231 0.0
1.2755900776124573e-17 19.060110702911324 0.31277537 0.02241283 0.67558804 0.04645571 -7.295224973147456 -11.704725853686417 -0.06169811457833274 0.0
1.2770873704731717e-17 19.05930228179646 0.31591889 0.02242064 0.67238777 0.05784116 -7.300994092775937 -11.670006690512679 -0.08910991962270852 0.0
