3.690104848345153e-176 400.85827904175926 0.14931606 0.02097827 0.75559495 0.82421496 -48.27787335470792 -135.32889878933418 -6.733819611647675
3.439154920644195e-91 205.11366505069364 0.19789883 0.02206702 0.82525554 0.54479654 -59.60303337668249 -338.69097672454586 -2.564268940530891
8.14560664272617e-85 190.3405917556898 0.31997741 0.02370812 0.40072121 0.63308764 -38.600925227070654 -166.5075160711402 -0.005223752482773223
4.096188826279199e-82 184.02675708290744 0.15359989 0.0204433 0.649855 0.3618411 -48.27787335470792 -135.32889878933418 -6.733819611647675
9.766810982118767e-66 146.21934296145952 0.19830206 0.02480486 0.82109987 0.32824366 -25.09407937209106 -153.0584373856081 -5.8742403252082624
1.4839855081849418e-57 127.28502557494035 0.36173515 0.0212018 0.69091054 0.71126168 -23.067998828300567 -104.82568627719546 -18.32565785596349
4.5900897063228604e-57 126.40856114803216 0.2459714 0.02100393 0.51994261 0.55979296 -33.317136299438346 -92.38602447121903 -1.5818648042829768
3.8480770660981366e-55 121.54407905098648 0.3386588 0.02406452 0.68222676 0.69861879 -28.33055371748332 -95.63848185243971 -2.4395255781091385
7.125510106118996e-54 118.57233543751427 0.39326837 0.02223485 0.54446393 0.86177873 -27.659931114982072 -84.00682661193537 -9.877321324069046
1.238375883518666e-52 115.62283062564772 0.35284018 0.0243506 0.45494028 0.31487168 -20.775358646233755 -97.68789860111005 -0.10907819017046107
2.1254054296516952e-48 105.72602797180795 0.18073627 0.02103406 0.72406563 0.22224089 -33.202263559740864 -69.58579383520593 -12.834773230700915
1.6417880078830958e-42 92.07333475470924 0.25625708 0.02121944 0.58256831 0.53845359 -14.614947985055643 -88.81409789917207 -2.2969820875802256
9.268349560005289e-41 87.9608534946321 0.341729 0.02286265 0.49892222 0.70110408 -17.61226468837055 -72.94668062701085 -1.5143894393278345
3.764974318369048e-39 84.16726780681962 0.32865905 0.02414364 0.82513733 0.20352227 -19.149526026150063 -67.13347968523681 -1.677847783245237
1.158143852963506e-36 78.32375422752837 0.20226822 0.0241111 0.71244431 0.17979971 -30.99935136208444 -42.51138221612008 -10.656534228615106
1.3686884801100785e-31 66.54559743511348 0.47585166 0.02385714 0.68575425 0.1014713 -12.158731042486371 -55.832558601312314 -10.332464583729692
9.261325492689772e-29 59.93445958284534 0.30174612 0.02067793 0.51667783 0.32196001 -16.4279803548975 -42.142493080510086 -7.975123999705895
3.2617233030084798e-28 58.87692121170784 0.4167179 0.0224079 0.62161573 0.6387446 -23.380036024415112 -32.298420653382244 -4.256002905047986
1.7606024510303403e-26 54.507509914970775 0.4553588 0.02341087 0.5605528 0.71013346 -15.940880537599137 -42.58050524777764 -0.3555354263310635
1.4952948721599653e-25 52.372083023195145 0.49820127 0.0234559 0.65442313 0.31611929 -12.404796971744203 -37.53152213923532 -4.571190803991251
2.9153688294879963e-25 52.03693226408295 0.27868724 0.02093368 0.65683975 0.38710838 -16.989184726984302 -30.510944879887788 -4.87195341632305
4.4848901244723595e-23 46.369638157912405 0.42660506 0.02446188 0.5710165 0.22300992 -10.392514055768533 -38.85590161291985 -2.78851659539457
1.0406319037723522e-22 45.92420841843513 0.44655841 0.02421789 0.61272635 0.18082287 -8.276386968875126 -24.003478091621087 -14.089773097416192
1.8999692611772192e-22 45.0935552571939 0.42043274 0.02062768 0.67338157 0.34320697 -7.834721333580691 -26.674748901949705 -11.414738182904735
2.65746276064378e-22 44.903758261966914 0.25651482 0.02037048 0.68782396 0.19972679 -13.876637885073473 -26.63622911948191 -4.5806882526385175
5.948678452703742e-21 41.11979889170843 0.38036591 0.02139018 0.59529288 0.0131594 -9.197427773360978 -29.27690612613573 -6.4294243624702
1.2347877159427921e-20 40.83070785571349 0.43744153 0.0211806 0.54801156 0.20011798 -9.899591303689965 -30.282894312319026 -0.9373132756994378
2.11585749206155e-20 39.999289809749186 0.47294932 0.02357374 0.477884 0.48676815 -10.108619052931997 -29.057154581217986 -1.664934221563509
4.274035174609922e-17 31.931974281149337 0.3634303 0.02403645 0.64021838 0.11521933 -12.892448958334661 -21.4024164639496 -5.704424387464923
1.5395786590728488e-16 30.845560790545864 0.40383699 0.02389886 0.63798449 0.31424324 -7.252885094643965 -15.071172984878087 -9.607916201627283
7.835550693512275e-16 28.975702762741424 0.33130408 0.02042163 0.6160893 0.06165646 -8.404137939903274 -14.099921448099305 -8.341501402543283
2.0139245633927284e-15 28.158978643699466 0.38184052 0.02372775 0.57853234 0.30572468 -9.372484222279827 -13.566402302687681 -6.036816237773916
3.724975456718267e-15 27.499594515068743 0.32639999 0.02045876 0.60653941 0.13070206 -8.371406974783978 -12.896252705256007 -6.891318963659484
5.431685172153426e-15 27.139449387411748 0.43697847 0.0206456 0.59704359 0.37716601 -9.828389011955082 -11.911623724996389 -5.759581778117274
2.792102100349436e-14 24.98782302862834 0.40978104 0.02080377 0.60228361 0.27141633 -7.5009520672592345 -15.174939826203723 -4.463557493948791
7.308063550019706e-14 24.193033023338888 0.36408856 0.02288764 0.60842248 0.16204436 -7.177682154391817 -14.314809823989712 -3.49533105024681
2.3123603792183593e-13 22.793672389956107 0.40326223 0.02222316 0.54531551 0.38824722 -8.032438749155512 -14.381781663582025 -1.7788126106013533
3.662134904520728e-13 22.634991889682848 0.33498949 0.02295351 0.68049175 0.13377346 -9.498890651851363 -13.197253904967553 -0.0975278331371911
4.925798689756249e-13 22.079936261820745 0.48498251 0.02178137 0.51748832 0.58946593 -7.626969723099471 -12.948849744432529 -2.0591724221508487
6.750133902119479e-13 21.763150931278368 0.33682762 0.02258286 0.62509019 0.10914936 -7.806643439019223 -14.138738485046748 -0.1345543377547762
7.165375771269998e-13 21.74501774797805 0.45835545 0.02272304 0.56314175 0.49124207 -8.213391035909186 -12.801139413745783 -0.7486204816233974
7.16288086315861e-13 21.57994906747466 0.4447747 0.02130106 0.54211461 0.42346285 -7.424244755798868 -13.152839441285101 -1.1679335508940816
7.28865750772734e-13 21.513870354268374 0.45753174 0.0224178 0.52053291 0.5209496 -7.970706965548733 -12.387886716448158 -1.2213553854777708
7.381668593371225e-13 21.36817847939058 0.4165032 0.02212341 0.59969851 0.28867768 -8.433577696785752 -12.706360078038202 -0.37393257944441943
7.338952158458335e-13 21.32992130122097 0.30219032 0.02242869 0.70740126 0.03977806 -7.168879302590301 -14.17402954682078 -0.025269629979496576
7.436731775664921e-13 21.158093568804556 0.38636555 0.0223576 0.63256335 0.29263104 -7.610466702684008 -13.32476972899688 -0.3946848695400828
7.394107502273047e-13 21.143478362968292 0.31945823 0.02237494 0.62544222 0.10240611 -7.564571279125958 -13.324209631982525 -0.2693126576960741
6.797337051776248e-13 21.13573972835284 0.48970165 0.02205269 0.55182575 0.48511118 -8.867384591475592 -11.97840945926522 -0.2976843122274794
6.801648944603155e-13 20.95934357020836 0.44678916 0.02159147 0.5525836 0.39736437 -7.282437699663355 -13.850777033756124 -0.002524994933359163
7.021182466564423e-13 20.87557132302461 0.33162095 0.02236991 0.67241562 0.17145535 -7.548758917305342 -12.976650149577035 -0.4339345033259853
6.660556144599681e-13 20.872429064714993 0.30251376 0.02145098 0.69144628 0.04767502 -7.550990827146723 -13.03526779375356 -0.28931270212432786
6.464924865295739e-13 20.74841415008595 0.32399539 0.02173197 0.62135411 0.23386 -7.36236691515223 -12.744985055750476 -0.7650770938122888
6.713509636261599e-13 20.607467674444393 0.36966635 0.02146994 0.60953737 0.33102291 -8.38077775002544 -12.171599850351365 -0.1960365497091446
6.675469753580155e-13 20.564654198231075 0.37646194 0.02221376 0.57658794 0.34740267 -7.48093350688965 -12.41157551109097 -0.7149586564637768
6.777697699437153e-13 20.393322951963974 0.31302934 0.02237644 0.63107958 0.11930233 -8.489307167341991 -11.986634101134866 -0.08871292975421541
7.036276712017881e-13 20.294272575796107 0.4027047 0.0219477 0.60917082 0.34549642 -8.676961495127006 -11.416144768190202 -0.3002166886467632
6.801521912026712e-13 20.26828519415366 0.31043374 0.02236984 0.69445002 0.04436761 -7.341851035207402 -12.940070510834328 -0.01235102975437907
6.265652945691166e-13 20.26761068594781 0.45395296 0.02210219 0.54369316 0.43065278 -7.389723231443419 -12.589366697123433 -0.2891952655868105
5.912220148746535e-13 20.19510159220691 0.44069454 0.02185644 0.56265891 0.4712977 -7.635021960256972 -12.616626073935652 -0.015962651755185377
5.723085488185791e-13 20.141423158296124 0.28783361 0.02197269 0.65411205 0.0678104 -7.373043564360934 -12.758846401495449 -0.06321162635052899
5.344936865525471e-13 20.140477895750156 0.33619001 0.02251818 0.63283377 0.24631235 -8.632676093425488 -11.503458599088962 -0.005288465781674812
4.954148189760549e-13 20.10300263114601 0.3508911 0.02225173 0.64265245 0.25505565 -7.608490878754278 -11.945553088024434 -0.586433928971442
5.12115440700803e-13 19.894088655135313 0.47184089 0.02229449 0.54457746 0.4810874 -7.418852014923689 -12.557263016214364 -0.12688760000795576
5.366556194276093e-13 19.809659314714153 0.3471061 0.02200384 0.62478875 0.15255064 -7.2475282108662284 -12.468521872671717 -0.17803857159737038
5.20921980895169e-13 19.7617725810482 0.33384407 0.02191987 0.66627441 0.09755537 -7.733574790898034 -12.075467077965985 -0.0006174458501336886
5.04929625976941e-13 19.68240264208032 0.38457791 0.02239958 0.58691898 0.34772829 -7.235535664321239 -12.502546767050305 -0.0236901496766527
4.844326957815191e-13 19.652679709256446 0.40241735 0.02247179 0.59341504 0.35371233 -7.718878104795453 -11.62306626704451 -0.34045827024035535
4.628188920382725e-13 19.584024947594294 0.41186382 0.02200559 0.57981687 0.411463 -7.265497075336411 -11.90486674609998 -0.48231588782005724
4.3789716718776855e-13 19.571623085140548 0.31361618 0.02193839 0.68133079 0.07433593 -7.388496162276846 -12.195038383724008 -0.0004904015934379095
4.088664535053707e-13 19.53097031325165 0.31031431 0.02191767 0.63896627 0.122422 -7.314814370934398 -12.241069589775403 -0.01573912443074993
3.808785838556192e-13 19.522423725763513 0.43660472 0.02194661 0.56120125 0.41501236 -8.322975454040394 -11.18325006133545 -0.024744797875805326
3.492129473498878e-13 19.513947148375884 0.30200736 0.02247646 0.65691879 0.08240694 -7.380931376475499 -12.128764003865287 -0.012728345422727239
3.255989735995629e-13 19.472250854204603 0.29564928 0.02179407 0.65663712 0.06677474 -7.91750450311581 -11.104118850953988 -0.4923237943060849
3.133759640232505e-13 19.400697568339023 0.29315124 0.02218104 0.66105702 0.06583557 -8.186701971474504 -11.164935623713752 -0.12061325901634366
2.9863507139729826e-13 19.376855510453506 0.31114371 0.02169547 0.65306781 0.12613929 -8.0864455296426 -11.252974944162744 -0.06127709453367855
2.8332344980712255e-13 19.316123365457024 0.3697222 0.02211737 0.61149984 0.23931444 -7.712851264991579 -11.415133604797566 -0.24887064066435993
2.671707099163296e-13 19.302760555197956 0.30305574 0.02188295 0.65111191 0.09505461 -7.44752036571605 -11.846198437458098 -0.02240456228287703
2.490699335579682e-13 19.266102504140214 0.32560858 0.02228938 0.66217487 0.0830997 -8.091120862082235 -11.167256433294646 -0.04438325982107412
2.369221681000207e-13 19.212525854042187 0.3263672 0.02246642 0.64501789 0.14682554 -7.292816686851884 -11.801817068970355 -0.17146874831797898
2.2492025521757587e-13 19.17901684513201 0.31189739 0.02167531 0.65298958 0.08962159 -7.544530340563319 -11.1970858326695 -0.47090968080936624
2.1005892604138238e-13 19.158446232949604 0.31619367 0.02237638 0.66511659 0.06433929 -7.754378470470072 -11.143894722124012 -0.28074365253792744
1.9494561773506687e-13 19.13773286939714 0.38221501 0.02219468 0.59624648 0.31909723 -7.384601847672291 -11.473733792984634 -0.3001105922926799
1.7966007438441357e-13 19.13103791284854 0.35210135 0.02172286 0.62301717 0.22755659 -7.506457172049105 -11.559177545154867 -0.07209815219316888
1.6418865842787884e-13 19.127205909041265 0.37454906 0.02216946 0.6095519 0.26707749 -7.487462324934868 -11.434944425731059 -0.20863116218261443
1.508356065968489e-13 19.11013786526514 0.34651047 0.02206095 0.6433711 0.19695896 -7.368062094881555 -11.706361989760808 -0.05278182439890153
1.3982330449139753e-13 19.088254500843167 0.36042191 0.02199815 0.6296044 0.22816427 -7.275889330887775 -11.830285713806289 -0.003962820571080116
1.290752990193972e-13 19.079384591006313 0.30746864 0.02171413 0.66037471 0.0631737 -7.25936387384066 -11.827762166488608 -0.0011284605139009292
1.1827398869874762e-13 19.07241078362274 0.30516191 0.0221971 0.65414927 0.07543217 -7.681120447853338 -11.177193369805783 -0.22107077334718886
1.0900615804709431e-13 19.052054653306133 0.32271907 0.0221167 0.6655498 0.08866953 -7.944173074253724 -11.05412617197685 -0.07411153739216494
1.0156916315173285e-13 19.02322343476403 0.31696161 0.02205241 0.64365126 0.13897271 -7.2867109228456615 -11.743246192723443 -0.022097537737027405
9.384133312745576e-14 19.019499091099323 0.34054631 0.02199197 0.64681227 0.17320237 -7.842285450549001 -11.178456007648794 -0.002481976566232972
8.55545022410312e-14 19.017504171729335 0.35535832 0.02222232 0.61718114 0.24489252 -7.286310106691329 -11.731331821934532 -0.0018571624734631518
7.822079855536266e-14 19.008135773401815 0.35775211 0.02219695 0.6201955 0.26075068 -7.558429962313615 -11.36235349814612 -0.09672071126960181
7.239799356326812e-14 18.98174990410788 0.28995392 0.02199135 0.68648338 0.00325144 -7.430482371094255 -11.503664857169106 -0.07398854513845239
6.676906865504877e-14 18.979220278218072 0.35332918 0.02194877 0.61721011 0.2364844 -7.500435367753459 -11.479374464081204 -0.0019400722732150564
6.093277896912219e-14 18.974071884806943 0.30768378 0.02228863 0.65942064 0.06655349 -7.616469224409214 -11.35076211812035 -0.011988935688507856
5.5620834552504725e-14 18.97102245527539 0.30171982 0.02215359 0.66313987 0.07760383 -7.699277364422528 -11.10427395966629 -0.1705205607181233
5.090056414468113e-14 18.96084279937172 0.3029774 0.02202322 0.68060806 0.03335695 -7.721558914669327 -11.207296022339527 -0.04216751826653445
4.6652266821939886e-14 18.954690629044304 0.32040846 0.02188758 0.66152393 0.09002386 -7.36530921751381 -11.595509054253244 -2.4527604666789635e-05
4.2647317916393887e-14 18.949733385362016 0.2955365 0.02222907 0.67576187 0.03760668 -7.360440445512085 -11.552816789920636 -0.04143339361158278
3.95455845966024e-14 18.915379831290608 0.32337776 0.02222292 0.64425374 0.13525985 -7.58154501705864 -11.264902267946718 -0.10328610035665797
3.6569925042332987e-14 18.915273730363914 0.29994622 0.02221151 0.67416338 0.00803447 -7.653489249162419 -11.164590151967698 -0.09730043016049131
3.330192900618837e-14 18.911983892690404 0.32839504 0.0219757 0.64473296 0.17020787 -7.564278284122339 -11.264335290389768 -0.08666015585180536
3.068715842389508e-14 18.888332605029504 0.33436462 0.02190338 0.63942663 0.17981944 -7.493460184213645 -11.413887219011844 -0.004636489464914462
2.835397153700571e-14 18.879397977021807 0.29507104 0.02217643 0.68356302 0.00190696 -7.485158603855354 -11.37103564970638 -0.03213835146776812
2.593285979865893e-14 18.876207288102034 0.33608881 0.02195995 0.6439417 0.17215138 -7.457898672693094 -11.363676101703767 -0.05782320262494358
2.3670868108109077e-14 18.871312630393987 0.3328895 0.02198263 0.63893762 0.15052746 -7.372485110766406 -11.495202435593825 -0.008519741741801944
2.1684223239183048e-14 18.860928181864946 0.33839936 0.02200562 0.6343135 0.17312447 -7.56563371074071 -11.30237829712727 -0.0033006225260082955
2.1827027978548432e-14 18.85815946590415 0.33414337 0.02202311 0.64671612 0.1465159 -7.539798008822894 -11.320641477119494 -0.0004886959225577536
2.1914973933783756e-14 18.852890950607154 0.33438698 0.02207601 0.64349559 0.17641536 -7.365284811703995 -11.492851830059289 -2.282414086599861e-05
2.206842260526758e-14 18.84421613779561 0.31031943 0.02203423 0.66946328 0.07005286 -7.4066614671215305 -11.438816785985917 -0.007412697499704768
2.2172853820005142e-14 18.843430303194427 0.33872968 0.02208065 0.64152101 0.16864148 -7.399105225003802 -11.444632128901018 -0.000478783890787908
2.220821337501172e-14 18.84103051804069 0.32963338 0.02217237 0.64319747 0.16231003 -7.372680015321355 -11.462059234072811 -0.008691053800263943
2.2256947042264222e-14 18.83904585977878 0.31348343 0.02193893 0.66430908 0.0741569 -7.505734973765661 -11.28043674807709 -0.05485879619793558
2.2687171775341108e-14 18.803062303502674 0.32309201 0.02208059 0.64837863 0.12087585 -7.433794801336608 -11.389722318491913 -0.015528739950256975
2.3140354662367222e-14 18.7991691548309 0.33022686 0.02211607 0.64570182 0.15272904 -7.562156495299339 -11.232231292828441 -0.008674515374897251
2.3313214626775513e-14 18.78820396761852 0.31843253 0.02209665 0.6580334 0.09690313 -7.445625411232116 -11.331735629166648 -0.02180811443213779
