0.0 373723.09450134425 0.47000572 0.02303318 0.84043891 0.77383821 -16.24613161224537 -25.39560277132929 -42183.31657596802 -15.61747896735249 0.0
0.0 325387.4056374957 0.42623617 0.02370887 0.85276678 0.77624393 -170.07088327614755 -172.4030860432904 -373371.51139141445 -9.109140610408863 0.0
0.0 249547.0329274333 0.22376535 0.02144715 0.50679261 0.19871284 -157.47011956879217 -170.14357961182526 -325048.3584202508 -11.433518064293589 0.0
0.0 238226.73379528205 0.47847798 0.02427182 0.87715128 0.07662487 -39.37050871286631 -70.89656425269624 -249390.3623313208 -46.40352314693548 0.0
0.0 190913.35949980252 0.31712703 0.02459483 0.4550442 0.63152767 -83.85018701463315 -78.93476888195018 -238047.14061164396 -16.8082277414983 0.0
0.0 189040.1287923437 0.36317297 0.02047765 0.44003994 0.29841008 -31.598173813134768 -90.86896558924735 -190721.39237352755 -69.49998687259978 0.0
0.0 173797.86566413625 0.43604813 0.02002711 0.42392398 0.19918481 -37.01177398556374 -65.45204362345194 -188860.59883330716 -77.0661414275219 0.0
0.0 95536.45571941283 0.32770581 0.02211807 0.49103156 0.48065002 -37.253291426824546 -102.07955286935622 -173572.90456699635 -85.62825284372232 0.0
0.0 54143.20209122439 0.3553016 0.02161032 0.7693828 0.06269243 -23.451907085531907 -42.65116827381067 -95417.40697542283 -52.945668630661835 0.0
0.0 42240.575789318944 0.24738315 0.02106267 0.60386821 0.15652096 -17.429944117155795 -29.31203270478788 -54095.60518381035 -0.8549305920979543 0.0
0.0 34120.47888521298 0.39911325 0.02444457 0.55691558 0.06130994 -16.24613161224537 -25.39560277132929 -42183.31657596802 -15.61747896735249 0.0
0.0 32434.740961238447 0.23863164 0.02251284 0.5622413 0.91135409 -12.688339712890057 -46.522170572447266 -34032.80347156071 -28.464903366936426 0.0
0.0 28846.380088130503 0.17807618 0.02015368 0.63307292 0.69609276 -37.16138448378007 -235.00496106015527 -32135.759405841727 -26.81520985278672 0.0
0.0 21983.54656803703 0.34768912 0.02304511 0.63492724 0.83967856 -30.6786657875273 -215.0061115902717 -28591.138286538342 -9.557024214363828 0.0
0.0 21682.601475557243 0.20554587 0.02197745 0.77872305 0.74887399 -32.93655045004469 -120.89509384285758 -21820.492706481433 -9.222217262692364 0.0
0.0 21205.699897350973 0.43562377 0.02436731 0.64393703 0.42564205 -51.029244710505196 -215.20696379062386 -21414.925712556596 -1.4395544995153817 0.0
0.0 19155.53473543997 0.35205512 0.02227786 0.55575156 0.34964801 -12.527127315472642 -19.415706498344687 -21166.076645494293 -7.680418042862732 0.0
0.0 13901.915329934143 0.33869205 0.0217399 0.6817847 0.33944901 -11.65398757835207 -15.651021903456776 -19099.397699040957 -28.832026917202143 0.0
0.0 11337.477278532626 0.22818879 0.02447325 0.81588828 0.16050177 -10.240150552063623 -23.84587926355131 -13865.086105686933 -2.7431944315953194 0.0
0.0 10603.942981724813 0.40937634 0.02381039 0.62774291 0.47165979 -16.497208312435966 -54.557379600749954 -11261.156559131432 -5.2661314880072005 0.0
0.0 9735.955900269371 0.43884289 0.02261907 0.49960358 0.6176038 -10.282159115619512 -19.29941853578851 -10563.808777254679 -10.552626818726566 0.0
0.0 6889.538795677821 0.10650363 0.02231892 0.84500669 0.40292555 -10.761981055125467 -20.510488489880828 -9655.349357143961 -49.33407358040388 0.0
0.0 6026.675151575172 0.31173593 0.02049103 0.69764601 0.07395349 -36.9894321323488 -308.2218521643115 -6534.387899723482 -9.939611657679455 0.0
0.0 5405.255631591679 0.18695991 0.02386971 0.75838861 0.87417381 -7.587030303474 -14.958791518056017 -6002.71574965192 -1.4135801017220044 0.0
0.0 4333.234032187449 0.45484572 0.02460847 0.63691437 0.08798648 -67.4504941575524 -290.3832669081699 -5047.061023656342 -0.3608468696144721 0.0
0.0 3962.359264889537 0.10163298 0.02005827 0.88321766 0.59925072 -9.175711450593054 -38.087667872018756 -4277.100597635238 -8.87005522959919 0.0
0.0 3725.0281574325086 0.44049072 0.02015808 0.50839251 0.53734797 -61.90639886877076 -404.24086735104925 -3477.906297553734 -18.305701115983112 0.0
0.0 3402.5364024236374 0.20615268 0.02372335 0.67496974 0.80544042 -10.111170809757583 -14.03528841408021 -3655.118158904602 -45.76353930406908 0.0
0.0 3239.126337266032 0.37964819 0.0231176 0.57827845 0.37186007 -37.64781632121774 -218.82716597741302 -3142.612796901482 -3.4486232235245304 0.0
0.0 2537.6324380303818 0.11634186 0.02391064 0.81680411 0.9760469 -8.202915784473841 -12.222349558921046 -3196.5561298509206 -22.14494207171615 0.0
0.0 2021.479753924852 0.41588934 0.02265716 0.53778376 0.83242847 -119.75236819428834 -521.2071276121904 -1891.2822408252007 -5.390701398702423 0.0
0.0 1910.5469046366343 0.43206551 0.02455563 0.51141451 0.80908715 -17.40125300931457 -77.37497866817408 -1891.9061763702473 -34.79734587711624 0.0
0.0 1547.5389764249273 0.16961441 0.02123944 0.77555274 0.44653756 -14.261621348487278 -60.513942581619425 -1791.204514929641 -44.56682577688665 0.0
0.0 1541.8757905518341 0.25444548 0.02391322 0.64405573 0.72932797 -24.62165305819066 -164.45727664919949 -1357.2359077313047 -1.2241389862323888 0.0
0.0 1335.254420187118 0.24761407 0.02183477 0.66667315 0.44033747 -23.965257491412753 -131.6712826332352 -1378.5782043615277 -7.661046065658301 0.0
0.0 1092.9233439362872 0.1867916 0.02483765 0.79219547 0.41892645 -13.164260935330251 -63.71451116790337 -1253.9593986818522 -4.416249402032205 0.0
0.0 1039.7664890725796 0.43898929 0.02139685 0.48325797 0.94227504 -23.939679263875647 -130.87275375874623 -935.5613027728843 -2.549608140780996 0.0
0.0 859.392741757363 0.31588534 0.02180919 0.61972831 0.3928883 -23.261601239680598 -118.94572093430598 -841.2280012560012 -56.331165642591806 0.0
1.51235223064e-312 711.2800535208186 0.34087363 0.02379842 0.68166864 0.02985764 -9.182817843326333 -23.249466718956405 -814.8179288078588 -12.142528387221486 0.0
3.862009246607e-312 710.6872746520927 0.3792112 0.02182536 0.55299268 0.6534518 -7.412982016578386 -14.771552745678273 -686.3409855627422 -2.754533195819717 0.0
1.677742838595628e-303 690.2623841914225 0.32600585 0.02462986 0.5764165 0.9649815 -11.193702761604223 -39.06478804299854 -630.7172316686615 -29.71155217882846 0.0
6.835907972930867e-302 686.4823135289398 0.32586332 0.02187293 0.57994001 0.75187275 -40.24478152459682 -188.70996641402695 -438.6433769915326 -22.664259261266167 0.0
2.482334600569126e-291 662.0489925675896 0.38460077 0.02307863 0.60434597 0.23981038 -17.605729517717606 -87.67935775560888 -559.5106285540992 -21.68659770151417 0.0
8.983681845441723e-284 644.549376447139 0.24964585 0.02199133 0.67561097 0.41827736 -7.410190252644932 -13.10645962429469 -626.0259194432227 -15.506423247427302 0.0
3.1333623602773095e-264 599.4556675211962 0.35024182 0.02027469 0.6106959 0.33600237 -12.642912200825677 -59.41616997694128 -569.1114821078786 -3.3788121614933924 0.0
2.3054027371165278e-251 569.7336024125054 0.31707645 0.02098382 0.60580733 0.53239402 -7.900208201447192 -14.146277830493972 -563.3411828578197 -14.067998631435342 0.0
1.0304735863028907e-230 522.0892421751768 0.18448243 0.02397128 0.79292103 0.27813018 -11.100008244797177 -41.1604543303781 -502.3039533791717 -15.169186458158485 0.0
3.915250310992477e-181 407.83240166396524 0.21181154 0.02355567 0.73799421 0.33496743 -17.984999507438395 -103.73090633520714 -397.75500368593964 -2.6183326465916426 0.0
7.225762227362501e-181 407.8027485576311 0.24549076 0.02492691 0.73230752 0.29380462 -14.720705743448011 -78.48624323127795 -314.6254526601382 -2.9101091162242143e-08 0.0
2.7867755608449393e-180 405.80657518648036 0.24733142 0.02185666 0.70107286 0.30389082 -12.197539875540993 -46.66239679453647 -348.91468313382336 -0.028128753730323388 0.0
1.2648168523051908e-179 404.2652543979091 0.34395657 0.02418883 0.6675125 0.12909561 -10.985303714593561 -46.099877059323475 -347.5377022204516 -1.1836921921117 0.0
6.632178774960127e-178 400.0307343870984 0.19968494 0.02283567 0.7561168 0.275317 -7.352286427631901 -12.347736547568427 -380.2523075846218 -4.312923838086949 0.0
1.0057750960908658e-166 374.1761951496845 0.34769293 0.02434561 0.65938753 0.18634394 -14.654250658313115 -82.3448050093088 -302.74676696409836 -0.2849117553781431 0.0
7.069427138824222e-162 362.92053656628167 0.26581218 0.02274075 0.66109098 0.54971853 -7.406659853287984 -11.83111113205765 -349.57390947870067 -5.364514685638179 0.0
8.166912871031713e-154 344.26022119025896 0.33029682 0.02394676 0.65540534 0.16640455 -15.11871879590471 -74.02772585762133 -268.6395460985912 -5.134545814164437 0.0
5.126554138175777e-127 282.46077074211973 0.29215587 0.02310439 0.64047839 0.57647447 -7.336923442371386 -11.287879879668901 -319.71364902385875 -5.921768844359919 0.0
3.2859784100383493e-126 280.6605978301396 0.26053712 0.02228584 0.6834668 0.36824075 -13.996924428454248 -62.646309836451444 -197.56192536964113 -8.255611107572927 0.0
7.2268379749580355e-109 240.4802508415019 0.22068016 0.02244069 0.74220009 0.13646177 -11.21803672016081 -46.046817467287525 -220.81425920128703 -2.581484441404206 0.0
1.3103493975769565e-107 237.53871700303918 0.32137097 0.02365318 0.62898151 0.54354148 -10.412762891021606 -43.69098761442499 -186.36118716881566 -0.015313167239638817 0.0
2.0068295940086346e-101 223.15019573402614 0.35265603 0.02457338 0.64829033 0.20974501 -11.553487905493956 -42.20547839319575 -173.46288382567062 -10.316866878678875 0.0
2.273373525187576e-93 204.50949555212122 0.3247007 0.02390463 0.67937498 0.08775309 -7.313140224545643 -11.578254153990994 -197.27284292069848 -6.985958434791036 0.0
1.353965190103049e-89 195.72222504226525 0.25440222 0.02346832 0.70980813 0.18725151 -7.327943831559608 -11.866260968490032 -182.33187684966248 -2.9834139024090915 0.0
3.5018674737163893e-87 190.07485366982738 0.24617068 0.02309144 0.73460491 0.09440295 -9.242500217314012 -28.205187731270875 -157.58462278752725 -0.6899143061530941 0.0
6.061603746237488e-85 184.8274219357638 0.3545367 0.02323532 0.59192245 0.59118634 -8.967564484315819 -26.221940052483383 -154.87534336911847 -0.010005763909691334 0.0
8.644190095665348e-72 154.4383453047016 0.24660144 0.02433109 0.73435162 0.16556807 -10.768812888628926 -36.79932266685348 -118.73615116906156 -18.523135211219856 0.0
1.2370117987883593e-68 147.0775190224052 0.24229362 0.02270079 0.72503454 0.15262783 -9.842091381813164 -31.304593688135995 -113.28010582847028 -0.011554406282181318 0.0
6.598837189665862e-65 138.39979359761108 0.34199863 0.02430012 0.64323207 0.28969035 -9.48781639227185 -32.19457542719523 -105.24920442360845 -0.1459227793296605 0.0
7.676042644473509e-57 119.73242167453698 0.22663224 0.02366116 0.75431332 0.08440442 -7.664314759877651 -12.87222869215807 -110.06727820381761 -7.795971941757753 0.0
1.8743183115109548e-47 98.02111966491842 0.29312819 0.02345945 0.68878952 0.16990342 -9.853354175863794 -35.042302289347695 -74.60575430609394 -0.23101090323155535 0.0
2.437987036191377e-44 90.75582566938827 0.26426963 0.02270892 0.71431063 0.08067621 -7.971199616134937 -15.670176213005952 -72.27759888422162 -2.1021449515559083 0.0
9.143637204923264e-44 89.61529745255508 0.3658772 0.02281563 0.60039921 0.43660962 -8.12995158106125 -18.396206677279597 -63.74252665113342 -0.48714075991399836 0.0
2.3109035232836247e-41 83.713014479089 0.28401099 0.02320175 0.69286896 0.11031177 -8.16492780512132 -16.6660856206308 -48.34853861068289 -16.435745416120074 0.0
1.3789683782511278e-40 81.99348718233603 0.26736964 0.02374963 0.72279778 0.04432602 -7.783526984203154 -14.408717439067285 -59.75270521813542 -1.7680648376831483 0.0
2.860082440466682e-40 81.46863402844654 0.31089793 0.02370084 0.6741444 0.1870803 -7.985057180367414 -15.894097475283353 -57.9137182806984 -0.20061424598685734 0.0
1.2235134194623911e-39 79.59840734945506 0.28590325 0.02269691 0.68381421 0.19819355 -7.692025928463274 -13.322579312102246 -56.91449958737746 -3.5395292005035603 0.0
3.4965826629357466e-39 78.6321852999276 0.2575506 0.02357319 0.73227167 0.02241754 -8.22973834333518 -18.603192374189987 -50.21677915394497 -2.5486974779849363 0.0
6.811035519500863e-38 75.27946405713635 0.28869522 0.02365186 0.70504415 0.0167935 -8.122919159140688 -17.523891635497645 -52.95689033686922 -0.028484168420034806 0.0
1.8461792558817174e-36 71.88296039046334 0.29469307 0.02357267 0.68540825 0.14658439 -7.4517917321468286 -11.951435127316277 -54.93345223070623 -0.9427849669670212 0.0
9.767709456271802e-34 65.48523865368043 0.27165045 0.02368024 0.71812932 0.02360701 -7.7605163891362805 -13.996690359444983 -47.724805759494885 -2.4009478823871895 0.0
4.620733216874102e-33 64.0472181766872 0.3199457 0.02297028 0.64879514 0.27747709 -7.748858462502328 -14.079594829196301 -43.314038828151176 -0.34274653383062226 0.0
1.5579668970783638e-31 60.242929925536714 0.30749808 0.02338906 0.68509333 0.07602006 -7.9237966664011985 -15.175765818465731 -34.04009765905887 -6.907558032761391 0.0
1.4409815325405985e-29 55.60813747886176 0.32606206 0.02244009 0.67098104 0.03456779 -7.3669074658925915 -11.667852219876984 -38.77838248442864 -2.4297877553384946 0.0
2.793374955295535e-28 52.58621324191013 0.33505168 0.02309338 0.66095064 0.09850753 -7.249941725402255 -12.75631480627021 -31.702974304560527 -3.8989066426287633 0.0
1.3322778568718087e-27 51.08171398983773 0.3107622 0.02293244 0.67125135 0.11935741 -7.229693323843161 -12.13702204296704 -28.066195651172045 -5.153302223927884 0.0
1.3562756413654682e-25 46.17012111984524 0.31508298 0.02318259 0.66535919 0.19867527 -7.416324817405381 -11.689489680359193 -28.108379738694516 -3.867519753378637 0.0
4.102201811493901e-24 42.688401682294774 0.32687523 0.02290511 0.65733722 0.18335692 -7.6244806537356835 -13.1093691431343 -20.855814115293597 -4.580457207681659 0.0
1.6324942496234123e-23 41.43217617276195 0.29539796 0.0232003 0.69487699 0.04673261 -7.408209201883387 -11.858240321974208 -17.773962236348076 -5.647989922089105 0.0
3.586096077785338e-23 40.68815929835072 0.32280281 0.02165884 0.66769399 0.00630181 -7.421708254028124 -11.932258410140605 -20.46397862165943 -1.6142308869337922 0.0
4.423714118445378e-23 40.68641426644654 0.32838075 0.022544 0.67151488 0.00634532 -7.360398848700044 -13.094997733657117 -15.942020016322108 -4.290742699671447 0.0
4.2843204467818826e-23 40.56524199561653 0.27792625 0.02321 0.70469879 0.07553715 -7.274727812524243 -13.78711271181744 -15.787532784753159 -3.8370409573516935 0.0
5.400761818234845e-22 37.34036391101367 0.32289834 0.0222632 0.66803845 0.06105511 -7.784171723166261 -14.623384715724004 -17.19503770710414 -0.9626478496221321 0.0
1.3906244678182467e-21 36.67511728694672 0.36209062 0.02221931 0.63728714 0.10894708 -7.271426492412527 -12.003605960613811 -13.816530905010175 -4.24880055297716 0.0
1.6939691045878698e-21 36.64664690715497 0.34213655 0.02239674 0.6388028 0.20179446 -7.312140062252047 -14.835369366959819 -5.722851141885039 -8.804756715849821 0.0
1.6127666517443656e-21 36.58353633731702 0.35764061 0.02267996 0.62576805 0.27018324 -7.363402070947828 -11.46277342930082 -9.27873185303399 -8.541739553872333 0.0
4.099544438655902e-21 35.09711610956995 0.31673866 0.02303688 0.66417345 0.17480128 -7.370189926321456 -11.668508841283874 -6.610800059754679 -10.934037509957015 0.0
1.5536442106232856e-20 33.683285720535736 0.32566423 0.02233294 0.65310809 0.16900154 -7.501024704359525 -12.265604346838554 -10.599272804911179 -4.731214253460696 0.0
2.4949973465464508e-20 33.50420443583667 0.3623437 0.02275447 0.62731199 0.23050526 -7.413363333881431 -11.63691883536556 -8.377243380328775 -6.2557601709599675 0.0
6.820906896255598e-20 31.995390744317255 0.32638559 0.02280934 0.6630572 0.11728514 -7.261512367917705 -11.682538791175295 -3.924879138056624 -10.635274138687043 0.0
1.460188220877215e-19 31.366434463695555 0.31716201 0.02229193 0.66287836 0.13201583 -7.282808727863835 -11.565298252522748 -8.271916425983028 -4.875367337947642 0.0
1.8433092937965742e-19 31.245143570301767 0.32840414 0.0224342 0.65605405 0.14635778 -7.401564099047178 -11.648070801193374 -7.418135558571161 -4.89866400488384 0.0
2.1441416047091512e-19 30.89950405366273 0.35453255 0.02240801 0.63118363 0.20881565 -7.326963609373943 -11.531914823681051 -6.557151697348009 -5.829113439898765 0.0
2.345684831608454e-19 30.84584748782286 0.31269074 0.02225661 0.66820468 0.10106483 -7.301201843607415 -11.614128908334003 -2.079887317196254 -9.904285984525062 0.0
2.415884141584204e-19 30.657997166827016 0.33289454 0.02243039 0.65672536 0.09149031 -7.385832776545946 -11.552876659945412 -7.678503828299254 -4.228634223032245 0.0
2.4405893202988256e-19 30.626320553420506 0.32912516 0.02257434 0.661181 0.08422366 -7.280245884885399 -12.092737730484831 -5.551013798304948 -5.733999753151837 0.0
2.513890662627431e-19 30.41869915993874 0.32025567 0.02269338 0.666035 0.10139417 -7.270058392232946 -11.967045187838846 -6.266683513555963 -5.12253345979275 0.0
2.721026517703244e-19 30.271965526501297 0.34873385 0.02222565 0.64301076 0.13040881 -7.3114635720797665 -11.481323461768973 -7.13028549853059 -4.495626627559411 0.0
2.7812276658225076e-19 30.18100233276968 0.32651744 0.02285163 0.6591615 0.1464172 -7.269730567005283 -12.548170151440969 -2.6216386614042 -7.832426146650844 0.0
2.708877843280425e-19 30.132579377339972 0.36349594 0.02236553 0.62740879 0.19622902 -7.329878895467743 -11.49621867578475 -5.959497434403772 -5.395407327113413 0.0
3.640882720235119e-19 29.497571619859215 0.32325637 0.02265659 0.65773308 0.17209733 -7.266243875826228 -12.241986059430976 -0.007668442188027886 -10.61668099989474 0.0
4.366122447296413e-19 29.479582465538694 0.31504572 0.02209487 0.67533902 0.01990908 -7.420560992159665 -11.822357228398827 -4.6619640796949735 -5.592689319605745 0.0
4.309342933949621e-19 29.33805352052034 0.34839145 0.02238741 0.64225818 0.15047836 -7.2970225664545785 -12.124497053714045 -6.649731172594885 -3.408331672775188 0.0
6.877439128528528e-19 28.514148392573162 0.34644819 0.02256059 0.64400426 0.15072509 -7.257904334562609 -12.106570379897207 -2.0165502782681544 -7.957028527792369 0.0
8.79920789383629e-19 28.489641057310436 0.34988327 0.0223117 0.63876072 0.16554928 -7.255159436468211 -11.972710118274568 -1.6168347271897643 -7.669444110640621 0.0
8.323965960112388e-19 28.435165462662148 0.32115303 0.02238675 0.67128166 0.04281883 -7.274714574132567 -11.939752038572571 -0.7261865223304884 -8.548987922274812 0.0
8.223702305904148e-19 28.325519561966935 0.31221817 0.02272067 0.67909357 0.04717733 -7.268371115631392 -12.1608329365902 -5.141953628487451 -3.864007781953107 0.0
9.118117009852465e-19 28.053497664686567 0.31685298 0.02196713 0.67293496 0.00763994 -7.285602746868379 -11.677503819368697 -6.350287983622009 -3.0121250121078478 0.0
1.3251576681068425e-18 27.456546136819302 0.32284681 0.02274762 0.66528874 0.10727925 -7.3284295156422345 -12.456417172336371 -4.593773278601035 -3.674877698106926 0.0
1.976102085987938e-18 27.022603769425917 0.32664149 0.02254539 0.66374189 0.0887958 -7.294920016776653 -11.531677411356558 -4.040602006144664 -4.589346702541427 0.0
3.2519468120928557e-18 26.337932604063614 0.30938491 0.02262785 0.6819483 0.01857756 -7.266490651565105 -11.80324160495589 -3.1661820033971537 -4.786689509507769 0.0
4.1242226694680514e-18 26.24396877682476 0.30382673 0.02271253 0.68873773 0.0040208 -7.287365218151083 -11.792646357423587 -4.530670408381776 -2.727250620107166 0.0
5.152767915013554e-18 25.75821177348241 0.30829084 0.02272281 0.68192425 0.038892 -7.293420861635025 -11.752666597941179 -5.091308966017729 -2.10657235123083 0.0
6.003507951077706e-18 25.690457058172612 0.30553663 0.022188 0.68253176 0.01644253 -7.300551310311804 -11.617203101844108 -4.110865856529033 -2.729591504797464 0.0
6.085667081808e-18 25.54457486861061 0.30290295 0.02212939 0.6837813 0.00973829 -7.317736845433836 -11.720380561913656 -3.9815710225522603 -2.670768628272862 0.0
6.304545772378907e-18 25.42728888418338 0.31486183 0.02243184 0.67729759 0.01201402 -7.3358779221457695 -11.673365835139002 -3.98353670427991 -2.5517944070459286 0.0
6.233926267048814e-18 25.37376279417336 0.32236928 0.02214439 0.66778149 0.03662465 -7.285951539350243 -12.208360985720873 -2.734380796098135 -3.1985955630141256 0.0
6.143878829918979e-18 25.267855298891018 0.31099389 0.02257403 0.68199749 0.01123742 -7.303479922390149 -12.339366925447791 -1.450847802595621 -4.280068143739797 0.0
6.179976255330549e-18 25.17096914830239 0.33297615 0.02234765 0.65529992 0.10774169 -7.277148325390371 -11.986898002537787 -3.2813427820817163 -2.7224661888811466 0.0
5.989608918305046e-18 25.137741744190933 0.31976574 0.02243127 0.66456831 0.11104712 -7.282203261796517 -11.854575634916767 -0.09729538967817526 -5.936894861910929 0.0
5.654548596588365e-18 25.09564741333477 0.30301369 0.02269303 0.68484609 0.05021771 -7.3337623740709805 -11.513834252326927 -1.6094040057512715 -4.680741112041752 0.0
6.2583593468696625e-18 24.77013613732956 0.30048713 0.02236575 0.68523855 0.02488347 -7.34843974090092 -11.643827121117106 -3.650830150980503 -2.45255040033624 0.0
7.079664726663819e-18 24.636498264406 0.29385469 0.02232868 0.69123072 0.01528872 -7.351292226693437 -11.581044369900615 -3.4213321639548973 -2.416467376780611 0.0
7.332858728159927e-18 24.508847460738615 0.31561466 0.02234547 0.67541699 0.01876185 -7.383189733495523 -11.716804732482668 -3.637748981958133 -1.8987548164696746 0.0
7.59800801849749e-18 24.37522600918873 0.30621678 0.0225437 0.67769502 0.08123433 -7.292427622263501 -12.145785416640795 -1.6707791763450164 -3.399855245489305 0.0
7.501291518480391e-18 24.339703985642803 0.31276135 0.02257005 0.67855058 0.02980028 -7.380705227250707 -11.671183685121244 -2.1664873877221567 -3.156849709094621 0.0
9.013479689784062e-18 23.871344378472024 0.31069757 0.02259189 0.67929184 0.0414856 -7.281573466088635 -11.833520968039581 -2.1566989477797 -3.0679106037348873 0.0
1.0109430852002832e-17 23.86525168496521 0.32328982 0.02242973 0.66409449 0.09007848 -7.294125017016444 -11.663267612098348 -1.922069787452108 -2.9918819619051216 0.0
9.274826217273303e-18 23.853081495326037 0.31528943 0.02245847 0.67680625 0.02270823 -7.293564499531349 -11.636906190873496 -0.19344055585508818 -4.741340438705276 0.0
8.705254142713787e-18 23.802000744700194 0.3231237 0.02237314 0.66488789 0.07876366 -7.278566853139473 -12.07411371806552 -1.2498149761223063 -3.250585947998739 0.0
8.298413337375057e-18 23.758017362285116 0.31677751 0.02242174 0.67301655 0.04218871 -7.290546759450089 -11.73870516596809 -0.13266146412319169 -4.640087355158821 0.0
8.272115762780761e-18 23.621874945231145 0.3138068 0.02237075 0.67774444 0.01195082 -7.288139343018564 -11.869430692617943 -0.9347797272018267 -3.6656675994467793 0.0
8.80370392710315e-18 23.445931506179676 0.31600306 0.02222528 0.67534697 0.01319388 -7.289890248932337 -12.13725459650168 -1.0430530640635851 -3.151677035733543 0.0
9.243622399096798e-18 23.329396109714345 0.31335256 0.02256494 0.6747573 0.06358505 -7.296078620330247 -12.28446152762522 -0.4579243407156258 -3.4074670175085835 0.0
8.960600954302492e-18 23.31416900262305 0.29915003 0.02260262 0.69076205 0.01154418 -7.304283422576293 -11.58020082011238 -0.9730032551376259 -3.4719086118880482 0.0
8.316963078524719e-18 23.28796962526733 0.30494492 0.0223715 0.68176017 0.03975693 -7.326880775916506 -11.663765116641695 -2.386522817098779 -1.93700029296607 0.0
8.068025506059454e-18 23.186715819475943 0.31410258 0.02251891 0.67395193 0.06431208 -7.333081923960848 -11.602156650377331 -1.6071416813401012 -2.74558936958905 0.0
8.115188404704886e-18 23.085680931782623 0.30568212 0.02254074 0.68594684 0.00194019 -7.302554348221439 -11.593972014022832 -0.7292910734945838 -3.560898383737089 0.0
8.111860596145614e-18 22.996358792349362 0.31142521 0.02230022 0.67882133 0.01148858 -7.2931971934607125 -11.825929858225416 -1.6145297591042305 -2.352024120992265 0.0
8.497875312063607e-18 22.80886449443062 0.30666668 0.02255379 0.68018996 0.0550475 -7.299595311432951 -11.98948478283296 -0.6672484402878545 -3.0400302577955975 0.0
1.0105099659922315e-17 22.477792573920837 0.30911187 0.02251949 0.67987949 0.03835574 -7.334334131667867 -11.574188981351629 -0.9992994844970435 -2.9010418969140797 0.0
1.103308773910582e-17 22.416197516121972 0.29508235 0.02253026 0.69258192 0.01470117 -7.303639101615024 -11.637606699049025 -0.6042610335982845 -2.932285739658502 0.0
1.0633710847836879e-17 22.360731907781112 0.29926519 0.02229808 0.68858923 0.00306538 -7.3622214970390605 -11.710516786657848 -1.5528328685843031 -1.7906263638407616 0.0
1.0107676052802116e-17 22.32656809008733 0.304674 0.02255442 0.68446928 0.02519408 -7.3334281373619 -11.663050239393002 -1.2449619080649204 -2.119291622961292 0.0
1.0228107685045676e-17 22.153600980175888 0.30285883 0.02253559 0.68480148 0.03346507 -7.313021404752838 -11.626604650091437 -0.8994958632404216 -2.4874461720026346 0.0
1.0129474822129412e-17 22.14786607795568 0.30530847 0.02245539 0.68191712 0.03847789 -7.3330772500914945 -11.598332555497732 -0.7655227094129623 -2.456668465173699 0.0
9.258782537027336e-18 22.142732803058788 0.29399946 0.02252675 0.69364255 0.00489422 -7.327634118584235 -11.588064304423948 -0.5018820551576746 -2.7302855997898208 0.0
9.05619136690175e-18 22.006147237644534 0.30304369 0.02234592 0.68593123 0.00240744 -7.359762610771807 -11.674769495844746 -1.4002288293734853 -1.707971867068749 0.0
8.801814944837089e-18 22.0044343112234 2.95018272e-01 2.24052080e-02 6.92441305e-01 4.92454444e-04 -7.316225621837553 -11.719253578573614 -0.6172332304244956 -2.3534348068088717 0.0
8.401329512366626e-18 21.91085076665057 0.29847003 0.02256064 0.69018795 0.01201546 -7.351921464893853 -11.658188010009061 -1.1925933367561712 -1.8017314995643114 0.0
8.152479241724131e-18 21.872135742385332 0.2965027 0.02254985 0.69178207 0.00865317 -7.335588178009626 -11.632997273141855 -0.9578972007780588 -1.984368114721024 0.0
7.589689392534322e-18 21.862939689161603 0.30540874 0.02245393 0.6837075 0.01841435 -7.345340490043107 -11.646454218816192 -1.0260898276269421 -1.8542512058990903 0.0
7.139942017432223e-18 21.80451937654646 0.29715357 0.02250489 0.69043858 0.0152 -7.309489962044831 -11.672471055546888 -0.32223269074348204 -2.558745980826401 0.0
6.743244706991358e-18 21.78587994525972 0.305492 0.0223604 0.68461582 0.00559315 -7.3499611075637965 -11.64892411548075 -0.8420154188358293 -1.9636187346660858 0.0
6.2035173815350785e-18 21.780668488563265 0.30526774 0.02241144 0.68305881 0.02372597 -7.303304417187322 -11.793275063437745 -0.2154541364897446 -2.473846328144909 0.0
5.717564632692974e-18 21.75852240474032 0.30499726 0.02237593 0.68373438 0.01513155 -7.315905421139793 -11.642211482386035 -0.20229633726992108 -2.620255247767516 0.0
5.342293315441012e-18 21.725966343015532 2.96810088e-01 2.24701788e-02 6.92299858e-01 3.79428857e-04 -7.3132273640025796 -11.68578468427776 -0.20329701392950714 -2.5562133425304734 0.0
4.993203024119371e-18 21.702924665649668 0.30200258 0.02236484 0.68628539 0.01039445 -7.334422459514466 -11.677093754681415 -0.9015134810770871 -1.8129366477425657 0.0
4.5991793980262536e-18 21.69961538763641 0.30305407 0.02249062 0.68649423 0.01305898 -7.323315089017489 -11.65639194711531 -0.4016895217198778 -2.3215281077969907 0.0
4.2277859905141216e-18 21.680789067114763 0.29674673 0.02252815 0.69172609 0.00583418 -7.312403160347393 -11.668591623252205 -0.4158041573249926 -2.3028164467118204 0.0
3.997499444616893e-18 21.62179520989102 0.30104503 0.02243935 0.687185 0.01345774 -7.341131779141728 -11.645252844420355 -0.8356590819425729 -1.8587453616101086 0.0
3.8177903561964716e-18 21.58169516594392 2.94617546e-01 2.25335134e-02 6.94239758e-01 6.58431301e-05 -7.327363384891107 -11.630477255296311 -0.42249287471325564 -2.2414616949903468 0.0
3.561716278458986e-18 21.569667609323066 0.29727957 0.02249546 0.69091464 0.00970495 -7.346986176079486 -11.68508146183156 -0.8873369452550498 -1.6622905827778216 0.0
3.2621835992465133e-18 21.566732280081332 0.30195345 0.02246339 0.68704195 0.01049999 -7.342310820814822 -11.650006243533428 -0.6528444154581964 -1.9245061295166188 0.0
2.972861735887407e-18 21.564789540303828 0.29615907 0.02244338 0.69225813 0.00166813 -7.318634878831458 -11.653132564166976 -0.3408648935058953 -2.2540999435770046 0.0
2.7475275145607945e-18 21.533995268723856 0.29970734 0.02248521 0.68883933 0.01241253 -7.341731895600227 -11.670203864475603 -0.7366052927496651 -1.8162484874783345 0.0
2.541396680457718e-18 21.529911522600617 0.30117148 0.0224653 0.68748794 0.01395825 -7.330446726288293 -11.638289605813885 -0.46736697100202207 -2.0978919656196573 0.0
2.3163091743817344e-18 21.52884853898886 0.29442612 0.02252655 0.69407553 0.00127449 -7.324466053724608 -11.640048607952227 -0.35058089520853675 -2.2148159657152418 0.0
2.1133647948497278e-18 21.522687727316526 0.29762149 0.02245607 0.69067348 0.00719599 -7.350497888425762 -11.68203614532192 -0.821523894223469 -1.674790611017713 0.0
1.929442311944163e-18 21.5203208174692 0.29620573 0.02248053 0.69190172 0.0059323 -7.338502680497688 -11.652781362420104 -0.5871331123982246 -1.9442705720005113 0.0
1.760337873736964e-18 21.51552220237182 0.30234803 0.02242636 0.68693362 0.00547249 -7.34577918628273 -11.658548790644568 -0.6713304365623772 -1.8446624039795223 0.0
1.6142582800811415e-18 21.502994302921085 0.29864748 0.0225008 0.69022054 0.00792262 -7.314975930664268 -11.68698008695419 -0.24987250844334802 -2.2636936763100115 0.0
1.4834270107068108e-18 21.493924417741653 0.30191917 0.02242858 0.6870954 0.00726231 -7.331191409825486 -11.649362114432918 -0.540777200951122 -1.9816635777115572 0.0
1.3785663658245508e-18 21.459275234090565 0.30048497 0.02248671 0.68863827 0.00866242 -7.318061166243741 -11.668652574585327 -0.2578367304009616 -2.2493739465116263 0.0
1.2811394337560865e-18 21.44961571665078 0.29665995 0.02247713 0.69164103 0.00406174 -7.322446329778748 -11.65163264604119 -0.3701090698000757 -2.115087188470553 0.0
1.1715103276009946e-18 21.447544760102023 0.30243343 0.02243506 0.6866477 0.00971358 -7.341287867719232 -11.651080347950302 -0.5916620590273645 -1.8655854419538818 0.0
1.0661647035339185e-18 21.44744623664553 2.99415290e-01 2.24945633e-02 6.90104988e-01 6.68855811e-04 -7.316504770588934 -11.668683898990196 -0.17324304917809658 -2.289113041344794 0.0
9.791515875774525e-19 21.427299131166258 0.30028201 0.02248787 0.68914678 0.00547234 -7.321482077539465 -11.66628818852838 -0.46841542184754026 -1.991260548730143 0.0
8.998421894443212e-19 21.425659208339166 0.30182734 0.02240735 0.68714467 0.0063244 -7.320381401243942 -11.66382269419427 -0.3713614673294191 -2.0717335683986278 0.0
8.188450269457832e-19 21.42532724522654 0.29763239 0.02248159 0.69089842 0.00620537 -7.318503025208476 -11.674612513323847 -0.18752276438354773 -2.2450209054232944 0.0
7.505516185144035e-19 21.40927606283956 0.29685718 0.02251258 0.69203995 0.00249229 -7.336666904475256 -11.65065898530522 -0.5121686661893871 -1.9258326892566815 0.0
6.882195876287937e-19 21.408043800745798 0.29923709 0.02246366 0.6895285 0.00519702 -7.336443294700382 -11.656796394688108 -0.5824199809050654 -1.8336163925460074 0.0
6.260972384754461e-19 21.407859858092436 0.30324485 0.02240308 0.68658657 0.00352912 -7.32798796901196 -11.647157047717183 -0.3934138513951075 -2.039484932621548 0.0
5.780649037716535e-19 21.377296039213928 0.30191509 0.02243566 0.68768219 0.00474576 -7.309169998390776 -11.733321424901698 -0.07080202549094475 -2.2945664093090166 0.0
5.3484928232682865e-19 21.372414250178785 0.30009313 0.02244195 0.68897754 0.00543634 -7.31393880047698 -11.694214092279875 -0.17132931826374 -2.197813828193333 0.0
4.875165845989748e-19 21.371991131163366 0.29891582 0.02249697 0.69060669 0.00150715 -7.323094444472725 -11.664472549455727 -0.2987350358660707 -2.086112220384262 0.0
4.43332967913163e-19 21.371800257437144 0.29978772 0.02240962 0.68934494 0.00170659 -7.323666335780262 -11.667125638700881 -0.4314369116068986 -1.9497622450753254 0.0
4.0476151946779458e-19 21.36343437029221 0.30019602 0.02244226 0.68871842 0.00500345 -7.322766026915479 -11.678377966446687 -0.3156953807194879 -2.0549608833554873 0.0
3.6993113566182436e-19 21.36112610162539 0.3012713 0.02237552 0.68787042 0.00127285 -7.323562829439873 -11.657364353239327 -0.274283317870514 -2.1082238697424986 0.0
3.3898603280667064e-19 21.347574515898472 2.98565306e-01 2.24314950e-02 6.90551702e-01 3.29797311e-04 -7.318429216643221 -11.696750328500471 -0.16454465215081912 -2.181401904330881 0.0
3.416146514191703e-19 21.34563224132603 0.29753624 0.02248408 0.69128296 0.00322166 -7.3268039877606865 -11.673033270382533 -0.3934482176412299 -1.9542890401140252 0.0
3.4206307644915426e-19 21.344950084020446 2.98777838e-01 2.24972534e-02 6.90754421e-01 5.27611569e-04 -7.334000948666072 -11.655620635237263 -0.461495227173545 -1.894515430249149 0.0
3.4218091424129374e-19 21.344943260826465 0.30171626 0.0224352 0.68820499 0.00103734 -7.323777832590314 -11.667344850160571 -0.4162017867743425 -1.937625614495221 0.0
3.42828150641247e-19 21.34117420172091 0.29869447 0.02243199 0.68990734 0.00379724 -7.312036414343124 -11.713874772690886 -0.16665118489276567 -2.1523808888996885 0.0
3.440741160497137e-19 21.337687179758138 0.2987916 0.0224667 0.69007219 0.00489288 -7.330546028824244 -11.653139744111193 -0.34975892711831214 -2.0077295016671624 0.0
3.4776088316847265e-19 21.31993387884112 0.29990212 0.02245487 0.68941986 0.00094202 -7.329089806434938 -11.65344381239941 -0.3611645637579249 -1.993988997165868 0.0
3.556375621861748e-19 21.292995791054196 2.97911301e-01 2.24769316e-02 6.91122502e-01 2.84492467e-04 -7.3210511664488935 -11.671480549870177 -0.27876535509522327 -2.0486368074268233 0.0
3.6256331866574863e-19 21.28121317108201 0.29948143 0.02246396 0.68983848 0.00217961 -7.329843402317418 -11.657488105841306 -0.39811233931745527 -1.9075519435780148 0.0
3.6892982375073736e-19 21.258277956468522 2.99103081e-01 2.24491511e-02 6.90051417e-01 1.65223831e-04 -7.322844598450505 -11.668168034706932 -0.2767182652556448 -2.0134822726689223 0.0
