6.471656962061453e-194 441.7430334125248 0.14239151 0.02495658 0.41363529 -29.208096191788314 -178.5965468768974 -69.83528855595542 -0.21468175999929004
1.0167737362858856e-165 376.7235531000693 0.10020897 0.02059774 0.45420046 -91.38705744744284 -238.6488086036925 -91.33026710919748 -20.376900252192087
3.566214261845468e-127 287.87513939499553 0.4952573 0.02135537 0.44967006 -87.20188973109097 -214.82678302491664 -69.91508399339453 -4.779796350667127
7.28942405002485e-123 277.8546133846404 0.48959545 0.02171858 0.45436246 -30.1255505197715 -184.54073240141648 -72.16506561676934 -1.0437908570382164
2.1443598681080847e-94 212.20787449081018 0.10226214 0.02250973 0.59348424 -29.208096191788314 -178.5965468768974 -69.83528855595542 -0.21468175999929004
1.441154976888595e-85 191.78669469407905 0.35172195 0.02052415 0.47989216 -46.56702029766331 -146.94495707352897 -18.12917189354745 -0.5667252260704565
5.359591527808514e-75 167.35209067771325 0.2727398 0.0211507 0.4917162 -33.4324807552524 -95.2373709683673 -57.829563746855214 -5.287279223604152
2.2759844429903405e-64 142.78481955865252 0.4445305 0.02113952 0.86745801 -39.39892736350547 -73.51501406863109 -52.65252738639522 -1.7856218591814417
1.1822310909468857e-55 122.62125281633982 0.40056703 0.02008322 0.5351119 -63.39923170181545 -63.005663298431976 -14.548068671569242 -1.8318558868358454
2.1815574708712625e-55 122.59187132538597 0.18324781 0.02415032 0.89916944 -16.87838398012232 -61.146939236701925 -35.732275302505926 -8.86365429700965
1.0060078867245263e-50 111.07913048876394 0.13587671 0.02387778 0.76088392 -20.98762743507544 -68.3322731462621 -22.548254425392713 -10.723716318655724
5.0197123160304475e-46 100.16610544122997 0.32337014 0.02442877 0.56353889 -16.559283976962934 -85.90987538331314 -0.4545780913604385 -8.15539303712744
1.0193484371353299e-45 99.95600600154165 0.23967137 0.02359532 0.55737943 -17.11863121524386 -42.91647915148309 -26.42072825129724 -13.710266823205785
7.0650907396427565e-43 92.72664306823619 0.14350415 0.0221503 0.75430734 -27.165454668135084 -38.60729888752696 -28.319262516612927 -5.8639899292666975
8.282619006459071e-36 76.35351923114509 0.31625899 0.0209223 0.84942588 -15.673279839405561 -76.78240194410918 -0.23084151540660527 -0.04011976931483285
1.2300314882145939e-31 66.65246418015924 0.30014915 0.02443442 0.83470151 -27.273025730433357 -35.45572938906672 -10.777541524969047 -2.847222586675954
2.9515390459920455e-31 66.15796199313866 0.21191107 0.02117575 0.83290339 -21.566855948423054 -23.193589586386707 -8.117346313886422 -13.774672331463059
3.8273144437287242e-28 58.41933930252322 0.38347057 0.02436485 0.63670023 -13.745196265344324 -42.910277555542926 -7.818275857548127 -1.684212314703271
3.153982233835265e-26 53.923009009344355 0.37480981 0.02056631 0.61154045 -7.780455508236517 -28.73896642026817 -8.907676767992882 -12.992240606025655
5.86136943576218e-26 53.85812423529021 0.19555954 0.02260617 0.79705117 -8.884775891133739 -26.16283579648648 -13.881959665038751 -4.993437656685385
6.698923252544687e-26 53.49669144008033 0.18712345 0.02061714 0.67107878 -11.119911781388899 -38.89935606178291 -3.0269448170068447 -0.8119115751115582
2.6522992808913462e-25 51.64205023945108 0.19732229 0.02386276 0.66531624 -15.836835830470996 -29.12196377623233 -3.8875431384647756 -4.650348694912234
4.994675259325099e-25 51.30867774811943 0.35912543 0.02325115 0.61679755 -15.161415360578234 -23.870743578265078 -4.585876263842285 -8.024015036765483
4.3535485252079237e-23 46.21138394220425 0.25736684 0.02487383 0.78344105 -8.885334991769879 -26.089959253151754 -12.751766284524928 -3.581617218672865
1.1405756772954054e-21 42.879364780906066 0.23527129 0.02196797 0.80558726 -10.622300333691413 -14.551992734485392 -1.7924381303134902 -19.244652743713953
3.483642575013982e-21 41.97121715306901 0.2823677 0.02430772 0.78926521 -11.813921774989097 -27.093737226472904 -3.9653099999955135 -0.006395779448556324
4.6924694217516005e-21 41.89497189414539 0.40325844 0.02219433 0.72823236 -12.531525939826428 -14.791445034223047 -2.2813558188107645 -12.366890360208773
1.2664322963807374e-20 40.343257295096386 0.31323564 0.02360248 0.78939334 -14.764286383423165 -26.976054036806637 -0.08281834426866881 -0.07181312964692885
7.127944989744354e-18 33.72411489860034 0.29992219 0.02011459 0.75165011 -15.11322301133475 -17.019847304469437 -2.2927734162503355 -5.9174135630418645
2.823818913669266e-17 32.51110465990168 0.37015982 0.02262987 0.66631978 -9.750381958682977 -15.23313993953397 -0.16174096036262975 -8.578852040020761
4.913735445591344e-17 32.116915616735234 0.36711451 0.02080304 0.67936282 -7.648240967536101 -19.52386995425858 -4.460115820625924 -0.8788779174810771
7.920907450807262e-17 31.439529081776186 0.25536234 0.02158315 0.78031468 -7.937777633234586 -17.694951714798073 -2.9846514165258102 -3.499534852176766
1.6045991193070153e-16 30.580769536573904 0.3005273 0.02293864 0.77635462 -10.296835376419867 -19.137482396492942 -1.554281223628488 -0.4509300852348884
3.98927079599044e-16 29.518321000376087 0.27221537 0.0210634 0.76895638 -12.28094074737938 -15.028774395722378 -1.2769761667869832 -1.994078226685162
8.090648512608099e-16 28.824206954678772 0.36283611 0.02278274 0.71308814 -9.978703083089314 -16.545451896607595 -0.8318555810796509 -2.1623104395995254
1.235878038337539e-15 28.40574186018712 0.29058158 0.02145192 0.76989781 -9.829444679291104 -17.0813655091464 -0.538715818187387 -1.3746809480538777
2.644653179733415e-15 27.340039072950894 0.35709334 0.02220118 0.67382851 -10.935113501328514 -15.824839431418301 -0.8832206353052048 -0.762568292135103
4.440295526821366e-15 26.945913054805136 0.31573576 0.02048507 0.66641845 -7.53840310349842 -16.149430176988183 -3.5746357467438843 -0.07757004572040607
5.556601875388428e-15 26.679936078856038 0.35494028 0.02136073 0.68318973 -7.468417991453808 -9.46253404857352 -4.44784626302377 -5.567114751754036
1.1418008933567147e-14 25.583729008939 0.25191035 0.02379642 0.73034415 -7.73496115115549 -15.31017685905901 -2.607782784107799 -1.0270152845337408
3.170244183605921e-14 24.460523207171136 0.22929126 0.02242915 0.69366561 -8.02366517986826 -10.05248543271568 -0.05087844528830813 -7.456699951066753
4.6300660039795404e-14 24.339171181429254 0.25177756 0.02161923 0.66251956 -9.79390507149955 -12.564859148830683 -1.7061961934572396 -0.39556279338366596
6.744403070635476e-14 23.635317210683077 0.27035914 0.02363101 0.68748805 -10.276111662919815 -8.737954911816221 -4.945570369528341 -0.37953423716488055
9.528849394577227e-14 23.355466921642545 0.30218737 0.02370297 0.71782634 -7.963482654666728 -7.324361397297114 -2.2148061753056996 -6.132666983413534
1.5245582556281924e-13 22.618177652266144 0.32657476 0.02130732 0.72197391 -7.78262867943163 -8.526736262215866 -0.3532781845255728 -6.692823795469479
2.807602794443626e-13 21.92759548794587 0.29779977 0.02143725 0.66272795 -8.710073783673607 -12.484982317036636 -0.22294756410034286 -1.200173987455562
6.485217311620306e-13 20.89278953513634 0.30812921 0.02111169 0.72101219 -8.00305122564645 -8.2037855566588 -4.918299540770052 -0.8024591648705658
1.0449037251073088e-12 20.554868584688254 0.27561631 0.02277005 0.7453061 -8.045733342896535 -10.64705356269679 -0.2505085518520813 -1.9494940776909362
1.1426037447549606e-12 20.495857015973524 0.30758569 0.02230903 0.67115831 -8.514315620391313 -10.664877528002954 -0.046336018111939756 -1.329339418182043
1.1065583691712419e-12 20.42861785231062 0.31166343 0.02255115 0.67684452 -7.479887588411154 -8.940266429538875 -3.8783080634640124 -0.19739493455948204
1.0863785923482635e-12 20.342758691589427 0.27677518 0.02255775 0.74651385 -7.3183037854060835 -9.197166381888279 -3.2465213228898406 -0.6666263621264178
1.2262319425894006e-12 20.0199083395237 0.32574194 0.02167793 0.7028703 -8.601786042445328 -10.994739391180497 -0.06292154406175976 -0.6833117139018425
1.4587647648525302e-12 19.79187619191839 0.2663909 0.02241695 0.67597832 -7.708488303446654 -10.963669914523166 -1.0712635755725024 -0.2764865459813791
2.3450368928104504e-12 19.01436502104444 0.27238531 0.02142366 0.68102233 -8.583793098797992 -7.496607794773228 -3.3391393222665484 -0.3723359760806237
3.0569319352915177e-12 18.92553570504252 0.29414185 0.02139447 0.72498266 -8.113388317258769 -7.242556170220931 -2.818102950741288 -0.8403175828234523
3.138263647997414e-12 18.77492259093027 0.27815857 0.0231102 0.70124969 -7.919133082139456 -9.934706635255672 -0.1470929149465225 -0.9246030727008687
3.406135911974332e-12 18.575370747466422 0.29724901 0.02129346 0.71470232 -7.511256041798939 -7.28283628236974 -1.17238331955741 -2.8084469472041818
3.733333059304363e-12 18.398709759908492 0.27250158 0.02303477 0.71330698 -7.60852876381126 -9.248381821872036 -0.471164690261536 -1.247295471521591
3.78277464501773e-12 18.35120953695564 0.25860497 0.02215593 0.69007837 -7.588587753829327 -7.847548809174311 -0.5292929513108853 -2.433280245593968
3.5529477413696147e-12 18.33296889426404 0.27770515 0.02291452 0.6943304 -8.327789178258215 -7.986287230462379 -1.99347429476041 -0.043658833474635346
3.264170620762435e-12 18.330051924148133 0.29248137 0.02173684 0.72931238 -7.595776153501005 -7.19102324268056 -1.655411282401067 -1.8907582156814073
3.061266252182465e-12 18.2715558744604 0.26967834 0.02282586 0.6951305 -8.072670791000332 -10.002406375789464 -0.06551622254039169 -0.18945853481794553
3.3792971093897196e-12 17.964393140954698 0.28905813 0.02197038 0.73074674 -7.786639037152117 -7.355077670831714 -1.5953076401462083 -1.5345315263303598
3.56208417530845e-12 17.952121903418774 0.29502732 0.02131232 0.70238263 -8.071050442242774 -9.841856587458576 -0.045668266456539264 -0.00581784479680982
3.450912079022188e-12 17.84027541472082 0.29277128 0.02235826 0.72864164 -7.363456152316085 -8.304077923005767 -1.1012125067381002 -1.1833753213588187
3.4575501463911245e-12 17.756294981176904 0.29209782 0.02143832 0.71473107 -8.048498352518335 -9.445387111422828 -0.07602340203368403 -0.27036654874597643
3.596214985389139e-12 17.5772525397047 0.28734226 0.02232319 0.68456115 -7.563725545537999 -8.923049828338735 -0.47000283997975406 -0.7995167673204181
3.6044745683375183e-12 17.55322733332841 0.27996247 0.02224817 0.68430459 -7.563938151307871 -7.317189442718142 -2.4789156932800256 -0.21720925239866054
3.4285041945447877e-12 17.48766613255932 0.2769539 0.02256975 0.69107298 -7.756578691939464 -7.170855077785056 -2.5027753884740322 -0.12301817512986177
3.823023353298767e-12 17.168980954151273 0.28772552 0.02173292 0.68877532 -7.6735916116277805 -7.188343413855113 -1.9115842454060747 -0.7141468616703521
4.086800300390106e-12 17.138552343189993 0.2905333 0.02267958 0.71235515 -7.47799371093725 -7.392885958124813 -2.1033584402562253 -0.19474284483298424
3.864002580540611e-12 17.09081627152548 0.29813881 0.02169672 0.70839412 -7.50386653590983 -8.035810586878682 -0.5708839132659114 -1.0279913071355684
3.678722308388405e-12 17.046137542445884 0.29322986 0.02239668 0.69290411 -7.461042196758846 -8.62197076228868 -0.760857999142661 -0.2469453133352925
3.5836749367903144e-12 16.954164330251302 0.27644872 0.02241495 0.69373957 -7.354792494083675 -7.590760456594788 -1.7653120528021953 -0.33527253896522424
3.433145269131854e-12 16.939282453846968 0.29346195 0.02226972 0.69208411 -7.634839648448558 -7.2502310485012815 -1.700508255767993 -0.3685853775334711
3.383494009700563e-12 16.797636178471997 0.28649618 0.02214699 0.72149118 -7.357001992198177 -7.6048264238130345 -1.8300949015706307 -0.14735913626512356
3.4349896762213785e-12 16.71514120987022 0.29295711 0.02227463 0.71605793 -7.702141999051312 -8.820806275287119 -0.23658088917705694 -0.038107014956509054
3.3018527664461848e-12 16.68460833104557 0.28508895 0.02168816 0.69792501 -7.6041448805764595 -8.53985750846586 -0.41792933547706784 -0.1532094853508318
3.1439016260290427e-12 16.623266688282516 0.28577157 0.02253739 0.71009085 -7.4264337486739 -7.603867540499753 -1.394101460084608 -0.2602055817873068
2.979881096870055e-12 16.600341182042087 0.2807575 0.02170791 0.69986759 -7.466003822302678 -7.848582178570173 -0.6761463544782316 -0.6325343329314342
2.7436441772739855e-12 16.597709410181054 0.28656046 0.02168598 0.70527512 -7.4780297710698385 -7.62994027329759 -1.2622225112929486 -0.23014862638170888
2.520087388685303e-12 16.579786298245555 0.2809004 0.02174663 0.71193402 -7.417417790319666 -7.987042095251163 -0.9296161121011424 -0.26363341250908134
2.366933446981798e-12 16.532953745789545 0.28159121 0.02181125 0.69692193 -7.506579953434583 -8.306828219250178 -0.5897873867996886 -0.17659073876110465
2.218133495225088e-12 16.518527969608424 0.28563524 0.02249479 0.70651401 -7.486596613965888 -7.478622975835336 -1.46476377916137 -0.10297037682694926
2.068569145724821e-12 16.48222863326533 0.28802616 0.02224363 0.71565649 -7.43134341736531 -7.693954836139143 -0.8605619212691635 -0.5326677948348066
1.9724897252872207e-12 16.423559743055993 0.28265784 0.02189638 0.71380734 -7.563190395031559 -8.367508994884025 -0.43336149772537125 -0.11816774562437353
1.8605891279721635e-12 16.407618203272584 0.2859045 0.02190275 0.7127053 -7.524059588632265 -8.355329102423102 -0.5080595127759097 -0.036111539224714925
1.7158612137881807e-12 16.394872569457355 0.27453262 0.0221539 0.70032908 -7.50302417762597 -8.316706633445403 -0.5554009445680899 -0.032486447633120946
1.5749496482916895e-12 16.38835149746208 0.27841242 0.02190384 0.69928643 -7.585659745839625 -7.534987967740593 -1.2318563622114393 -0.042368493665699655
1.4399595931924454e-12 16.38346404958683 0.2894693 0.02235114 0.70616436 -7.521186358053871 -7.53428858580245 -1.3009903017035804 -0.031886251902176664
1.3178400971576824e-12 16.374985032510796 0.28682158 0.0219203 0.69837824 -7.411936105211647 -7.832636339672633 -0.8797812450191839 -0.2591103596833668
1.235107991862986e-12 16.32316828011617 0.28143092 0.02205406 0.6978289 -7.403194822114731 -7.585555924398161 -1.362746408375082 -0.023487877622824074
1.1626540807629354e-12 16.304684944777687 0.2891402 0.02203392 0.70021636 -7.48146290442131 -7.438167112303923 -1.4007964081525126 -0.002741855238425787
1.0699029368637483e-12 16.298746252586184 0.28993511 0.02222717 0.7036734 -7.379292240921387 -7.685696035771141 -1.2392388189816088 -0.00045784910355157235
9.769557073642267e-13 16.29582169535075 0.29032465 0.02216364 0.70247624 -7.389012277137437 -7.785477913667972 -1.0228433942742339 -0.10141266750654299
8.92287867674083e-13 16.289438966592854 0.28062663 0.02232481 0.70324381 -7.379567748422644 -7.772068080421947 -1.0954317990882843 -0.04875406741787525
8.276989973279453e-13 16.255753305736537 0.28600021 0.02225342 0.70222598 -7.467828316043154 -7.553459882696624 -1.0486048709538978 -0.21954589689917586
7.733853255261457e-13 16.23439330663886 0.27654029 0.02208321 0.70370279 -7.409271122284839 -7.606819125115265 -1.110920352233344 -0.1287427061030886
7.109172204440706e-13 16.233461920642334 0.28663619 0.02220211 0.70211606 -7.525132154299389 -7.67872745781304 -1.0210925013905623 -0.009441193135867791
6.501881906485096e-13 16.2223916696631 0.28214742 0.02211649 0.70042384 -7.403481592875489 -7.6338577256472435 -1.1177578004900652 -0.07836480162953753
5.95094854751607e-13 16.21989454742052 0.27718533 0.02221378 0.70832837 -7.455076295305903 -7.519651126212674 -1.2256661938501954 -0.021998054294327413
5.447605828460322e-13 16.20855074539191 0.27970787 0.02197786 0.70353639 -7.513388861037226 -7.853532122965461 -0.7642411299612025 -0.08873243345663075
4.986190836164319e-13 16.206251251152192 0.28693864 0.02209231 0.70911482 -7.47935174282636 -7.693977313323293 -1.0310248592213016 -0.004196830020956452
4.571797650336997e-13 16.19151489794723 0.28551184 0.02200894 0.70799833 -7.451140564495601 -8.018489972842028 -0.7242650560190881 -0.012355657795474203
4.216382721146916e-13 16.17748362300776 0.28106211 0.02202415 0.70901197 -7.444298554866889 -7.965590458316674 -0.7813370360798745 -0.00028884868378951754
3.863120860772969e-13 16.175850417253308 0.278365 0.02209186 0.705009 -7.479620591250196 -7.968390438398448 -0.7294319696805796 -4.062367853576546e-05
3.516903532933187e-13 16.174651846976616 0.27836253 0.02210341 0.70814059 -7.4953907616573 -7.723459569343539 -0.94479666362503 -0.012203422627441281
3.2051564582875147e-13 16.170873304251437 0.28308915 0.02205601 0.70938887 -7.499718280054685 -7.884550120140217 -0.7739446430564021 -0.016438803725310328
2.921358729738709e-13 16.169452581962094 0.28037762 0.02205479 0.70347044 -7.469367978058378 -7.98785429366886 -0.7105876110474764 -0.003063421476720353
2.6601288486547104e-13 16.16760182733789 0.28147598 0.02222719 0.70707815 -7.470718992472374 -7.660898987994965 -1.0349742140034612 -0.002860387491292438
2.421437124091354e-13 16.16685819253118 0.28086156 0.02214527 0.70968111 -7.465028017106522 -7.771141444289226 -0.8300006163739911 -0.10143174956815151
2.2022404943879035e-13 16.16675326854919 0.2861293 0.02209296 0.70716596 -7.4859973328717215 -7.947637142534134 -0.6961452196463818 -0.037078497478939584
2.0023707551669745e-13 16.16652462832329 0.28390753 0.02199953 0.70517382 -7.433947522085172 -7.894933119555286 -0.8252932673275547 -0.01257935958117948
1.8218295168028526e-13 16.165114654760213 0.28489233 0.02219393 0.70710212 -7.435888864324044 -7.794265040181562 -0.9353804259790947 -0.000990297838590262
1.6620335515647155e-13 16.159510306884197 0.28521752 0.02209904 0.70388677 -7.440027733805878 -7.824892544816127 -0.8287141810864487 -0.07148019505175907
1.5157257049214367e-13 16.158781668256825 0.2848254 0.02212857 0.70827733 -7.420244126532356 -7.714335187022376 -1.0101670523371957 -0.014763940992266565
1.378645491591191e-13 16.158475534172204 0.28444146 0.02219291 0.70613729 -7.450141381335661 -7.913917134614662 -0.7668725084129384 -0.02785064389356536
1.2540031276549858e-13 16.157682548370108 0.27963663 0.02213288 0.70491721 -7.436521239686646 -7.770026311670692 -0.8812780821304981 -0.0706499006843686
1.1405687972543478e-13 16.157482734169644 0.28437607 0.02204443 0.70744433 -7.479222056171598 -7.698291583992125 -0.9500616925221148 -0.030107215684266775
1.1415853300449547e-13 16.15590145586451 0.28474264 0.02216183 0.70755315 -7.445685206105677 -7.89992844590147 -0.810458989408229 -0.0014100927542692995
1.1431862927792314e-13 16.15467964108998 0.28452897 0.02213773 0.70406793 -7.4443918118007835 -7.859283387750928 -0.8046967310054138 -0.04752952530738276
1.1456179545755824e-13 16.151653706924808 0.2821431 0.02218151 0.70490396 -7.426677275818067 -7.6957856468420145 -0.9994665378658388 -0.032750180564062085
1.149670757595973e-13 16.147618594749726 0.28059111 0.02211537 0.70470453 -7.451277255120113 -7.687913713992227 -0.9508225195668181 -0.06164021824564965
1.1530426967044915e-13 16.14579313361917 0.28475568 0.02208204 0.70621023 -7.46778122120887 -7.696030679143226 -0.9623160006491452 -0.02149069374848774
1.156235389423004e-13 16.142090984104442 0.28133637 0.0220791 0.70754337 -7.434786578593657 -7.824665197909474 -0.8772475905102588 -0.009093766605779005
1.1585366589031147e-13 16.141813058012918 0.28199607 0.02214859 0.70782664 -7.468521747757886 -7.860100964245305 -0.8052137238824364 -0.00825454821881676
1.159708971790062e-13 16.14006896637234 0.28296128 0.02210136 0.70452021 -7.464724103827019 -7.847712698986657 -0.7903054306484917 -0.03907082455075082
1.1618389596630685e-13 16.138143279332585 0.28405263 0.02211422 0.70604948 -7.442320909990912 -7.709108184511797 -0.9730002229667595 -0.015639648902874444
