8.16191479912246e-53 115.31255831719652 0.12702367 0.02471984 0.40635819 -21.538482134258366 -18.956837638960813
2.5127971441720964e-42 91.14240193247188 0.13611096 0.02232115 0.41861803 -98.08868036861197 -17.223877948584548
7.040417984867136e-41 87.82536126027956 0.48818286 0.02288659 0.88525576 -90.92810531444061 -0.21429661803126412
2.2361295204472887e-38 82.01208954515464 0.12260116 0.02240448 0.45237302 -86.05083029054734 -1.7745309697322242
3.271910305352304e-31 65.49058062157489 0.47671075 0.02449345 0.81703697 -81.6627824977733 -0.3493070473813349
6.800370711788885e-31 65.37727138172325 0.16551522 0.02034107 0.4896168 -51.0341401839621 -14.456440437612796
1.8619526460986984e-29 61.42865113109997 0.2223568 0.0204925 0.46447672 -58.71656105674665 -6.6607103249766
8.9507308511647e-29 60.04289190549901 0.15033913 0.02024476 0.52105166 -55.915310619355566 -5.5133405117444
7.401958250066148e-28 57.786878963528615 0.28390863 0.02341854 0.44431577 -52.59608732788883 -7.446804577610182
1.3109709118021266e-26 54.84465195116249 0.41274738 0.02170486 0.86796871 -53.16513622559658 -4.62174273793204
2.259070022482684e-25 51.98223307323272 0.27857982 0.02272675 0.4532835 -54.60998712977763 -0.23466482138486422
4.38259229739796e-25 51.894361449281064 0.41186993 0.02441984 0.82291983 -50.80194856123476 -1.1802845119979606
7.691381458392218e-25 51.00664153394232 0.16867463 0.02364526 0.5348642 -38.28560915741407 -13.608752291866988
1.174132871304151e-24 50.82600948682816 0.48131735 0.02213975 0.81356436 -44.764973037189826 -6.241668496752498
6.6105439153186815e-24 48.57088585303066 0.34103779 0.02420644 0.47062167 -50.79212497447484 -0.0338845123533278
2.2336734745394364e-23 47.53843459282394 0.48166791 0.02353497 0.78992835 -37.274803188278845 -11.296082664751818
5.729148513241109e-23 46.60316044731846 0.47498206 0.02239882 0.40468016 -42.115178609708806 -5.423255983115132
8.360445156588986e-23 46.53301957228598 0.31968289 0.02010658 0.47669264 -46.264067816616134 -0.3390926307023219
2.5072293361527714e-21 42.47075209281741 0.18931634 0.02159205 0.52987466 -37.88188396847991 -8.651135603806065
1.9838666399341825e-20 40.49531977321918 0.49227801 0.02485241 0.48543686 -42.03800067941273 -0.4327514134046817
4.899734431359661e-20 39.87013002082122 0.21928569 0.02498231 0.87138546 -21.538482134258366 -18.956837638960813
7.60601554011971e-20 39.511938461746695 0.36320541 0.02496473 0.53644579 -19.134645357265303 -20.735484663555923
8.854997886070418e-20 39.494609399678204 0.28368722 0.02464798 0.85370872 -19.021760607274672 -20.490177854472027
1.2197300200753978e-19 38.91471119485562 0.14276061 0.0232448 0.59784631 -23.175380671053375 -16.31922872862483
2.8350345082318626e-19 37.92207396610047 0.45617209 0.02002462 0.76120497 -35.36997337334236 -3.5447378215132574
8.550962793045235e-19 36.75373534951659 0.27637575 0.02034304 0.88920832 -28.513850733296508 -9.40822323280396
2.7166466001735728e-18 35.575702771646206 0.30089592 0.02452696 0.55448305 -30.10866178290479 -6.645073566611799
5.707373193234004e-18 34.98643201394731 0.49801783 0.02481982 0.51142392 -20.7249278805068 -14.850774891139404
1.0653064043287514e-17 34.31347998415533 0.36770797 0.02159605 0.47269258 -16.46324168467393 -18.52319032927338
1.8072816887248352e-17 33.835210354919816 0.41845202 0.02336971 0.78886089 -33.88877531317775 -0.42470467097757636
4.795204988965924e-17 32.61619037111263 0.25916114 0.02428997 0.85584905 -29.530575665324818 -4.304634689595001
3.465657144376037e-16 30.470209657382576 0.44474678 0.02149315 0.46365039 -20.440467410037254 -12.175722961075374
8.402423411166662e-16 29.90365014297516 0.10000447 0.02275015 0.70376276 -29.814331616546905 -0.6558780408356698
2.2539748949078967e-15 28.713099262890328 0.46380345 0.0236942 0.72994697 -28.643924187457863 -1.2597259555172982
3.560145605070598e-15 28.616931868259073 0.28980025 0.02303869 0.86320502 -22.089843801180304 -6.623255461710024
9.29693748489742e-15 27.21009531600399 0.10043365 0.02091855 0.74805892 -26.16481278813793 -2.452119080121145
2.221953103967816e-14 26.499679181905528 0.14559054 0.0219801 0.64306795 -24.343394444141136 -2.8667008718628546
6.621308169829129e-14 25.23744599086398 0.34620895 0.02248621 0.81789542 -26.495918108678772 -0.003761073226754018
1.201156168128823e-13 24.919684027191927 0.13405088 0.02017175 0.76093688 -24.72384870950479 -0.5135972813591879
1.5884660775783354e-13 24.63406076649831 0.44664881 0.02336229 0.50270543 -16.847763100587255 -8.071920926604673
2.6032586846050617e-13 23.97761270182339 0.44540706 0.02175893 0.74897023 -20.376613624618773 -4.257447141879534
4.059722292645367e-13 23.629967271454202 0.28020067 0.02273708 0.55656196 -23.816557504125218 -0.16105519769817297
6.490281150701826e-13 23.051949979068674 0.38287731 0.02098704 0.77401986 -22.41493227519654 -1.2150349962576616
8.619441059878123e-13 22.943484494871516 0.20543243 0.02268572 0.89527577 -20.53068871240531 -2.521261266663362
1.0124105712914168e-12 22.702134173286865 0.43483497 0.02064217 0.51716685 -21.896263501955957 -1.0472209929155574
1.1469122133547337e-12 22.64081364240405 0.47061369 0.02126813 0.72214417 -18.2162633689084 -4.485870804378465
1.7197062876885063e-12 21.963869164910744 0.4401534 0.02141025 0.50108387 -21.305028309757105 -1.3357853326469458
2.288892263523215e-12 21.917476902293828 0.27013158 0.02275915 0.57132797 -21.085336687297872 -0.878532477612871
2.453152266282797e-12 21.789223583143233 0.41805177 0.02034641 0.72132266 -20.626495775437284 -1.2909811268565419
2.826503743678905e-12 21.59942157895893 0.19356172 0.02340136 0.65290824 -15.170805261419376 -6.618418321723857
3.0333568214120157e-12 21.59936692228367 0.31491374 0.02092179 0.55821598 -17.09057068595288 -4.5088508930060485
4.111903215089402e-12 21.031062763054845 0.227737 0.0226197 0.87327468 -18.74948062449285 -2.8498862977908197
6.040433264972263e-12 20.733027963635944 0.1920293 0.02408385 0.74367255 -20.18125028034571 -0.8498124827091336
6.8941859322048936e-12 20.705122308696076 0.22144282 0.02028061 0.82805468 -10.668100957860586 -10.064927005775358
6.880097529267347e-12 20.69733441727906 0.1495246 0.02177296 0.68072391 -13.55609615798218 -7.149026150713894
6.99618176898642e-12 20.63307074645756 0.49465953 0.02303326 0.69185412 -20.55312669106442 -0.14420772621463795
7.322130686352799e-12 20.566723523512245 0.19055868 0.022778 0.64012841 -18.207043740774377 -2.42602700568318
7.479622408033576e-12 20.54987428350874 0.29347254 0.02301358 0.82128289 -19.209048618339185 -1.3576749051730599
7.492993994230323e-12 20.523646979750907 0.42658759 0.02422242 0.59757849 -18.217155525496146 -2.3327187580125917
9.158805598031872e-12 20.144354554662083 0.498852 0.02004384 0.62988368 -9.061828632683012 -11.461818347067895
1.2773099047871156e-11 19.810735771851004 0.14417127 0.02068833 0.8358716 -10.91655113027227 -9.227803424389814
1.513423582808814e-11 19.73909846449419 0.2514573 0.02145624 0.5919919 -15.620389847119034 -4.19034592473197
1.942931596585398e-11 19.314861444121778 0.3488147 0.0241871 0.69912639 -18.988083457579457 -0.7510150069147352
2.5713619022710456e-11 19.10531439915316 0.20297515 0.02206938 0.87885845 -8.21765485731734 -11.097206586804438
4.759178034231646e-11 18.222036212854157 0.21802626 0.02181573 0.86538905 -19.0995526052659 -0.005761793887260413
6.880251209380573e-11 18.14116719473001 0.44075535 0.02251489 0.72129117 -18.12344371009002 -0.09859250276413795
7.223091864813713e-11 18.08434759602125 0.17375902 0.02232319 0.8780068 -17.56243233894527 -0.5787348557847363
8.946060891740973e-11 17.708081674797533 0.18448287 0.022994 0.8549501 -17.867134469369983 -0.21721312665126558
1.0875052781376351e-10 17.62093688561989 0.36333504 0.02409251 0.6555303 -15.466426418890006 -2.241655255907527
1.1323326453311906e-10 17.586095029497773 0.29186988 0.02344334 0.6091332 -7.471370761779809 -10.149566123840083
1.1396401406856442e-10 17.568242329122555 0.37543546 0.02352671 0.57558876 -12.798996563469649 -4.787098466028124
1.1418170776318987e-10 17.542755734090612 0.34560699 0.02261042 0.77821987 -12.203917844984542 -5.364324484138014
1.2455021015696502e-10 17.362730405732304 0.28828959 0.02383237 0.75616505 -16.71904391644285 -0.8237118176477639
1.4808826197806068e-10 17.159198533441774 0.29637946 0.02181508 0.5771157 -9.601146635076715 -7.761583770655589
1.881423286794397e-10 16.856783257581682 0.334804 0.02403082 0.66750874 -17.059974045665022 -0.09922448777675094
2.778754668756112e-10 16.374469128953532 0.21389608 0.02231782 0.85311292 -7.302487303618034 -9.554295953963647
3.505447670361614e-10 16.296466367320665 0.13781173 0.02256221 0.78529081 -16.16488438570256 -0.20958474325097212
4.027977241864958e-10 16.068423758537858 0.38092815 0.02244112 0.54916309 -15.601778707327153 -0.6946876599935115
4.813092604813985e-10 15.895227221924479 0.22003657 0.02362499 0.70658054 -15.649381360016244 -0.4190423985216137
5.218685603473122e-10 15.859830338034076 0.40482417 0.0202135 0.65129374 -9.808263271289052 -6.086963950635428
5.339527851251613e-10 15.810142580451314 0.21881483 0.02102499 0.82813402 -8.148517870104431 -7.711312467929645
5.382879788294699e-10 15.80344658586684 0.29000583 0.020304 0.6525396 -13.470722170196842 -2.339420410254473
5.453567763431159e-10 15.745278824899367 0.14639918 0.02129518 0.80161837 -8.84536459737962 -6.958081988487221
5.523613638909787e-10 15.737486237766907 0.27779466 0.0238774 0.69487265 -14.503883986998904 -1.241394837900463
5.793042810237803e-10 15.61420478235721 0.22980428 0.02201991 0.63028834 -7.585426493510175 -8.152059744256732
6.06576200668872e-10 15.602115360992036 0.39712364 0.02225938 0.73676937 -15.614204765061588 -1.7295621270923184e-08
6.006202966921162e-10 15.594313031512437 0.14802272 0.02127947 0.79773205 -15.466716499948843 -0.1353988610431932
6.232598132719354e-10 15.491153161013035 0.23884725 0.02060916 0.66802433 -14.298500336828479 -1.2958126946839585
6.708482203453489e-10 15.406673259975275 0.40128603 0.02372791 0.61212724 -10.787772274341242 -4.703380886671792
7.032459535021308e-10 15.356076598286187 0.31976896 0.02186271 0.57647144 -8.514052311056421 -6.892620948918853
7.377216230170062e-10 15.272455951178264 0.35372686 0.02332182 0.59196887 -15.297615520038171 -0.05846107824801592
7.763844198890873e-10 15.213432106537457 0.17243591 0.02316574 0.75598883 -11.26787505816953 -4.004580893008734
8.083866832190351e-10 15.152133641039448 0.15508721 0.02137925 0.82200336 -12.111539370224857 -3.1018927363126
8.250231804101515e-10 15.132244573587037 0.40286247 0.02091656 0.56602886 -14.182010162677498 -0.9701234783619505
8.876875013023587e-10 14.972394172960183 0.4464475 0.02080983 0.67407049 -12.2551541571747 -2.877090416412338
9.94729088708672e-10 14.861622761647306 0.20345665 0.02241875 0.66478562 -11.511838821465824 -3.460555351494359
1.182158222732106e-09 14.601356690403765 0.38689215 0.02337489 0.701703 -14.485909307962045 -0.3757134536852603
1.3348095859958235e-09 14.562611988165449 0.43500138 0.02042134 0.61572725 -10.26363211891052 -4.337724571493244
1.3413680161093932e-09 14.551603763854262 0.47820181 0.02061494 0.57915481 -8.523613649176214 -6.038998338989234
1.3737837356743916e-09 14.476624033246555 0.3526287 0.02108369 0.58269276 -9.886680888595729 -4.664922875258533
1.7668512950010963e-09 14.052061704796493 0.39658827 0.02074394 0.69438697 -12.405069336249104 -2.0715546969974517
2.1862009267287496e-09 13.96811848723694 0.37068616 0.02188031 0.7437874 -10.204429779011054 -3.84763192578544
2.5876181884698505e-09 13.692484047160544 0.4030276 0.02064738 0.67725109 -13.922011161683445 -0.04610732555349391
2.95904039474839e-09 13.641963112021239 0.2550635 0.02210695 0.62633325 -9.240499854957205 -4.45198419220334
3.0020996855022268e-09 13.623432782818252 0.2613542 0.02326674 0.77342391 -13.624098953614096 -0.017864158407142682
3.070899296963117e-09 13.558024369339027 0.44718338 0.02227324 0.54447915 -9.950535066542527 -3.672897716275725
3.113273407972747e-09 13.555351407669717 0.2246294 0.02073759 0.70263809 -13.406482425393698 -0.15154194394532938
3.144779809637903e-09 13.499070782363379 0.33695625 0.02212799 0.58118322 -9.669317978158427 -3.8860334295112895
3.4601944807824962e-09 13.330858091566693 0.36141965 0.02047432 0.64147128 -13.471513694838832 -0.027557087524547486
3.923030276902559e-09 13.205261813323347 0.40264252 0.0205636 0.65532025 -7.685481662740494 -5.645376428826199
4.402812459451794e-09 13.061701498402154 0.36212585 0.02350311 0.63563032 -8.193235468817416 -5.012026344505929
4.727996610288079e-09 13.018459945530065 0.38396214 0.02341818 0.67688342 -7.864149203642464 -5.197552294759691
4.799450603517899e-09 12.991806635521483 0.4061139 0.02230686 0.56062735 -8.39914628503752 -4.619313660492543
5.017330868088029e-09 12.892355435530359 0.328784 0.02071749 0.72317054 -12.797358906083186 -0.1944477294382975
6.034161422578715e-09 12.601698586450935 0.34608621 0.02351246 0.66922083 -8.883538027313014 -4.008817408217344
6.815366523047969e-09 12.588262981375026 0.47460993 0.02203152 0.54509195 -7.33840070381368 -5.2632978826372545
7.821645039195265e-09 12.306412619975104 0.42522073 0.02195263 0.55922068 -12.587949231220152 -0.0003137501548726875
8.974675928609905e-09 12.254512675673936 0.2966339 0.02211078 0.61108142 -12.295687627558655 -0.010724992416449145
9.482144941048342e-09 12.158433504963941 0.24608817 0.02300679 0.67367413 -12.235040677288088 -0.01947199838584851
1.0097663089194573e-08 12.088051711157473 0.4983127 0.02122743 0.5655354 -9.857489429678331 -2.3009440752856105
1.058104360377712e-08 12.0250617929786 0.25563305 0.02111394 0.66162463 -10.603708551749529 -1.484343159407943
1.0716269045138316e-08 12.022058947599982 0.17374035 0.02225714 0.78595147 -10.085210493034221 -1.9398512999443782
1.0925255851854603e-08 11.948189929220707 0.36451428 0.02235454 0.58402871 -11.889178821445112 -0.13288012615487022
1.1522808023618579e-08 11.875893806984653 0.39813642 0.02240473 0.70671074 -11.683735203451572 -0.26445472576913387
1.2075753000063436e-08 11.814478721340867 0.46759901 0.02232447 0.55607335 -11.526136331043286 -0.3497574759413658
1.2289146330285205e-08 11.800361763466306 0.22244804 0.02127628 0.79145344 -11.595426968838629 -0.2190517525022383
1.2963765164746008e-08 11.672053178040056 0.36453485 0.02069181 0.6515519 -10.493376273435782 -1.306985490030524
1.4073215714885084e-08 11.593938204402841 0.26161222 0.02162389 0.64349851 -7.503588865922202 -4.1684643121178535
1.4521993259063467e-08 11.568305319381071 0.45314036 0.02288762 0.64758921 -11.223182281051859 -0.3707559233509815
1.457834548840401e-08 11.546541179795009 0.36014432 0.02254893 0.59301242 -9.789574691803717 -1.7787306275773558
1.4586005325262583e-08 11.52762056837943 0.45788432 0.02109859 0.58653368 -10.885473682751458 -0.6610674970435507
1.4794059146789955e-08 11.479108405891465 0.18089553 0.02222533 0.78386716 -9.521479465713528 -2.006141102665903
1.5455306795918876e-08 11.401479718883346 0.18529113 0.02222763 0.74073158 -11.379485250027138 -0.09962315586432745
1.5876086012587595e-08 11.384347302441638 0.49500566 0.02247603 0.56100752 -11.299610555061713 -0.10186916382163282
1.5836368544014506e-08 11.366887002144722 0.23472219 0.02307121 0.7114743 -10.892941383523358 -0.4914059189182799
1.7271713736058355e-08 11.179874504862928 0.42736346 0.02217125 0.68315003 -8.755705586647094 -2.6111814154976276
1.9666448467623107e-08 11.062316161747722 0.3428874 0.02327823 0.66605046 -11.125817940562131 -0.054056564300797416
2.0986994486985075e-08 11.0075872170001 0.45636619 0.02129494 0.64457594 -7.321405686516009 -3.7409104752317126
2.116862146364855e-08 11.004730167221897 0.24013889 0.02149843 0.78638065 -9.765341362430101 -1.2422458545699986
2.0830463732104335e-08 11.0001919662407 0.29243144 0.02123174 0.7530805 -10.36192987295634 -0.642800294265558
2.101560976020277e-08 10.948100145022561 0.26304157 0.02310667 0.74011417 -9.531964157357807 -1.4682278088828933
2.129471914533827e-08 10.933573889405917 0.31375379 0.02077537 0.67968305 -8.157799908671738 -2.790300236350823
2.1344155486161937e-08 10.904022767229145 0.35175071 0.0224409 0.72755062 -7.27314720457106 -3.660426684834857
2.1681955310102343e-08 10.862770909125377 0.33712458 0.02268957 0.61396415 -10.485407803903149 -0.4186149633259961
2.2530576066298932e-08 10.788581879650156 0.19441244 0.02190834 0.78650831 -9.80339569309344 -1.0593752160319365
2.3132612265158752e-08 10.769144250244489 0.48904521 0.02132147 0.6071692 -10.759120608174431 -0.029461271475724176
2.2972143792512584e-08 10.762814319801215 0.48347667 0.02174874 0.56638153 -9.616158053003046 -1.1529861972414435
2.2786013992909574e-08 10.745871574111819 0.46376766 0.0212944 0.58716205 -10.58894668777182 -0.1738676320293948
2.263728741366639e-08 10.73625739812367 0.40563832 0.02196689 0.69389464 -9.50178471172863 -1.2440868623831876
2.369376402788439e-08 10.618482047334485 0.43789631 0.02176837 0.5744558 -10.729591310827036 -0.006666087296633461
2.4718144822187168e-08 10.608559621533988 0.31495046 0.02115275 0.63747324 -10.468864098308506 -0.1496179490259792
2.4537094946743264e-08 10.59361110359699 0.22756334 0.02138976 0.77631684 -8.831335385321164 -1.7772242362128237
2.554620309589455e-08 10.490928006596862 0.21691605 0.02140359 0.71769885 -9.655044158522658 -0.938566945074332
2.6533888929443865e-08 10.475561990220598 0.33751309 0.02137212 0.61759095 -9.593112614770849 -0.8978153918260128
2.6747310686335432e-08 10.435639764180625 0.43134475 0.0213647 0.59043104 -9.483711021426714 -0.991850968793884
2.722817624363155e-08 10.400234885545975 0.4891442 0.0226049 0.59322665 -9.42093344592181 -1.0147063182588143
2.740504132788098e-08 10.382847413506871 0.49891233 0.02177934 0.57277755 -9.591856663982979 -0.8083782215629971
2.7159534006570054e-08 10.37855633686696 0.33814256 0.02254765 0.61446667 -10.245990214725447 -0.1368571987814247
2.6934432322488247e-08 10.359969254490446 0.44666883 0.0214919 0.6512264 -9.720665669076801 -0.657890667790159
2.7767834280408213e-08 10.279535994239009 0.21773013 0.02139122 0.72472742 -9.70097149607499 -0.6589977584154559
2.8920668314329276e-08 10.237825575472135 0.19775415 0.02182944 0.75253313 -9.345321311004009 -0.9342146832349991
2.9049430814517982e-08 10.230624029536227 0.26590847 0.02241592 0.65602227 -10.152017829612435 -0.08580774585969979
2.8597975103603483e-08 10.22953360271131 0.42381534 0.02256563 0.5899394 -9.860221758845437 -0.3704022706907898
2.812099075085048e-08 10.22466363774741 0.41208906 0.02275541 0.60167856 -9.526042708740773 -0.7034908939705372
2.8105717318954587e-08 10.191287459046915 0.348376 0.02139185 0.71569454 -8.946715552204736 -1.2779480855426733
3.0193150535083265e-08 10.046716404619048 0.33724859 0.02190928 0.73199262 -9.258938964061203 -0.9323484949857128
3.2277599754747e-08 10.013225176780342 0.41107097 0.02111811 0.62961699 -10.017748669463144 -0.02896773515590438
3.269028067674029e-08 9.981671007392354 0.38570167 0.02291559 0.66788214 -8.091196488104197 -1.9220286886761453
3.345375144602115e-08 9.927920947563175 0.48178782 0.02235899 0.61879845 -8.086403015682134 -1.89526799171022
3.407180342209563e-08 9.904864011169462 0.30706762 0.02306796 0.69611369 -9.656389871118572 -0.2715310764446028
3.38753136953884e-08 9.899756559008487 0.33531872 0.02099377 0.65962549 -7.309826926228454 -2.5950370849410067
3.331011639973392e-08 9.898903202921138 0.44207259 0.02130066 0.6283327 -7.411206268842331 -2.4885502901661565
3.270633773936506e-08 9.896736841351474 0.2546488 0.02238796 0.66968439 -8.676194082687715 -1.222709120233423
3.2260397053253646e-08 9.886778553319772 0.41803074 0.02240009 0.67068505 -9.576803847227461 -0.3199329941240124
3.251679016888087e-08 9.841780565060892 0.24989351 0.02277028 0.69579644 -9.545409250774645 -0.34136930254512743
3.307573082376067e-08 9.812790772948532 0.40883145 0.02151008 0.67225222 -8.51164445549866 -1.3301361095622328
3.2909065488677975e-08 9.812068624447752 0.43007847 0.02241192 0.66004091 -9.198372211653604 -0.6144185612949273
3.240404010478276e-08 9.80413125234318 0.21990906 0.0215707 0.72034433 -9.449109702879824 -0.3629589215679279
3.198690533761197e-08 9.798368918070427 0.38085697 0.0211269 0.66683591 -9.327128819306159 -0.4770024330370195
3.158719085697885e-08 9.789686393265383 0.248109 0.02120301 0.73902472 -7.913606469575367 -1.8847624484950591
3.125932245221203e-08 9.779638130016297 0.33759648 0.02119609 0.70585916 -8.212500214944926 -1.5771861783204566
3.206464932308332e-08 9.700738759186837 0.32700044 0.02288009 0.70805103 -8.17560612267603 -1.6040320073402672
3.29960954853398e-08 9.681301294043402 0.37421497 0.02295606 0.65872005 -7.952720721183337 -1.7480180380035004
3.269993224557986e-08 9.679072753795745 0.30590359 0.02169825 0.7443284 -7.610867082195962 -2.0704342118474406
3.2954080635791206e-08 9.6268912662437 0.43935197 0.0221713 0.58683363 -9.434460523675892 -0.24461223011985395
3.342584324542007e-08 9.61042611583206 0.28580129 0.02293888 0.71834633 -9.572797017837349 -0.054094248406351006
3.3349782101058066e-08 9.59186062924107 0.45405546 0.02160873 0.59433044 -7.615304431709516 -1.9951216841225452
3.308279757884392e-08 9.5868166574825 0.43925573 0.02182319 0.65359691 -9.19218409369953 -0.3996765355415419
3.2697498894602845e-08 9.575709552237496 0.3800868 0.02292284 0.65179079 -9.495291758344619 -0.09152489913787994
3.2430725726188116e-08 9.563601790888741 0.29850293 0.02154272 0.74294528 -7.649623684191198 -1.9260858680462989
3.2136668874742636e-08 9.554306424454433 0.44875305 0.0215468 0.5985307 -9.025336811712934 -0.5382649791758077
3.271199759970607e-08 9.489535182630442 0.24946809 0.02280378 0.72272293 -9.025190496034607 -0.5291159284198255
3.327845916880864e-08 9.479341689061997 0.29157533 0.02135055 0.65862317 -8.037954349239664 -1.4515808333907778
3.427414672298118e-08 9.392813136775757 0.31724153 0.02210743 0.62881551 -8.420363961984656 -1.0589777270773413
3.720315841109141e-08 9.277200282025726 0.39281212 0.02171027 0.68185631 -9.374751482393727 -0.01806165438202996
4.000686162405904e-08 9.205826794358622 0.25580548 0.02171284 0.7603743 -9.05052141595477 -0.2266788660709546
4.1115354009294534e-08 9.181804718332236 0.26905161 0.02196149 0.6632472 -8.982895844219305 -0.22293095013931666
4.1469275370157114e-08 9.149200678472623 0.22864431 0.02194615 0.70974129 -9.17371620792881 -0.008088510403424853
4.1396686332419075e-08 9.145441179444237 0.28791255 0.02262293 0.73583597 -9.136312469952955 -0.01288820851966666
4.07360607902368e-08 9.141769506071787 0.22277787 0.02179182 0.72716221 -8.286450707901583 -0.8589904715426547
4.01492704075081e-08 9.134863370435898 0.30421817 0.02283008 0.66963905 -9.018742990856998 -0.12302651521478909
3.981193508942824e-08 9.119089579508838 0.39093336 0.02143675 0.66938743 -7.58423449476853 -1.5506288756673692
3.9679179488416973e-08 9.101949636813469 0.39367675 0.02173324 0.60603365 -8.315265829441152 -0.8038237500676855
3.9397977357840096e-08 9.093652342822814 0.35644014 0.02138081 0.63096175 -8.907637057309664 -0.19431257950380518
3.885343868792126e-08 9.09016599780425 0.31253158 0.02153333 0.72753879 -8.128238445631327 -0.9654138971914866
3.8643090975725495e-08 9.06505880714141 0.40644607 0.02175324 0.6689345 -8.530507969444269 -0.5596580283599824
3.853621685524472e-08 9.055962846024732 0.30811163 0.02127003 0.71339191 -8.896907783864872 -0.16815102327653772
3.808711134324078e-08 9.048890486448299 0.30239228 0.02116363 0.68514851 -7.726896884926766 -1.3290659610979672
3.778019732272555e-08 9.032593196463273 0.23139499 0.02171828 0.7544534 -7.315968229139654 -1.7329222573086445
3.837223339543726e-08 8.978842968249689 0.37645367 0.02270693 0.66917968 -8.817478007616836 -0.21511518884643657
3.8802155883813294e-08 8.970001898660396 0.31824837 0.02226836 0.63580567 -7.863844431412427 -1.1149985368372624
3.891925646611093e-08 8.933524123424089 0.24313048 0.02257358 0.72876229 -8.82424611386747 -0.14575578479292456
3.9105064884846754e-08 8.920580206793872 0.36034569 0.02254745 0.6269186 -8.209386316531642 -0.7241378068924467
3.887591505906056e-08 8.905686610330886 0.39908425 0.02145281 0.62238723 -8.263199619964507 -0.6573805868293652
3.860784909074267e-08 8.89478781092075 0.37066086 0.02257092 0.62567112 -8.14552716575547 -0.7601594445754162
3.824646158784582e-08 8.884885278132552 0.3244182 0.02125205 0.69680381 -8.177594201067865 -0.7171936098528839
3.784574017348777e-08 8.876241957858749 0.38149905 0.02226577 0.61205748 -7.491351448414038 -1.3935338297185136
3.776876641454083e-08 8.84951187163518 0.36687962 0.02128723 0.66606514 -8.733515166370283 -0.14272679148846618
3.8991246903235007e-08 8.774167527541753 0.40516455 0.02257191 0.6460573 -7.580721547516903 -1.2687903241182763
3.997200610003309e-08 8.758861966439845 0.23074799 0.02180115 0.74359362 -8.054406725662824 -0.719760801878928
3.9568164809024594e-08 8.754816770624211 0.23011341 0.02205758 0.72172441 -8.645690920524311 -0.11317104591553448
3.974742651447704e-08 8.71069873916463 0.3401244 0.02127678 0.68188591 -8.751480143954863 -0.0033366266693483325
4.01235466898587e-08 8.695942860814666 0.35846224 0.02209724 0.62017182 -7.405474633279161 -1.30522410588547
3.986664595961086e-08 8.683921832713906 0.32696178 0.02160276 0.71446257 -8.681844726490704 -0.014098134323963047
3.942099178427434e-08 8.678791206213583 0.34142495 0.02251896 0.70162057 -8.2725528643373 -0.411368968376607
3.8828895690879915e-08 8.674581940918465 0.2659195 0.02145553 0.73201746 -8.090513842910587 -0.5882773633029956
3.831369587749299e-08 8.665914855232337 0.36552693 0.02225456 0.69321753 -7.921682958613929 -0.752898982304536
3.785634264291872e-08 8.658987679217562 0.3661002 0.02207353 0.61802873 -8.53591447550264 -0.130000379729697
3.7289581639569466e-08 8.65646831891699 0.32922406 0.02144233 0.64757827 -8.652215780544134 -0.006771898673427267
3.710512748105417e-08 8.629480533294142 0.27783253 0.02221418 0.66682114 -7.867944895711399 -0.7885234232055925
3.766224402092351e-08 8.587319459480339 0.2479723 0.02245502 0.73434815 -8.540380612272912 -0.08909992102123004
3.779983231443842e-08 8.582144500192756 0.31640671 0.02128925 0.67355641 -8.140148543228207 -0.4471709162521324
3.7238975030734004e-08 8.577610125582234 0.31812412 0.02255764 0.65261165 -7.320356030347201 -1.2617884698455557
3.6611824885408444e-08 8.576503723818165 0.25190409 0.02247846 0.73445345 -7.894586509729721 -0.6830236158525134
3.591787762244776e-08 8.576276811978953 0.29202858 0.02252312 0.7273264 -8.079849753713582 -0.4966539701045828
3.547141143160572e-08 8.561965847236022 0.37330287 0.02173334 0.68441769 -7.978141458678786 -0.5981353533001679
3.571226206606964e-08 8.523456977662297 0.31335739 0.02264431 0.70698718 -8.367792660209666 -0.1941731870263556
3.574256488501613e-08 8.520296045732573 0.3236726 0.02254784 0.70802884 -7.6024661043143205 -0.9209908733479771
3.515031024683595e-08 8.517269171050264 0.39272839 0.02149169 0.65092527 -7.86195057971927 -0.6583454660133028
3.4791465697998436e-08 8.50127510538989 0.27192583 0.02190566 0.67322366 -7.857737385362441 -0.659531785687824
3.4647481640382296e-08 8.485952807391154 0.28635272 0.02145103 0.67937186 -8.470383878145958 -0.030891227243933193
3.5024695359638526e-08 8.440471547210521 0.28596756 0.02139556 0.68834641 -7.721012434614535 -0.7649403727766202
3.595358644958522e-08 8.394018978962375 0.27183914 0.02259848 0.70459094 -7.519100791899581 -0.9213707553109403
3.623384012274708e-08 8.384818740183036 0.42527066 0.0221368 0.63448007 -7.603274844784867 -0.7907441341775087
3.572663988591374e-08 8.382587540693766 0.26188427 0.0223992 0.69497487 -8.352582673788618 -0.03223606639441773
3.5340520703129935e-08 8.367005787994554 0.25207079 0.02180381 0.74266581 -8.042810147749998 -0.33977739294376713
3.5259124648918285e-08 8.347627169871338 0.25079096 0.02163991 0.7209805 -8.256562961275518 -0.11044282671903467
3.4950499679077784e-08 8.34489169387281 0.31967613 0.02133992 0.68313955 -8.006253184906324 -0.34137398496501364
3.481117322262368e-08 8.316214356315422 0.24909357 0.02226688 0.73758005 -7.252015109248596 -1.092876584624215
3.469755260549566e-08 8.311624616325984 0.24081993 0.02213913 0.73086301 -8.172195399290343 -0.14401895702507952
3.422082377052602e-08 8.304286922527405 0.33770269 0.02147407 0.69176839 -8.278089470369153 -0.03353514595683045
3.367744871422731e-08 8.304017729871367 0.25568208 0.02182475 0.69725422 -7.600043545689075 -0.704243376838331
3.3550829715824125e-08 8.272464229151327 0.24502796 0.02209721 0.73894355 -8.213934524399614 -0.09008320547175351
3.381914218863003e-08 8.248377844160586 0.29696409 0.02180174 0.72859733 -8.2583759814014 -0.014088247749926511
3.402436953552265e-08 8.220803934096711 0.2879956 0.02155738 0.72150103 -8.135818189576774 -0.11255965458381148
3.383076444378201e-08 8.219995558341457 0.3993112 0.02204397 0.65940321 -7.715088160997761 -0.5057157730989499
3.3477604125740205e-08 8.202264904048977 0.40868315 0.02213212 0.622484 -8.218638327055043 -0.0013572312864138134
3.33221540957657e-08 8.18965986774794 0.35595519 0.02147525 0.67216759 -8.172559786855832 -0.029705117193145038
3.322596142689253e-08 8.168513563268553 0.39594863 0.02235799 0.64904463 -7.488448151097784 -0.7012117166501565
3.306403055102289e-08 8.15973317707685 0.3190628 0.02264 0.68322337 -7.898569510943007 -0.2699440523255451
3.27296851903065e-08 8.149243604842585 0.32972718 0.02243594 0.65052788 -7.2514208205093 -0.9083123565675502
3.2355587022954764e-08 8.14310136369062 0.26279095 0.02243083 0.71675098 -7.74044689765327 -0.40879670718931405
3.200824253237039e-08 8.131250554234121 0.39536538 0.02233546 0.63350508 -7.74428342147123 -0.39881794221939143
3.181283416045937e-08 8.115768224817705 0.3363216 0.02156895 0.6506581 -7.896097542508667 -0.235153011725455
3.157049722905557e-08 8.106898534042417 0.32106608 0.02259277 0.67015694 -7.635030914981872 -0.4807373098358338
3.1286104559136944e-08 8.094281096740819 0.3416769 0.02173017 0.64151591 -7.331692067049776 -0.7752064669926405
3.087177223512167e-08 8.093917130271361 0.32062562 0.02195877 0.71472292 -7.895790513610888 -0.19849058312993134
3.0482315435081444e-08 8.080114542191996 0.33898779 0.02166034 0.64561951 -8.085058211062004 -0.008858919209358206
3.0154426712329665e-08 8.075898608303975 0.35645781 0.02231447 0.63699744 -7.7744531997163175 -0.30566134247567944
2.9704092383462382e-08 8.070605664589895 0.32456631 0.02197985 0.71197165 -7.870996577482964 -0.20490203082100994
2.9251488622466598e-08 8.066998326220704 0.33831133 0.0224289 0.69358003 -8.066797030932971 -0.0038086336569241636
2.8750503875597427e-08 8.065548027140826 0.29084652 0.02245984 0.71686079 -7.671909750978254 -0.3950885752424487
2.843882773686836e-08 8.049258696482775 0.39563176 0.02203988 0.6572092 -7.608423608740077 -0.4571244184007484
2.8154448891005355e-08 8.045979128322719 0.33294795 0.02150422 0.66018116 -8.04832485302619 -0.0009338434565870527
2.766251422213469e-08 8.044905371038562 0.25856261 0.02191228 0.73473073 -7.417364532752257 -0.6286145955704616
2.7306610877016162e-08 8.032312013323429 0.29647563 0.02222782 0.6653685 -8.017488923312094 -0.027416447726468625
2.6943116882230897e-08 8.032062420249098 0.38789538 0.02190083 0.66311444 -7.930256067804842 -0.10205594551858632
2.6421431045289062e-08 8.031811556136729 0.39777696 0.02180453 0.63294953 -7.998502655630928 -0.03355976461816936
2.603165830734269e-08 8.022204301338606 0.35888954 0.02196225 0.63270997 -7.922105472288884 -0.10970608384784501
2.6008191690252957e-08 7.994183257325258 0.29518762 0.0222161 0.66696645 -8.014323210194641 -0.007881091143964854
2.5931253516005312e-08 7.9883365299243385 0.3662229 0.02209583 0.68104523 -7.903313368332257 -0.09086988899300075
2.5825614176624364e-08 7.96289555061307 0.37125412 0.02204711 0.67664252 -7.974747457512735 -0.013589072411603025
2.603104999095199e-08 7.932947168963927 0.35868295 0.02242833 0.67232186 -7.961159464774788 -0.0017360858382828247
2.5926674784583137e-08 7.931102334355807 0.32856902 0.02254847 0.68028766 -7.538964930163456 -0.3939822388004715
2.5451264995477227e-08 7.930355015703398 0.37632744 0.0219971 0.63089281 -7.2711841948977245 -0.6599181394580824
2.497289286073359e-08 7.929446138363461 0.33045267 0.02165029 0.65405163 -7.929116242518355 -0.0012387731850433885
2.4546757737647516e-08 7.925176458591993 0.3958642 0.02196673 0.63218284 -7.606460161674349 -0.32298597668911216
2.416909105680853e-08 7.920851382905435 0.2915989 0.02156284 0.68767544 -7.918470442317881 -0.0067060162741118335
2.379496348333737e-08 7.9167719834394426 0.39893215 0.0219718 0.64470517 -7.427009951506649 -0.493841431398786
2.340642761013597e-08 7.914170202451028 0.35782133 0.02157687 0.66707475 -7.911282743849809 -0.005489239589633601
2.3106058453879432e-08 7.9030277051170295 0.2998835 0.02180765 0.66633809 -7.450178804798251 -0.46399139765277625
2.2921732134322557e-08 7.890591358298383 0.34535663 0.02183403 0.64228144 -7.796478738004369 -0.10654896711266028
2.2654317470944718e-08 7.886857293818743 0.36341077 0.02243468 0.6537846 -7.8088669634606855 -0.08172439483769674
2.2331454191312247e-08 7.87970393866866 0.28920409 0.02162065 0.71250094 -7.480535099288293 -0.4063221945304499
2.2139409407715635e-08 7.864570372138229 0.39267199 0.02216233 0.64679516 -7.502869047754515 -0.37683489091414535
2.188397952935053e-08 7.86325068538338 0.26720128 0.02173065 0.71451608 -7.816703440635154 -0.04786693150307539
2.151697440639585e-08 7.858795065034613 0.31387314 0.02184989 0.71199074 -7.665412475146576 -0.19783821023680406
2.1177538508471093e-08 7.855445303325153 0.30722743 0.02175242 0.71269249 -7.790420465897237 -0.06837459913737529
2.082066500705179e-08 7.853178514264154 0.27853452 0.02170166 0.71877526 -7.686258042715035 -0.1691872606101185
2.051985269684916e-08 7.844961965414439 0.34006059 0.02237439 0.65214516 -7.613713622495401 -0.23946489176875296
2.029479292731616e-08 7.835635118559319 0.35101114 0.02196426 0.68883693 -7.548200986786348 -0.2967609786280907
2.0360818591552254e-08 7.799171249122499 0.2942653 0.02173274 0.71562764 -7.828293175750604 -0.007341942808715161
2.0360069480517305e-08 7.795773949288092 0.29779311 0.02164005 0.67986783 -7.60418645065509 -0.194984798467409
2.00990064196092e-08 7.785400455925669 0.36530547 0.02235595 0.66329962 -7.454652629247014 -0.34112132004107876
1.9932152399238327e-08 7.772853659015051 0.31568006 0.02168568 0.66491171 -7.51871231842897 -0.26668813749669834
1.975579599791157e-08 7.763551896294052 0.38907293 0.02201678 0.64764806 -7.508753064439131 -0.2641005945759199
1.961099995128073e-08 7.747999811485382 0.33070707 0.02242542 0.68654953 -7.763527407464422 -2.4488829629606005e-05
1.948149684620872e-08 7.737166506252942 0.30332015 0.02182904 0.71351813 -7.359613973743802 -0.38838583774157937
1.9301933834889458e-08 7.726911201268924 0.31127277 0.02167735 0.66995636 -7.650999021321639 -0.08616748493130306
1.9239493772336023e-08 7.7041448447209815 0.33267694 0.02222577 0.69534587 -7.449472123130002 -0.27743907813892105
1.9080985342632327e-08 7.703722070011727 0.36070767 0.02169408 0.65577593 -7.60409497441546 -0.10004987030552157
1.8713218170517996e-08 7.703463920478369 0.32405933 0.02164181 0.69139572 -7.452728087636301 -0.25099398237542564
1.8438795252037107e-08 7.693687186007698 0.32156564 0.02182358 0.65850175 -7.365493270929917 -0.33797064954845263
1.822849963531559e-08 7.686787868457767 0.330339 0.02194618 0.69898809 -7.602518816198276 -0.09116836980942197
1.8018134042330587e-08 7.677307671319105 0.32037178 0.02169308 0.69653864 -7.673911275262645 -0.012876593195122238
1.7828931511077997e-08 7.668292849990875 0.34028596 0.02239974 0.66436332 -7.4247570268026575 -0.2525506445164472
1.7587485480286957e-08 7.664954699338586 0.34556052 0.02236827 0.65938997 -7.327544867417095 -0.34074798257377975
1.7384422604142482e-08 7.651953157836304 0.29542166 0.02227574 0.71091343 -7.3783421881425975 -0.28661251119598835
1.7207677278928364e-08 7.645754620370013 0.27506996 0.02180831 0.70838882 -7.497412471491759 -0.15454068634454446
1.7000018673429107e-08 7.63664145052057 0.28291111 0.02173331 0.70434523 -7.539867609811337 -0.10588701055867664
1.6750640967551048e-08 7.635684668709635 0.30025017 0.02164796 0.68899055 -7.442423119588232 -0.1942183309323381
1.6431452660407536e-08 7.6355143363205515 0.31919428 0.02219154 0.66094126 -7.308623674615238 -0.32706099409439643
1.6144417589384212e-08 7.63132981131426 0.37700042 0.0219218 0.65090744 -7.565979993925239 -0.06953434239531274
1.5861961417582827e-08 7.631205609098709 0.32747554 0.022387 0.66852465 -7.608541970078103 -0.022787841236157524
1.5556994240725595e-08 7.6305517624993815 0.33862966 0.02214103 0.65100442 -7.312943767304272 -0.31826184179443645
1.5293172154346663e-08 7.625813587256857 0.35015021 0.02173539 0.6549921 -7.595940807011014 -0.034610955488367644
1.5032270801163997e-08 7.625355322723963 0.36840786 0.02182901 0.64981831 -7.434406829119658 -0.19140675813719898
1.4763892821684043e-08 7.622240208591269 0.3570592 0.02206698 0.6448963 -7.5391609633675705 -0.08619435935639272
1.4524821227037988e-08 7.618402386350537 0.33856399 0.02194019 0.65078478 -7.617024705126282 -0.005215503464987522
1.4377896898172741e-08 7.603024203290438 0.31469415 0.02197107 0.66248219 -7.6033515441759745 -0.015050842174562862
1.421547108034952e-08 7.601461032111728 0.35368463 0.02190557 0.67836519 -7.597367015392658 -0.00565718789778013
1.3965146141312837e-08 7.59895235129159 0.36902827 0.02186042 0.65943799 -7.570522534001105 -0.030938498110622693
1.3756748461719977e-08 7.591936834977249 0.33067473 0.02171829 0.68756102 -7.538774638468058 -0.06017771282353217
1.3545135597517411e-08 7.590339459357632 0.36496626 0.02180744 0.6581827 -7.376835486134987 -0.21510134884226176
1.3310354071673681e-08 7.587303751154462 0.34537494 0.02227996 0.65603661 -7.483578617605631 -0.10676084175200075
1.3100121920844654e-08 7.582578875758954 0.27850347 0.02218497 0.71152436 -7.4276166977267986 -0.15968705342766334
1.2885221483736212e-08 7.580774736929552 0.27801178 0.02183516 0.7064626 -7.518273734181076 -0.06430514157787796
1.2651012397712706e-08 7.579660697338657 0.33568536 0.02170485 0.66347554 -7.500039481427317 -0.08073525550223504
1.2416543499834494e-08 7.578584475187827 0.36884586 0.02186856 0.65279837 -7.344979370109754 -0.23468132722890314
1.2186809021490853e-08 7.57740669514959 0.2825508 0.02204511 0.71686873 -7.5243898962864835 -0.05419457890134334
1.1965982248803612e-08 7.575552388511084 0.30276442 0.02197886 0.71115047 -7.575916585296096 -0.00149010985349377
1.1860976029261316e-08 7.555529063502274 0.3613281 0.02223149 0.65993283 -7.571553177375637 -0.003999211135447183
1.1780383843814105e-08 7.549491862176858 0.32756894 0.0217584 0.66384908 -7.4498415365739525 -0.1056875269283208
1.1589355493342297e-08 7.548612320590361 0.33962387 0.0222359 0.65688418 -7.387780310050399 -0.16171155212645852
1.1373755340759046e-08 7.5474437729429535 0.29902994 0.02170913 0.6890304 -7.438467219265751 -0.11014510132461024
1.11925335942651e-08 7.541139910538316 0.3400136 0.02223214 0.68352905 -7.319087295219741 -0.22835647772321296
1.1008707277201922e-08 7.540949357374552 0.32065065 0.02236961 0.68255461 -7.434799984002124 -0.10633992653619216
1.0824388071541653e-08 7.535312165786842 0.30215617 0.02193478 0.67354392 -7.252138509586747 -0.28881084778780436
1.0671675272643486e-08 7.529761226269429 0.35983278 0.02221563 0.65757014 -7.518151741568102 -0.017160424218740398
1.049899899242078e-08 7.5283260072771565 0.28494754 0.02215579 0.71138747 -7.439329560532184 -0.09043166573724472
1.0316963744972059e-08 7.525138821365788 0.29161219 0.02195661 0.68258517 -7.48475852116026 -0.043567486116896585
1.013160648165696e-08 7.524977447215115 0.33291287 0.02182205 0.68874422 -7.515642465319756 -0.009496356046032222
9.936463052674457e-09 7.524431164054332 0.30254934 0.02232143 0.68571878 -7.432382873613279 -0.09259457360183615
9.749036803208162e-09 7.523457628799221 0.34444194 0.02177742 0.6589932 -7.3097311864427015 -0.21469997761163007
9.574453529079158e-09 7.520967282891025 0.29717032 0.02200311 0.71137206 -7.384404669053997 -0.13905295974522391
9.399797060639834e-09 7.520671567628857 0.33396008 0.02216292 0.65734413 -7.520292985502416 -0.0006742973886090566
9.231869765588297e-09 7.517417647295107 0.32417539 0.02201784 0.65999952 -7.472405375979205 -0.048266191649651985
9.081911619108454e-09 7.5138207037885625 0.28861582 0.02217691 0.70965281 -7.517406664902461 -1.0982392645813067e-05
8.920281328639876e-09 7.513723592589034 0.34031199 0.02231864 0.67044714 -7.455643355805631 -0.05817734798293104
8.785460300539284e-09 7.504694565048265 0.33072358 0.02170292 0.6741244 -7.302987861736431 -0.21073573085260286
8.696092841467185e-09 7.494572153633161 0.31340418 0.02172275 0.67845056 -7.267123297683211 -0.23757126736505405
8.575242492996378e-09 7.493053380199781 0.31549919 0.02177883 0.69579351 -7.285787648386948 -0.20878450524621334
8.45130409551907e-09 7.484103370826432 0.33161712 0.02192662 0.65865558 -7.355614295557427 -0.13743908464235385
8.36615639033193e-09 7.473707506157413 0.31115257 0.02230676 0.68095146 -7.463500862111831 -0.02060250871460153
8.259950374741774e-09 7.470026458964442 0.35826809 0.02207748 0.66763206 -7.279405270080928 -0.19430223607648478
8.12098668720112e-09 7.46803369605722 0.28293341 0.02207053 0.70840135 -7.462219669223586 -0.007806789740856202
7.983475878042624e-09 7.464578735137457 0.29674346 0.02216237 0.68291723 -7.461999451847364 -0.006034244209856008
7.840992356188537e-09 7.464442437761618 0.30384882 0.02174247 0.6911253 -7.416684278184854 -0.047894456952603456
7.703354439955456e-09 7.4603966217521345 0.28247979 0.02197701 0.69920544 -7.282441846994496 -0.18200059076712222
7.571346854705747e-09 7.45940314553241 0.33495783 0.021934 0.65828327 -7.456030262796972 -0.004366358955162344
7.445924416796304e-09 7.454206166773365 0.31601201 0.0218519 0.66985672 -7.4419285362136165 -0.017474609318793834
7.338537833077199e-09 7.448852717791717 0.32417265 0.02178235 0.68816968 -7.387434607298104 -0.06677155947526114
7.2361647514670104e-09 7.4426997757925655 0.30549447 0.02213004 0.67561909 -7.315404309513961 -0.13344840827775567
7.128705202579297e-09 7.439164555307917 0.31538012 0.02192369 0.69899699 -7.41408635870117 -0.028613417091394755
7.01283341587042e-09 7.43586971827291 0.35248646 0.02217373 0.66542257 -7.4172489070231284 -0.021915648284788546
6.890430968067267e-09 7.434773252872595 0.35914176 0.0220122 0.65758598 -7.380026183145149 -0.05584353512776093
6.7668715757086005e-09 7.4324550143104835 0.32307713 0.02184267 0.66753536 -7.434629342276417 -0.00014391059617722502
6.647834033402406e-09 7.4306630309148 0.35203387 0.02188655 0.65943698 -7.358151852696181 -0.07430316161430255
6.527510767409635e-09 7.429380210753344 0.32349246 0.02229272 0.67793171 -7.388581005641686 -0.04208202527311436
6.411465022759701e-09 7.426934607408105 0.35175294 0.02216446 0.66123236 -7.253633022841843 -0.1757471879115009
6.296036216936439e-09 7.42610869952855 0.31729789 0.02222497 0.67257577 -7.377625607143379 -0.049309000264725816
6.184105180807073e-09 7.423207174578099 0.31216166 0.02179734 0.69400412 -7.326830340469722 -0.0992783590588281
6.074090334129747e-09 7.422401664243121 0.32674071 0.02220496 0.6882325 -7.306058040008975 -0.11714913456912401
5.961238579014775e-09 7.421110102844858 0.34290926 0.02215594 0.65969132 -7.341561624301319 -0.08084003994180206
5.8557835084391275e-09 7.418494638719274 0.30121046 0.02224866 0.69286427 -7.377446346225009 -0.04366375661984896
5.749292367565925e-09 7.418209210582432 0.31487913 0.022277 0.68782719 -7.294946576629311 -0.12354806208996279
5.641146425991945e-09 7.416868750671385 0.28849172 0.02213603 0.70053043 -7.262144528070087 -0.15606468251234515
5.544547236151775e-09 7.413151655055845 0.29484256 0.02205108 0.68520601 -7.385053797937238 -0.03181495273414666
5.447046159107125e-09 7.412743068106098 0.34043548 0.02222542 0.66645645 -7.410869087298701 -0.0022825677571446756
5.341748381181296e-09 7.412587286795866 0.33451633 0.02206959 0.68634427 -7.313032854983845 -0.0997102131222532
5.246929795654696e-09 7.408960908854229 0.34438017 0.02214386 0.65991258 -7.406776170412851 -0.00581111638301565
5.1730712296038145e-09 7.401346328555087 0.29189449 0.02197339 0.70516602 -7.372712805569692 -0.03624810328453716
5.09719615710003e-09 7.398894551622338 0.32868341 0.02191622 0.66412845 -7.396212157195174 -0.005134171359913032
5.00766188201567e-09 7.39718330222495 0.29389839 0.02188787 0.70112065 -7.37344305145134 -0.025451500170998606
4.914269802639489e-09 7.396940456605456 0.32730885 0.02205032 0.66361214 -7.355932060994889 -0.04125124123006102
4.8301405508616924e-09 7.392119065706867 0.34337742 0.02185412 0.6651178 -7.394767889071221 -0.002172567534235507
4.749413726894485e-09 7.391038447073099 0.29888984 0.02186633 0.69970924 -7.32709876282036 -0.06502030288650693
4.658975225104235e-09 7.390964859201821 0.35204467 0.02199452 0.66824209 -7.335237153563411 -0.055801293509688696
4.569987242853083e-09 7.390003625667765 0.28809119 0.02204686 0.6991028 -7.389431137919543 -0.001533721282277672
4.486941833318948e-09 7.388038438852742 0.30177558 0.02184505 0.68587951 -7.3882992057125545 -0.0017044199552101625
4.403815873398436e-09 7.387797329101811 0.2999069 0.02219538 0.69721174 -7.315712098122305 -0.07232634073043599
4.318668650030814e-09 7.387481668927169 0.29043778 0.02210778 0.70009862 -7.315114607232057 -0.07268272186975402
4.2369038100736504e-09 7.3864211365300285 0.33652351 0.02208204 0.68317233 -7.36927264528671 -0.01820902364045862
4.162651168889315e-09 7.383239858330128 0.2901553 0.02199206 0.69438994 -7.377326292606202 -0.009094843923826264
4.089247214514906e-09 7.382396076825294 0.31915384 0.02223211 0.687751 -7.381395613699498 -0.0018442446306302165
4.015869669283761e-09 7.379849984369073 0.31923248 0.02200643 0.69504258 -7.2760846912552894 -0.1063113855700043
3.948180152842948e-09 7.3767898967116645 0.29499355 0.02215499 0.69403435 -7.379415131191923 -0.0004348531771498802
3.878859695793362e-09 7.375669771105601 0.29347337 0.02198825 0.68996288 -7.333731773565132 -0.043058123146532304
3.805059243367508e-09 7.375603642617864 0.30724011 0.02221421 0.69343616 -7.373287319064491 -0.0023824520411098926
3.733324913842906e-09 7.374129711849704 0.34593905 0.02212804 0.67115885 -7.286480247756553 -0.08912339486131098
3.667536174258777e-09 7.371557778533663 0.34562024 0.02190435 0.67050159 -7.346547181326753 -0.02758253052295079
3.601076607858514e-09 7.371097328470941 0.30327237 0.02209101 0.68059943 -7.339951201784431 -0.03160657674923155
3.5325294883639803e-09 7.37038994647064 0.3309654 0.02219318 0.6685512 -7.359181212932976 -0.011916115537964862
3.4661948771114988e-09 7.369405727347279 0.31283144 0.02180541 0.68269065 -7.299520163069327 -0.07086978340131311
3.4046787035220853e-09 7.366600097848277 0.30406264 0.02219906 0.69404821 -7.260590595031418 -0.10881513231586115
3.3428189462457927e-09 7.366470765135772 0.31964579 0.02184986 0.68960679 -7.290835171712442 -0.0757649261358354
3.2781238677842742e-09 7.366081236385392 0.33721265 0.02218967 0.66825042 -7.2980704105735015 -0.06840035456227103
3.2152989675833865e-09 7.365567383379242 0.29953958 0.02216597 0.68890308 -7.298053905907614 -0.06802733047777786
3.1571126011880453e-09 7.363002497940791 0.34636792 0.02204424 0.66104116 -7.3152174967401615 -0.05034988663908024
3.0995037394269086e-09 7.362792218118258 0.32760432 0.02219611 0.68351603 -7.361613918777448 -0.0013885791633426175
3.0392333846098774e-09 7.3626706502271775 0.29765176 0.0221449 0.69813438 -7.289506148818602 -0.07328606929965592
2.981836544775199e-09 7.361319229654957 0.32500863 0.02223266 0.67923591 -7.325811251600244 -0.03685939862693429
2.92860960410251e-09 7.359089438702599 0.30461877 0.02210246 0.68057737 -7.254460059781295 -0.10685916987366198
2.87520940090547e-09 7.358517345607084 0.29594667 0.0221339 0.69699904 -7.343021567681786 -0.01606787102081259
2.8207878395505754e-09 7.357702838214134 0.32811106 0.0219391 0.66620505 -7.327862756846551 -0.03065458876053282
2.766695871667784e-09 7.357636805360874 0.32903897 0.02192134 0.68616783 -7.3422390848405055 -0.015463753373628647
2.712775550618057e-09 7.357460556127231 0.34012594 0.02216569 0.67283332 -7.334636240962924 -0.023000564397950722
2.6602530655088903e-09 7.357133656739851 0.34259424 0.02188607 0.66835514 -7.307303720863236 -0.05015683526399535
2.6086420643033346e-09 7.357038180323579 0.31588119 0.02210182 0.69473535 -7.314746503849462 -0.042387152890388566
2.559591008125597e-09 7.355493637846866 0.33246226 0.02219908 0.67773945 -7.341218530369744 -0.01581964995383531
2.513196530967283e-09 7.354016918616128 0.29802052 0.02194353 0.68758093 -7.279712774791873 -0.07578086305499271
2.4672335743648066e-09 7.352804103089601 0.32457375 0.02213864 0.66926042 -7.340199575520476 -0.013817343095651555
2.427316482060589e-09 7.347041984421748 0.3086266 0.02210376 0.6782081 -7.319545453141277 -0.033258649948323525
2.387770591052605e-09 7.346043187895011 0.3175418 0.02210955 0.67241435 -7.330463796431174 -0.016578187990572913
2.3455838408232373e-09 7.3430902203842034 0.33550968 0.02217382 0.67004141 -7.32709487168268 -0.01894831621233221
2.3031562569615865e-09 7.342943510070215 0.29907624 0.02191326 0.69705478 -7.287181576477618 -0.05590864390658567
2.2591474258143994e-09 7.342071092594365 0.29630335 0.02194857 0.69806152 -7.316022909717927 -0.026920600352288614
2.2178695518541706e-09 7.340219768264031 0.32041639 0.02215681 0.67314245 -7.330015608143045 -0.012055484451320434
2.176487438255268e-09 7.340134509625712 0.31931584 0.02217734 0.67509489 -7.295991431813783 -0.04422833645024874
2.134398573419294e-09 7.339669370134472 0.29805727 0.02195072 0.69869569 -7.281634619447981 -0.05849989017773079
2.0936382919281397e-09 7.339092376783916 0.34332927 0.02211309 0.66817024 -7.328327844293432 -0.011341525841039543
2.0532932839618086e-09 7.338980791296448 0.32744386 0.02183524 0.67677619 -7.318615972471508 -0.020476404312408155
2.0135393362653275e-09 7.338589050927087 0.29767267 0.02192117 0.69542358 -7.258317662209756 -0.0806631290866923
1.975432618691459e-09 7.33758897952869 0.3058389 0.02216379 0.6848532 -7.315507004495961 -0.02308204643112577
1.9389575362633657e-09 7.336257880447799 0.31513191 0.02185322 0.68906424 -7.288734675912702 -0.0488543036159891
1.9032240469210894e-09 7.335185891844152 0.33975116 0.02197245 0.67665066 -7.270532115284676 -0.06572576516312297
1.8669075489149154e-09 7.335184278790151 0.34325044 0.02202191 0.66374819 -7.329842603939692 -0.005343287904460002
1.8306583784268977e-09 7.334796020987474 0.32048755 0.02201578 0.69177517 -7.3351756338913585 -8.644898792758034e-06
1.7958386257869718e-09 7.33398626634255 0.33397815 0.02191438 0.66705757 -7.33475392249851 -4.209848896460035e-05
1.7617528613527587e-09 7.33351637057798 0.34160073 0.02210444 0.66626952 -7.30762457252205 -0.026361693820500406
1.729525848467439e-09 7.3313061027978685 0.34015183 0.02192351 0.67325154 -7.316668659998934 -0.016847710579046406
1.697892401392007e-09 7.330829105309616 0.30315598 0.02188803 0.69341762 -7.309304069071616 -0.022002033726252677
1.6650269112915268e-09 7.330793655222946 0.30430386 0.02188051 0.69277225 -7.289678722429221 -0.04115038288039499
1.6335779426973954e-09 7.329361603434247 0.31074008 0.02216468 0.69184568 -7.284818410041703 -0.045975245181243025
1.60292069805674e-09 7.329078437230092 0.31915564 0.0219498 0.69138309 -7.279899965445341 -0.049461637988906515
1.5723156153126443e-09 7.328312384490821 0.33235276 0.02187033 0.67196735 -7.317433831228754 -0.011644606001338018
1.542879516096826e-09 7.32727122855165 0.30622382 0.02206505 0.69746732 -7.275377003931191 -0.052935380559629965
1.5144825015316445e-09 7.325860733635981 0.33227563 0.02187391 0.67193127 -7.322475247758515 -0.004795980793135306
1.48587478610558e-09 7.325805711530762 0.33370159 0.02216485 0.67257824 -7.275427163702847 -0.05043356993313312
1.457214556542601e-09 7.325209376934582 0.2996105 0.02202116 0.69857905 -7.276229445555802 -0.0495762659749602
1.4304041157707174e-09 7.32334078635286 0.31206535 0.02199015 0.67634091 -7.325206192684289 -3.1842502933793875e-06
1.4040530068947537e-09 7.322791212342496 0.32707287 0.02215847 0.68254286 -7.321234756785615 -0.0021060295672449885
1.3772654088762294e-09 7.322261753601892 0.33084295 0.02216058 0.67876848 -7.277487233556956 -0.04530397878554071
1.350804282618263e-09 7.321985437756836 0.32229015 0.02217669 0.67582172 -7.275563329853096 -0.04669842374879606
1.324759326609748e-09 7.321595272599616 0.30128454 0.02212762 0.69154185 -7.263967795870829 -0.05801764188600738
1.299525246317851e-09 7.320843886287946 0.3112326 0.0221013 0.67821404 -7.294226621375743 -0.027368651223873355
1.2747371491747713e-09 7.320507910642548 0.33844559 0.02200448 0.66523937 -7.305224236228872 -0.015619650059074255
1.2499534965007453e-09 7.320505907525205 0.30081853 0.02205118 0.68671838 -7.3199383827812134 -0.0005695278613345844
1.249981426388734e-09 7.320463222112979 0.31964508 0.02192928 0.67313682 -7.318209048292524 -0.002296859232681294
1.2501737014181238e-09 7.320198303655776 0.31727001 0.02205765 0.692381 -7.301015163074373 -0.01944805903860567
1.2504040892246445e-09 7.320094671935306 0.31543875 0.02185179 0.68252884 -7.316848137102886 -0.003350166552889615
1.2508206351274231e-09 7.319532232943486 0.31994342 0.0219486 0.67245992 -7.253235382257283 -0.06685928967802272
1.2514283138926677e-09 7.3191232224923235 0.32470849 0.02194447 0.67025581 -7.307485140304475 -0.01204709263901065
1.2521257175843454e-09 7.3184180535500305 0.33170537 0.02187568 0.67543141 -7.305643490694804 -0.013479731797519679
1.2527851669255996e-09 7.318070078041391 0.30074596 0.02209526 0.68897355 -7.269200516714786 -0.04921753683524475
1.2532297160926133e-09 7.317708484487092 0.30355715 0.02204462 0.69747006 -7.304686226837828 -0.013383851203563283
1.2534816384094168e-09 7.31766804923067 0.34151526 0.0219994 0.66622431 -7.316276242764386 -0.0014322417227059056
1.2543899002472468e-09 7.316260321764772 0.31827825 0.02185654 0.68429578 -7.316665165004302 -0.001002884226367317
1.2555351467043268e-09 7.315842448876438 0.29962673 0.02194586 0.6930575 -7.253126754601848 -0.06313356716292395
1.2578320117412345e-09 7.312607454462441 0.32119568 0.02218192 0.68118399 -7.302854286110343 -0.012988162766095032
1.2600309707983734e-09 7.312346475057403 0.32012366 0.02216096 0.6858051 -7.250657871429558 -0.06194958303288295
1.261973914368378e-09 7.309527837268283 0.29974785 0.0219647 0.69330087 -7.265395488011497 -0.04695098704590575
1.2648873007842217e-09 7.307733425678988 0.33856322 0.02208885 0.66945687 -7.302300771864845 -0.007227065403438101
1.2660576171759874e-09 7.30767742114974 0.32739347 0.02201897 0.68534931 -7.296531540354542 -0.01120188532444525
1.2664645794868018e-09 7.30709073306226 0.30270033 0.02193752 0.69346894 -7.307674914750395 -2.5063993453761943e-06
1.2672848313070783e-09 7.306382538664747 0.33821039 0.02205336 0.66745713 -7.291016728451435 -0.016074004610824956
1.27052539804396e-09 7.301987775294339 0.3018415 0.02208537 0.6925587 -7.3037529159049885 -0.002629622759758537
1.2745938105273517e-09 7.2999846459007145 0.33079295 0.02210688 0.67066133 -7.291891486504158 -0.010096288790180732
1.2765730704088335e-09 7.29888377320927 0.3206386 0.02198935 0.67296715 -7.282146901397557 -0.017837744503157674
1.2773814283764514e-09 7.298718300593886 0.33754782 0.02197738 0.67394944 -7.296663527661631 -0.00222024554763853
1.2784178397568967e-09 7.297262241873058 0.30829408 0.0219999 0.68145176 -7.2944262431062485 -0.0042920574876376604
1.280066827097023e-09 7.296140016310274 0.30877006 0.02190538 0.68840004 -7.29630722499419 -0.0009550168788682275
1.2812153261089698e-09 7.295468408287724 0.3219537 0.02202201 0.67239942 -7.265094756031295 -0.031045260278979723
1.2899728718086226e-09 7.282557401664668 0.32540185 0.0219152 0.67663565 -7.295458856106031 -9.55218169307676e-06
1.2985709539638306e-09 7.282140368327574 0.32925933 0.02203168 0.67099588 -7.2566032230576845 -0.025954178606984048
1.2990223307908897e-09 7.281862308222414 0.31222446 0.02191828 0.68677721 -7.28181808478127 -0.0003222835463035407
1.299457946830158e-09 7.281469817028145 0.32034726 0.02198041 0.68724868 -7.257414610338021 -0.024447697884393344
1.2999203294903625e-09 7.281150767068136 0.30577484 0.0220314 0.68641141 -7.277765820040981 -0.00370399698716407
1.3017414974783742e-09 7.278671320795579 0.32905443 0.02208107 0.67955017 -7.280843533442827 -0.00030723362530965314
1.3051681853555574e-09 7.275893302087552 0.31635958 0.02191816 0.6839617 -7.269859525898123 -0.008811794897455871
1.3073924435960423e-09 7.275264005805578 0.32907918 0.02195722 0.67859286 -7.251385543535718 -0.024507758551834884
1.3080256027867842e-09 7.274924883078869 0.30777697 0.02207504 0.68788144 -7.265951662315713 -0.009312343489865624
1.3083020066175369e-09 7.274841395889921 0.32309238 0.02204454 0.68498804 -7.267765968358018 -0.007158914720851216
1.308842722461136e-09 7.274098598257754 0.30809885 0.02197948 0.68583479 -7.273417956230784 -0.0014234396591378646
1.3097372882167185e-09 7.273474865304157 0.31252633 0.0219849 0.68103507 -7.270218102450745 -0.0038804958070090805
1.310603409837512e-09 7.272776471731189 0.32563821 0.02195507 0.67488414 -7.2705638748705885 -0.0029109904335686684
1.3111350919475117e-09 7.272663556395441 0.30830457 0.02198582 0.69025149 -7.262815893926881 -0.009960577804307999
1.3114581394463239e-09 7.272283789989111 0.31640761 0.02209602 0.68009691 -7.269903335272106 -0.002760221123335436
1.3119615263524177e-09 7.271896030081737 0.31467008 0.02200939 0.6792056 -7.258626925234088 -0.013656864755023323
1.3137541924964435e-09 7.269554185893465 0.32232506 0.02206538 0.68428977 -7.271629903349739 -0.00026612673199827357
1.3159153040443824e-09 7.268607607515199 0.32347821 0.02193814 0.67843514 -7.264688167151608 -0.004866018741857784
1.317453024521762e-09 7.267218696993567 0.3242997 0.0220669 0.68236684 -7.252774649397589 -0.015832958117610964
1.3185683108589785e-09 7.266914769922947 0.33100429 0.02201741 0.67544371 -7.262022161226917 -0.005196535766649154
1.3212571099994497e-09 7.263148012093057 0.31021231 0.02200173 0.68542509 -7.266898878782276 -1.5891140670808228e-05
1.3265387925397946e-09 7.258936658690635 0.3213014 0.02198284 0.68322687 -7.262359398071914 -0.0007886140211430926
1.33315077843938e-09 7.253207766347411 0.31915138 0.0219927 0.68318837 -7.255673243441529 -0.003263415249105851
1.3377080426040257e-09 7.2521035851405 0.32035514 0.02199402 0.68036327 -7.251446801931605 -0.0017609644158055862
