2.0682058510222254e-36 77.54140904169581 0.10269619 0.02133874 0.64345981 -20.009328141863907 -0.4360586084467875
1.4757231307546335e-31 66.34622805459854 0.13901749 0.02430723 0.74314638 -76.44473357668517 -1.0966754650106527
3.1151194935871194e-31 66.20372350841872 0.49077156 0.02469065 0.6618089 -53.98463185993782 -12.361596194660715
2.1698161958370366e-27 56.710849738385654 0.14694783 0.02033883 0.83758358 -49.350315651749824 -16.85340785666889
8.059460866992859e-26 53.102929684394745 0.4910085 0.02077054 0.71424068 -50.03239531440813 -6.678454423977529
1.6445501601476446e-25 52.97387457028694 0.14405754 0.02121094 0.66303842 -49.41401175525233 -3.68891792914241
1.9042054558285362e-25 52.77576359591632 0.45669787 0.0243026 0.44823227 -51.42713189873029 -1.546742671556651
3.9420109669713254e-25 51.73068052340032 0.46359092 0.02000612 0.8119689 -40.464163535795656 -12.311600060120657
9.504322694423234e-25 50.88735511495273 0.14656273 0.02147572 0.52680874 -42.147267514787345 -9.583413008612977
1.3823750174483154e-24 50.77233053932765 0.49579475 0.02208873 0.63846513 -50.18734973055065 -0.7000053844020842
1.5292543940550408e-24 50.64644848786531 0.49102456 0.02130154 0.56432946 -50.76116782091721 -0.011162718410437337
1.893017637958328e-24 50.327333783945676 0.45714626 0.02405107 0.40953532 -49.426734676526195 -1.219713811339112
2.4200866817432205e-24 50.1028063949148 0.15061225 0.02114051 0.51487359 -40.579567181977666 -9.74776660196801
4.074003105717422e-24 49.366195147733634 0.4906843 0.02192702 0.44251133 -48.27504213140187 -1.827764263512934
6.910766479775142e-24 48.9224353479799 0.46865708 0.02354454 0.88543731 -49.34576628676669 -0.020428860966945316
8.813297180057014e-24 48.79542592373805 0.16811895 0.02019201 0.80722718 -43.430416209472504 -5.492019138507393
1.4106638928133662e-23 48.06763037256255 0.17193732 0.02392854 0.82938353 -40.899512706602465 -7.895913217135584
1.8841441471082518e-23 48.04749727646045 0.43878266 0.02425235 0.49974539 -39.460546153685215 -8.607084218877333
5.0084407447201225e-23 46.573032916781834 0.15704158 0.02131771 0.56825873 -36.27204777503721 -11.775449501423243
1.0003501661263389e-22 46.165164004505044 0.39171201 0.0248595 0.82475322 -45.407608384318586 -1.1654245324632504
1.4259526959484654e-22 45.81384270135406 0.42574915 0.02430762 0.74685336 -27.113306430016408 -19.051857574488633
3.1180381329797023e-22 44.78422114563374 0.20112752 0.02449457 0.56522271 -33.44809865572693 -12.365744045627135
5.163106162008283e-22 44.52786426371108 0.37068855 0.02496741 0.81420506 -30.314691854009215 -14.469529291624518
7.448002473037428e-22 44.05159586375537 0.19442278 0.0242645 0.86576919 -24.00046087130208 -20.527403392409
1.1796850055873173e-21 43.569787719376755 0.16352824 0.02141675 0.77398966 -32.147578525646274 -11.904017338109094
4.241801410324377e-21 41.9738436265932 0.18541515 0.02375703 0.78806412 -42.709885636164394 -0.8599020832123611
7.547338214657807e-21 41.80598811514285 0.431885 0.02374843 0.73419612 -34.84414710118117 -7.129696525412028
8.984538630760338e-21 41.59020083301174 0.4541231 0.02115501 0.71351173 -34.74677139399574 -7.059216721147107
1.2809289084879368e-20 41.10396622843812 0.43754598 0.02054786 0.79518005 -39.82221377890978 -1.7679870541019678
2.3258141942370035e-20 40.41536561447444 0.40707976 0.02414113 0.8433232 -35.98302438066061 -5.120941847777509
4.4808446059897566e-20 39.74644453059053 0.44831948 0.02276167 0.63496109 -29.784052653761083 -10.631312960713359
5.853202206940023e-20 39.73162216194077 0.42813946 0.02045707 0.50801987 -38.44664642828499 -1.2997981023055376
5.99355905698185e-20 39.66065032730544 0.45184572 0.02242344 0.7370275 -33.95950830531302 -5.77211385662775
6.22620109977307e-20 39.615114319689894 0.17428191 0.02136428 0.68516446 -39.276051837291654 -0.38459849001378804
7.224329512315798e-20 39.3417717924885 0.23387904 0.02460426 0.73339737 -38.599112128436275 -1.0160021912536161
8.329504932390928e-20 39.27335857017075 0.45166449 0.02214516 0.64329199 -23.561009658645954 -15.780762133842543
8.571407676689032e-20 39.24395687506405 0.44973982 0.02158059 0.52125788 -39.23634090848312 -0.03701766168762607
8.860073216971865e-20 39.168706426256115 0.28674961 0.02494257 0.83002203 -38.78772601558968 -0.45623085947436376
1.0144997652211834e-19 38.94461313878445 0.33510059 0.02482838 0.63641913 -18.98571890418236 -20.182987522073756
1.296368658263453e-19 38.64812626234276 0.1790578 0.0228796 0.46112851 -20.308073054955017 -18.63654008382943
2.1197734242781712e-19 38.00217578074529 0.20061977 0.02023027 0.44895912 -36.90211493457025 -1.746011327772504
3.600733803262021e-19 37.50699941154686 0.4051577 0.02017142 0.86719718 -30.433322716712176 -7.568853064033116
4.978486101605902e-19 37.2681401259558 0.41953363 0.02055548 0.41538971 -29.432203374267242 -8.074796037279615
9.329100959122293e-19 36.3857758580614 0.18056883 0.02201869 0.43098844 -32.200046633457035 -5.068093492498767
1.3497579656002186e-18 36.30287220117939 0.18139686 0.0222996 0.46929926 -36.38577182135076 -4.036710638696608e-06
1.6864372033608965e-18 35.93306366893457 0.19991814 0.0205225 0.60663152 -36.118149737861884 -0.18472246331750924
2.7233299580504582e-18 35.353593499397505 0.20662611 0.02366934 0.44189378 -30.63416953888837 -5.298894130046206
5.4735102368865905e-18 34.56582356163502 0.37742311 0.02403961 0.75265644 -28.925585277684593 -6.428008221712914
9.082596103867504e-18 34.18572040430418 0.30781257 0.02455614 0.79543981 -24.927726517534815 -9.638097044100205
1.603449231512291e-17 33.47668497570791 0.34916039 0.02426993 0.78148503 -18.987209506836734 -15.198510897467443
2.554998227625008e-17 33.12240667112349 0.42226395 0.02161319 0.73586951 -21.51495110667155 -11.96173386903636
3.725657837777393e-17 32.69649241339083 0.4217724 0.02186855 0.50174872 -32.731360363543764 -0.39104630757972686
4.461824117908503e-17 32.677253422494886 0.42185151 0.02190269 0.87511458 -32.64229270913125 -0.05419970425958339
1.7305105554850786e-16 30.754945224733742 0.41219567 0.02199823 0.52653434 -32.64473699269658 -0.03251642979830909
3.2596260948765387e-16 30.57069299256378 0.29654149 0.02424531 0.613736 -30.75382517237044 -0.0011200523633030726
4.468880365292053e-16 30.125056438409473 0.35117076 0.02013404 0.52005612 -18.869356762732497 -11.701336229831284
6.797348667602414e-16 29.69000472808118 0.4060051 0.02222897 0.84969436 -21.72041836320559 -8.404638075203886
8.346472420191048e-16 29.628825091691485 0.39929411 0.02129771 0.61676123 -29.586822846015615 -0.10318188206556567
8.962208574904536e-16 29.510600692676203 0.40345042 0.02162552 0.42639367 -28.396053392806888 -1.2327716988845974
9.978472777615286e-16 29.37546297684087 0.20872941 0.02264696 0.686615 -29.14289284043829 -0.3677078522379127
1.2097924510264296e-15 29.10011956528748 0.24002835 0.02367177 0.73148794 -28.446626765000147 -0.9288362118407227
1.5016061483929443e-15 28.895263985477264 0.29409536 0.02407886 0.66837891 -22.65320621913441 -6.446913346153068
1.7806412813439447e-15 28.71709057945776 0.36002786 0.02361882 0.80247232 -18.8789261608207 -10.016337824656565
1.9544138811253655e-15 28.662250970216945 0.30944673 0.02000057 0.75103172 -22.676864640321767 -6.040225939135995
2.052765009299138e-15 28.5802206916873 0.21318941 0.02271635 0.65762992 -19.025896676951568 -9.636354293265377
2.3210411338804188e-15 28.384836216186137 0.21200793 0.0225693 0.40469193 -27.434409979481455 -1.1458107122058443
2.7123211928192382e-15 28.225823521826022 0.36004961 0.02048872 0.52989595 -27.671869721007077 -0.7129664951790606
4.060528940530564e-15 27.62176659157042 0.39063852 0.02148257 0.79751565 -22.68514489250025 -5.540678629325772
5.17537163222432e-15 27.61118332265996 0.35058822 0.02360663 0.49071965 -26.93928147161151 -0.6824851199589126
5.114065625021169e-15 27.605973003266122 0.38030342 0.02104189 0.71528398 -21.662745195806 -5.948438126853963
5.6007761896006496e-15 27.40030641430614 0.2643307 0.02378183 0.55153522 -25.345353986002003 -2.2606190172641205
6.756935869368026e-15 27.191376176767548 0.30936482 0.02016086 0.66887305 -20.065575345487233 -7.334731068818908
7.788549652867584e-15 27.069357524251853 0.3793881 0.02290719 0.84867877 -19.02405590708541 -8.167320269682142
8.41629982214642e-15 26.994423309471077 0.39076138 0.02213271 0.5909815 -25.209464376596028 -1.8598931476558234
9.33242606567165e-15 26.82856844716962 0.38993891 0.02198726 0.82629055 -26.964405829438007 -0.030017480033069633
1.4053190348454586e-14 26.220335497476515 0.27751281 0.02030682 0.43981177 -26.82603583668013 -0.002532610489487383
1.8817973608855738e-14 26.11662930514743 0.36068632 0.02082878 0.44458518 -19.285103662401735 -6.935231835074782
2.3233218052991003e-14 25.784030443043445 0.28252387 0.02370194 0.58221924 -22.763593667810802 -3.3530356373366295
3.1454004295462014e-14 25.468410005585632 0.34107234 0.02061186 0.49628223 -19.099415938401588 -6.684614504641856
3.627020115376263e-14 25.43496306877315 0.23479836 0.02109675 0.87046647 -20.78298731206948 -4.685422693516154
3.7549970552987696e-14 25.36055665948208 0.22681231 0.02253797 0.47966782 -23.420819420084204 -2.0141436486889455
3.898419847834417e-14 25.31942928473814 0.37364391 0.02139757 0.56776823 -24.726588192825297 -0.6339684666567834
4.286852715520489e-14 25.138718525202837 0.37761629 0.02174155 0.74047778 -24.40399057097745 -0.9154387137606893
4.760184233644383e-14 25.0636137870462 0.26197851 0.02059293 0.67625459 -24.95551487682261 -0.18320364838022787
4.8953946617424194e-14 25.041805269649636 0.22519548 0.02213445 0.42798159 -20.251384267563495 -4.812229519482708
5.105620453547554e-14 24.94227119919723 0.31373983 0.02045469 0.78244766 -25.01085465018281 -0.030950619466825775
5.439214542731774e-14 24.874293919688178 0.2461445 0.02315022 0.77453531 -19.15255145013287 -5.78971974906436
5.551602198163654e-14 24.860653642191437 0.36850755 0.0213262 0.50075552 -21.85586421728393 -3.018429702404249
5.616623899053023e-14 24.81194681482837 0.28568433 0.02358682 0.85239947 -23.72321233755112 -1.137441304640315
6.008887545808784e-14 24.68920182410482 0.26585991 0.02060495 0.82516091 -19.01107599134631 -5.800870823482062
6.497682294343996e-14 24.613594298741678 0.28977171 0.02046875 0.75887247 -19.957682353363992 -4.731519470740826
6.997061402925096e-14 24.503127526140055 0.3535494 0.02098272 0.80632027 -18.927458073918807 -5.686136224822871
7.415468371651045e-14 24.45535462009017 0.22842601 0.02198776 0.60613339 -21.960730048114534 -2.54239747802552
7.452824812478267e-14 24.4529032834973 0.36460235 0.02129962 0.6063834 -24.452898161958604 -0.0024564581315654876
8.099601319834799e-14 24.258716767947888 0.23077036 0.02173033 0.70371336 -23.22664058511047 -1.2262626983868277
9.450706539254958e-14 24.101508622795713 0.30925489 0.02055369 0.78323412 -24.060450724964678 -0.19826604298320918
1.0862505554496925e-13 23.9409241953597 0.26186647 0.02326941 0.4227075 -19.021019265894843 -5.080489356900869
1.169851226824407e-13 23.907454141307642 0.27847988 0.0206152 0.43681972 -20.25232318977942 -3.688601005580276
1.1678699824025982e-13 23.904431221999545 0.29746283 0.02056015 0.41906455 -19.24423664014502 -4.663217501162623
1.1570717576587898e-13 23.886505127420993 0.27024496 0.02335744 0.40277722 -18.868588672138884 -5.035842549860662
1.2719068034823982e-13 23.68557270243705 0.25509223 0.02311148 0.83790813 -19.659803021054426 -4.226702106366566
1.4436824297769088e-13 23.58594399571529 0.3670407 0.02217602 0.74786394 -20.870543171093303 -2.8150295313437486
1.5182258353843707e-13 23.54325192768762 0.33300402 0.02082378 0.43967599 -23.52842630379279 -0.05751769192249998
1.6570873088503718e-13 23.377690019804422 0.36537109 0.02217367 0.59989524 -20.16198040796558 -3.3812715197220413
1.7692268787896295e-13 23.3658742389128 0.35860741 0.02141981 0.75001228 -23.32189056123274 -0.05579945857168528
1.968845966282472e-13 23.13727598958438 0.26152651 0.02311778 0.79382781 -22.514673196325823 -0.8512010425869738
2.1830496788344854e-13 23.106912976415632 0.36298649 0.02183885 0.62461585 -20.28964808484228 -2.847627904742099
2.178170521073798e-13 23.10192153531282 0.25927133 0.0209669 0.82154164 -23.029370789391415 -0.07754218702421661
2.453178592946416e-13 22.84585137256945 0.2776582 0.02324783 0.77336545 -20.48137145168041 -2.620550083632409
2.7561806441634966e-13 22.813309959902202 0.35909556 0.02170758 0.40295374 -19.28356568261396 -3.5622856899554867
2.8428609391853887e-13 22.74521051097932 0.31031085 0.02076919 0.82553758 -22.582668825465998 -0.2306411344362039
2.962125138057502e-13 22.69108573945467 0.33122011 0.02095955 0.85012743 -19.04831112514929 -3.6968993858300307
3.5062946971988784e-13 22.390126405681638 0.25533289 0.02120992 0.49728098 -20.033821366104632 -2.6572643733500385
4.176842315073818e-13 22.281858940546382 0.35645897 0.02207948 0.8489436 -20.839470749701047 -1.5506556559805902
4.3390358742733745e-13 22.271426050200645 0.35627149 0.02208326 0.45973774 -22.273500450130545 -0.008358490415837281
4.742385099385817e-13 22.074162891066 0.28957607 0.02086664 0.87662526 -22.261969122059533 -0.009456928141111967
5.515406141937716e-13 21.925610062644928 0.26208338 0.02117636 0.74626512 -18.93088117882237 -3.1432817122436276
6.120787727667935e-13 21.823366973416185 0.3486112 0.02163036 0.57810384 -20.243844858148954 -1.6817652044959737
6.3296689131294e-13 21.816290794362867 0.24709801 0.02219951 0.74307299 -21.464624215191513 -0.3587427582246734
6.26884853674923e-13 21.803103157015975 0.29764652 0.02090577 0.85293797 -21.740143815607272 -0.0761469787555942
6.197065295016326e-13 21.799678695076803 0.35104534 0.02182779 0.42357122 -18.86947957316984 -2.933623583846135
6.1444415527046e-13 21.78064153253508 0.27615753 0.02100609 0.8724532 -21.712381216985893 -0.08729747809091187
6.099339306385102e-13 21.7747263970187 0.32443724 0.02297309 0.44291742 -19.351477974340664 -2.429163558194414
6.026728751289577e-13 21.765003339098573 0.24688815 0.02203498 0.69892879 -19.628285489777763 -2.146440907240936
6.006756258819159e-13 21.741870267901113 0.28741193 0.02310324 0.48749657 -21.764473289650077 -0.000530049448494719
5.993975298293126e-13 21.72956223649321 0.26938112 0.02109806 0.75131313 -18.969179744728248 -2.7726905231728662
6.144634840722596e-13 21.654005083835333 0.26422444 0.02120288 0.69699126 -19.721114843033025 -2.0084473934601825
6.714694203468268e-13 21.515859422987926 0.31267939 0.02302716 0.55314807 -20.076294228305592 -1.57771085552974
7.146743403149828e-13 21.485151309664598 0.32084647 0.02295008 0.85525742 -19.118935747670065 -2.3969236753178618
7.150479014292091e-13 21.474999068272755 0.3402076 0.02259015 0.68634407 -19.44107960405088 -2.0440717056137174
7.055641002169901e-13 21.47222603148397 0.25199247 0.0216729 0.77864668 -20.706871777269214 -0.7681272910035394
7.012364126198585e-13 21.447845577827458 0.2847765 0.02303079 0.63607927 -21.18754863085283 -0.2846774006311375
7.091607921979953e-13 21.41034923740466 0.32998795 0.02123466 0.86133708 -19.0336277011631 -2.414217876664359
7.113512952368676e-13 21.40173917161387 0.25324183 0.02163766 0.76373978 -19.952980159215983 -1.457369078188677
7.131162477310287e-13 21.366087093383957 0.34760617 0.02202845 0.68144009 -21.056308172807334 -0.3454309988065364
7.125109293537526e-13 21.36351621044151 0.3351105 0.02268751 0.5327246 -21.365918453141468 -0.00016864024248843917
7.231606188582705e-13 21.297884663956793 0.34672186 0.02193697 0.73043129 -20.310668352801677 -1.0528478576398346
8.18047227499373e-13 21.08732071796447 0.32277607 0.02283015 0.78963988 -21.28159363349839 -0.016291030458403195
9.117462497890864e-13 21.031121717725984 0.34207334 0.02175351 0.76510466 -19.53642447105384 -1.5508962469106287
9.397191365197058e-13 20.986974542651673 0.33002497 0.02135968 0.67313074 -20.86331032220932 -0.1678113955166668
9.483190492022233e-13 20.972859158541905 0.2947924 0.02107773 0.63502963 -19.95667693307726 -1.030297609574411
9.64497699669748e-13 20.914342501302215 0.25545331 0.0222123 0.4814636 -18.874846805916512 -2.0980123526253935
9.827173622634883e-13 20.89506269102574 0.2887669 0.02292887 0.5167603 -20.826964962373186 -0.08737753892902891
1.0107369142444969e-12 20.8198320805757 0.34128444 0.02211976 0.74003392 -18.94316403306967 -1.9518986579560687
1.0350463715056018e-12 20.80655384389998 0.26664735 0.0226398 0.56372593 -20.79631682587871 -0.023515254696990447
1.0243173251686367e-12 20.801030101594925 0.27670233 0.02122932 0.56163599 -19.898814805686122 -0.907739038213857
1.011276516861954e-12 20.792584703637235 0.33527454 0.02246702 0.67769531 -19.32376715125559 -1.4772629503393333
1.0043098533088052e-12 20.77530727913551 0.29087263 0.02113186 0.82691319 -20.32040402931313 -0.47218067432410543
1.0270996362293962e-12 20.70912301109202 0.27990811 0.02282124 0.74362182 -18.91145008746307 -1.8638571916724407
1.0543946841396755e-12 20.682330785217598 0.27437151 0.02274555 0.84033339 -19.192127260793793 -1.5169957502982283
1.0560191432294993e-12 20.666323424198723 0.33878775 0.02219994 0.84682665 -19.438420415172992 -1.243910370044607
1.0519792432986818e-12 20.650390793440543 0.25785745 0.02188598 0.81839791 -20.58981313968174 -0.07651028451697996
1.0882938120153818e-12 20.56078575014379 0.26648638 0.02149632 0.74291227 -20.607949009063695 -0.042441784376849284
1.1418326887485517e-12 20.513295846837647 0.32989343 0.02250944 0.79686884 -19.91277165534712 -0.6480140947966692
1.164698589234248e-12 20.481218477020914 0.32543704 0.02260273 0.83293539 -19.947241222891734 -0.5660546239459142
1.181336139063419e-12 20.445386750310696 0.33084598 0.02159042 0.79219617 -19.678826270682837 -0.8023922063380782
1.186032333505886e-12 20.43339333426837 0.32040661 0.02267345 0.43926875 -20.009328141863907 -0.4360586084467875
1.2023249967966291e-12 20.379192640856427 0.32436015 0.0214533 0.69079094 -19.424415309515517 -1.0089780247528544
1.241230587411215e-12 20.32996723064492 0.32804007 0.02247947 0.81924122 -19.620341892610387 -0.7588507482460407
1.2954952314306373e-12 20.254813850753457 0.33381123 0.02215265 0.76356811 -19.831123055512013 -0.49884417513290985
1.3240734902992616e-12 20.245332928280593 0.26297372 0.02219446 0.78357184 -20.213234493619556 -0.041579357133901325
1.3291761861186316e-12 20.207844687461613 0.28966949 0.02275561 0.79786989 -20.173415775282567 -0.07191715299802603
1.327807468797552e-12 20.207436952089086 0.26262373 0.02209779 0.44706686 -18.929196208336084 -1.2786484791255277
1.3048825621582472e-12 20.203076177765336 0.27779201 0.0213944 0.86554044 -20.19313691058131 -0.01430004150777643
1.3524202260792634e-12 20.098969849800667 0.32799033 0.02235872 0.86631853 -19.27826473276322 -0.9248114450021165
1.4004402141118302e-12 20.090996749713526 0.26390837 0.02202431 0.40220422 -19.8278723530069 -0.27109749679376627
1.381484276104804e-12 20.086609798572297 0.2840857 0.02135825 0.54042309 -20.090952862976618 -4.388673690816456e-05
1.3802879215801623e-12 20.053395208025005 0.27619173 0.02256573 0.82444283 -19.051832074142478 -1.0347777244298189
1.4810451466263084e-12 19.910889620004717 0.27770456 0.02150152 0.40685019 -19.349654952492653 -0.7037402555323508
1.566144060458705e-12 19.897028182835268 0.30647653 0.02264939 0.41948494 -19.275674166215836 -0.6352154537888799
1.546980422874059e-12 19.895860010801176 0.26842357 0.02223872 0.81698524 -18.960991168956237 -0.9360370138790285
1.5774229282787798e-12 19.819890018670943 0.32515892 0.0217629 0.75629898 -19.782822679882475 -0.11303733091870044
1.6115901623831548e-12 19.811970098969223 0.32640033 0.02183819 0.79929838 -19.663698849333947 -0.1561911693369972
1.5996697920086482e-12 19.795187777806934 0.30272515 0.02140514 0.54214471 -19.733866384447207 -0.07810371452201698
1.590136152436647e-12 19.78427935176442 0.27325772 0.02236882 0.88561886 -18.90187836331081 -0.8933094144961233
1.5987816540988816e-12 19.745092198671447 0.27334064 0.02234702 0.8972738 -19.496761084693812 -0.2875182670706105
1.6209239667418484e-12 19.716978869795664 0.27756988 0.02159297 0.61581345 -19.492386916923746 -0.2527052817477003
1.6143718649886769e-12 19.713393361868054 0.30076943 0.02142716 0.603107 -19.286074377670403 -0.4309044921252619
1.5907238854584281e-12 19.706894472971722 0.30264239 0.02260409 0.72335365 -18.882907259668784 -0.8304861021992704
1.567816407765785e-12 19.702792471627284 0.30255807 0.02143703 0.83867675 -18.900741995532304 -0.8061524774394202
1.5422827536415978e-12 19.70012719118264 0.30519999 0.02258842 0.82842494 -18.899728669554474 -0.8030638020728081
1.518438010586666e-12 19.694356655017152 0.29670962 0.02142907 0.64143488 -18.93665976198265 -0.7634674291999912
1.496284549525836e-12 19.689912775858204 0.31583423 0.02157782 0.69189495 -18.86922536261973 -0.825131292397424
1.4712328823502094e-12 19.688515598657535 0.31153489 0.02151428 0.51523078 -19.227896848409628 -0.46201592744857556
1.452671521170863e-12 19.675740742443466 0.32385948 0.02220703 0.75249314 -19.084182546249078 -0.6043330524084574
1.4367987539688433e-12 19.670849003971153 0.27402658 0.02171859 0.85370989 -19.593088563692394 -0.08265217875107111
1.4148730145030786e-12 19.66688895940918 0.32449898 0.02214935 0.77047013 -19.456173672876034 -0.21467533109511888
1.4004712298151935e-12 19.65175908056718 0.31164948 0.02250866 0.52351643 -19.62735374094406 -0.039535218465121424
1.3870346921512694e-12 19.646514591863994 0.32127916 0.02229925 0.7461206 -19.087507006000575 -0.5642520745666069
1.391987362103056e-12 19.605440040784636 0.27326511 0.02223519 0.8199529 -19.46225501304819 -0.1842595788158037
1.3949898907973144e-12 19.602180871606667 0.28402145 0.02250123 0.69623419 -19.49601857736203 -0.10942146342260793
1.3804663343691939e-12 19.5868227043236 0.27174162 0.02207776 0.66952704 -19.05496803670513 -0.5472128349015348
1.371269599291108e-12 19.575915073276157 0.28489297 0.02250017 0.74108192 -19.578940596829096 -0.007882107494503039
1.359232994379409e-12 19.564851226957906 0.3118505 0.02157299 0.66173375 -19.031101969528493 -0.5448131037476633
1.3440538742842355e-12 19.558749005135173 0.32157716 0.02220698 0.8901102 -19.09268924575529 -0.4721619812026125
1.327342307631554e-12 19.550277899417797 0.32073908 0.02223981 0.82359865 -19.47613516066106 -0.08261384447411403
1.3182919004197242e-12 19.532885026334313 0.28195473 0.02244008 0.45393407 -19.4361100128887 -0.11416788652909392
1.3166396348812842e-12 19.513202118898654 0.3184139 0.02174252 0.86847059 -19.115896893181137 -0.4169881331531772
1.3037527640545193e-12 19.51285477356327 0.27779075 0.02170144 0.43680485 -19.33126889999284 -0.181933218905815
1.2929825175812867e-12 19.490314385788075 0.32161233 0.02207849 0.43888228 -19.273067198503202 -0.23978757506006576
1.3100046020152126e-12 19.44742421813193 0.29685931 0.02251467 0.7266655 -19.48223145237019 -0.008082933417885008
1.3171386629003528e-12 19.439403250829965 0.30131374 0.02250333 0.54078635 -18.869225289847968 -0.5781989282839601
1.3034042084866153e-12 19.428795491402717 0.31973578 0.02189109 0.86528733 -18.887399038135595 -0.5520042126943718
1.2999306057778873e-12 19.40524567230414 0.28330843 0.02239286 0.88854603 -19.389526089243553 -0.03926940215916337
1.2898168836657827e-12 19.404672923971223 0.30695262 0.02159091 0.56259879 -19.076744929553136 -0.3285007427510055
1.2726152835233797e-12 19.392529593042408 0.2954032 0.02155071 0.60284013 -18.969610394468866 -0.43506252950235647
1.2691318653135383e-12 19.370632602275798 0.30385061 0.02158148 0.61100242 -18.872124293488163 -0.5204052995542437
1.2632357271869281e-12 19.362135779181507 0.29760746 0.02156311 0.45299319 -18.916233884031122 -0.45439871824467426
1.2518494019066568e-12 19.349160363223888 0.31703559 0.02219563 0.51429001 -18.86886857473192 -0.49326720444958844
1.245377380397083e-12 19.332921119375474 0.2958711 0.02246235 0.56591356 -19.276269407255196 -0.072890955968692
1.2328066209042786e-12 19.329782094740295 0.29764881 0.0215785 0.55912254 -18.870546931110866 -0.46237418826460963
1.2189933277199534e-12 19.31589759330696 0.28071612 0.02227472 0.82240957 -18.86918492912746 -0.4605971656128359
1.215848018797473e-12 19.29540084447853 0.29272155 0.0224341 0.82453977 -19.162578539895243 -0.1533190534117179
1.2054767785410118e-12 19.293321663453288 0.31632166 0.0221566 0.43766779 -18.890207016698746 -0.4051938277797821
1.18503251310942e-12 19.29000714383137 0.30907613 0.02168072 0.46367726 -19.249231461735626 -0.04409020171766328
1.1912412870509035e-12 19.243796177406416 0.29889064 0.02241661 0.48516156 -19.01801338627209 -0.27199375755927957
1.1976466274936918e-12 19.239148222960978 0.29741866 0.02162433 0.74215013 -18.872109575265075 -0.3716866021413414
1.1852780367308402e-12 19.22499780066391 0.29618524 0.02240759 0.65408273 -18.86922464963798 -0.36992357332299675
1.1716227537832638e-12 19.2226695060447 0.29385256 0.02240096 0.47505361 -18.870013659265673 -0.3549841413982378
1.1563737223361517e-12 19.211623195284055 0.31345219 0.02218783 0.46080073 -18.87973578825541 -0.34293371778928894
1.140587760981866e-12 19.210524643810214 0.30337664 0.0223766 0.50138034 -19.145068435112783 -0.06655476017127299
1.1204272785410414e-12 19.207686848452262 0.28060896 0.02215396 0.63382589 -18.910039340944426 -0.3004853028657873
1.1035300043651563e-12 19.201319461287298 0.31077892 0.02226347 0.78053523 -19.16528110235873 -0.04240574609353337
1.0923311846999869e-12 19.188512507194815 0.2799904 0.0220079 0.63168692 -19.061249801070627 -0.14006966021667067
1.0785633128754581e-12 19.18704219160008 0.31325662 0.02187562 0.5304811 -19.188166793566474 -0.000345713628341489
1.064287670534129e-12 19.175587848998823 0.28070341 0.02194654 0.77842462 -19.13778847654137 -0.04925371505871192
1.0522411257398733e-12 19.170178305260965 0.28056485 0.02205994 0.5876251 -19.162837864106855 -0.012749984891968318
1.0358692368642579e-12 19.1673400493494 0.30420534 0.02234245 0.48267264 -19.166408473837876 -0.0037698314230881656
1.0173266610183874e-12 19.16669644135769 0.30784876 0.02174519 0.67570313 -18.92165379049932 -0.2456862588500796
1.0028355848834695e-12 19.156454304236195 0.28754648 0.02173686 0.54550712 -18.988249138957848 -0.1784473023998412
9.936612043253352e-13 19.14547617788072 0.29855645 0.0216792 0.53046471 -18.967016879035846 -0.1894374252003495
9.802286379810215e-13 19.144040354023005 0.29451958 0.02168322 0.55654794 -18.871034140179376 -0.2744420377013438
9.618650398668771e-13 19.143693835690442 0.28905941 0.02172558 0.64011774 -18.87603033921105 -0.2680100148119569
9.44026923535655e-13 19.14187482299751 0.29717291 0.02168027 0.74789568 -18.938861179338094 -0.20483265635234893
9.282916957157408e-13 19.137709443006322 0.2814054 0.02205759 0.45143866 -18.869155918275972 -0.2727189047215406
9.135730377933763e-13 19.134233619659927 0.31270171 0.02210018 0.65195031 -19.134369948636365 -0.0033394943699570486
8.97269489952849e-13 19.134115321079864 0.3043033 0.0223192 0.75074909 -19.119043214339985 -0.015190405319940849
8.837452730754322e-13 19.125023791840277 0.28796994 0.0222856 0.53217585 -18.92258908815144 -0.21152623292842376
8.716605111355449e-13 19.122029329229242 0.30927522 0.02181424 0.62031313 -18.95833511364485 -0.166688678195428
8.560411561770753e-13 19.1215794888945 0.29444663 0.02169822 0.73093801 -19.0219857061835 -0.10004362304574392
8.481267333043131e-13 19.101105578183144 0.30446587 0.0222924 0.44000261 -18.876906748736186 -0.24467274015831453
8.418700224425851e-13 19.096683209401306 0.29602784 0.02171058 0.71279397 -18.92577183962427 -0.17533373855887138
8.309670579678166e-13 19.087587083157132 0.3072226 0.02180134 0.78445491 -18.870452296428507 -0.22623091297279865
8.229671309705263e-13 19.076436137384842 0.30639023 0.02179731 0.42594196 -18.974610902223343 -0.11297618093378956
8.133155722493531e-13 19.07155084899217 0.3060908 0.0217954 0.80342017 -18.959260209290807 -0.11717592809403375
8.011597786805715e-13 19.06694779490599 0.29393639 0.02173817 0.48954886 -18.95235303120647 -0.11919781778570111
7.872585883446662e-13 19.066947561307522 0.29675015 0.02230917 0.7796485 -18.879262551609973 -0.18768524329601716
7.7457134841142e-13 19.059849120663266 0.30160895 0.02175193 0.61742567 -18.86935865189492 -0.19758890941260193
7.629552124694508e-13 19.057551923466907 0.3014324 0.02175243 0.72416391 -18.89003938676538 -0.16980973389788512
7.493011206268986e-13 19.05635969689092 0.2841977 0.02206971 0.82367872 -18.88838264150482 -0.1691692819620876
7.370511091613476e-13 19.050921099252943 0.29369311 0.02175236 0.65085086 -19.050520145460258 -0.0058395514306603755
7.276728949128128e-13 19.042376520742657 0.28590638 0.02189409 0.67828704 -18.88166132042103 -0.16925977883191218
7.16577118893532e-13 19.042029127994837 0.30565302 0.02222288 0.60903097 -19.00491817032171 -0.0374583504209493
7.033466997625436e-13 19.040044085562847 0.30994681 0.02200816 0.52746463 -18.94477221426267 -0.09725691373216595
6.949327145731545e-13 19.026538318809383 0.28749937 0.0221756 0.79387028 -19.039712731895282 -0.00033135366756555096
6.863750471300909e-13 19.02517536039703 0.28560994 0.02194819 0.87249104 -18.969327025095772 -0.057211293713611264
6.739728322321166e-13 19.023402170704077 0.28565226 0.02210102 0.40800519 -19.012991122406664 -0.012184237990364272
6.616395735816901e-13 19.022507209897125 0.30928838 0.02200947 0.63841483 -19.007892453665868 -0.015509717038208349
6.50711801398678e-13 19.017112220509922 0.30794634 0.0221263 0.67549362 -19.02224516388231 -0.00026204601481540985
6.400605223710523e-13 19.015903253667105 0.2910102 0.02223265 0.63236319 -18.99041395531877 -0.026698265191155347
6.304067693818258e-13 19.00791746641209 0.30537905 0.02218996 0.85327632 -18.909048052156482 -0.10685520151062106
6.207738816666194e-13 19.00707899326147 0.28780786 0.02216148 0.40916528 -18.939656999732883 -0.06826046667920517
6.095557010601707e-13 19.00478647608677 0.30804209 0.02194981 0.52519766 -18.959781047067157 -0.04729794619431327
6.006344933828922e-13 18.996975173687815 0.29047713 0.02220393 0.8681721 -18.99314493478951 -0.011641541297263035
5.913059148021862e-13 18.996472189900985 0.30554223 0.02217022 0.50798017 -18.917035725096994 -0.07993944859082112
5.804361660576446e-13 18.994478198763456 0.30705771 0.02192318 0.45892687 -18.943152953340718 -0.0533192365602663
5.703561362223097e-13 18.991905326734575 0.29780279 0.02224759 0.65317827 -18.9723283790028 -0.022149819760655432
5.60102784548963e-13 18.991152741625204 0.29570753 0.02179485 0.74582995 -18.869514155808307 -0.12239117092626639
5.498491094402565e-13 18.98925366538892 0.30151108 0.02181409 0.85621794 -18.871369300055335 -0.11978344156986838
5.396660243842075e-13 18.988933449549247 0.28674006 0.02205659 0.7768911 -18.88906580584563 -0.10018785954329157
5.292224503752833e-13 18.988731635919237 0.30726286 0.02194496 0.8005298 -18.985770391762504 -0.0031630577867446234
5.193273552831682e-13 18.987077724403182 0.30769499 0.02198741 0.84568936 -18.975425762079677 -0.01330587383955863
5.11342531862121e-13 18.980127263256197 0.29760592 0.02223655 0.69172424 -18.984568391497806 -0.0025093329053748107
5.039589932816754e-13 18.976553146528477 0.29892617 0.02223025 0.41171318 -18.869321182392927 -0.1108060808632701
4.959540592433017e-13 18.97254603388927 0.30525122 0.02214139 0.66424881 -18.872103358335597 -0.10444978819288023
4.87223002742723e-13 18.97246662026265 0.29977532 0.02181833 0.63599173 -18.937725872174887 -0.034820161714382535
4.776950534674896e-13 18.97243950590456 0.28805434 0.02194101 0.68782923 -18.87635968069586 -0.09610693956678999
4.686889160818205e-13 18.970928554259356 0.28800672 0.02209062 0.84356647 -18.957695440846692 -0.014744065057869432
4.602879820581256e-13 18.969008432055958 0.29406136 0.02221648 0.40891815 -18.95914484632447 -0.011783707934884952
4.51816091279575e-13 18.968476693065078 0.29460295 0.02221816 0.58827287 -18.87778412452168 -0.09122430753428024
4.43337999822354e-13 18.96728898129702 0.30240459 0.02184923 0.45622108 -18.875691074680105 -0.09278561838497243
4.353566267062844e-13 18.96520603385181 0.28883162 0.02211755 0.61060627 -18.898376836883315 -0.06891214441370586
4.2781673228730127e-13 18.962625543628576 0.29740708 0.02221875 0.83106408 -18.94271928611817 -0.02248674773364051
4.2044466708713467e-13 18.96036444449507 0.30601926 0.02207987 0.47692268 -18.869283586728763 -0.09334195689981328
4.1297990864344374e-13 18.958847462105837 0.29603077 0.02221333 0.77886906 -18.95189369282791 -0.008470751667160025
4.0561703482509414e-13 18.956738714207223 0.29467208 0.02183404 0.51398905 -18.870527030757398 -0.0883204313484382
3.987487963602892e-13 18.953399513190625 0.30477824 0.02211978 0.75852075 -18.8750293835441 -0.08170933066312404
3.9163604383691407e-13 18.953128063785787 0.29021255 0.02190043 0.50150461 -18.929871746048345 -0.02352776714227972
3.8473804173304283e-13 18.949338345236715 0.29304213 0.0218563 0.47490615 -18.919346923713185 -0.03378114007260149
3.780890908982576e-13 18.948385112994938 0.28842861 0.02202208 0.43950611 -18.88601664459945 -0.06332170063726308
3.712565698417691e-13 18.946206992637737 0.29469608 0.02219334 0.58982617 -18.948374874612092 -1.0238382845911356e-05
3.644191079173756e-13 18.945956259741404 0.30461077 0.02210768 0.49138333 -18.875206023921685 -0.07100096871605188
3.5732990467150447e-13 18.9458920091326 0.291311 0.0218896 0.81074869 -18.927789328221685 -0.018166931519718557
3.5040249038619206e-13 18.94550502451104 0.30293649 0.02188802 0.57689715 -18.905712466282818 -0.040179542849782736
3.4375395514246846e-13 18.944599545114038 0.28868672 0.02202968 0.49454993 -18.90434729733897 -0.04115772717207166
3.3733312545738617e-13 18.94361022930693 0.29247245 0.02187226 0.59985147 -18.944378166359332 -0.0002213787547069281
3.3110421746263276e-13 18.942270020361807 0.29244039 0.02216488 0.69073163 -18.89203543589699 -0.051574793409942574
3.248713829062076e-13 18.9420121885033 0.28891233 0.02198513 0.41149101 -18.89267049863782 -0.049599521723988606
3.186161014541772e-13 18.941549652135976 0.30548545 0.02202655 0.89422233 -18.939139806126303 -0.0028723823769971927
3.126996106775436e-13 18.93989539440737 0.29762607 0.02184701 0.5709582 -18.94144830842308 -0.00010134371289393786
3.070952522576197e-13 18.938114610247084 0.2890169 0.02200475 0.42514739 -18.869181254662546 -0.07071413974482163
3.015226793925741e-13 18.936915171080713 0.29467677 0.02218084 0.83952821 -18.937564919576744 -0.0005496906703397411
2.959015350905187e-13 18.936146119735458 0.29356236 0.02217001 0.81041212 -18.875789970859067 -0.0611252002216448
2.903951323613283e-13 18.93487862285139 0.30507491 0.0220107 0.74562327 -18.882972435261077 -0.05317368447437922
2.8490955961966e-13 18.93468192463761 0.3050489 0.02200956 0.63071079 -18.934674287440394 -0.00020433541099491046
2.793815445586577e-13 18.934460179744622 0.30469277 0.02197154 0.54061445 -18.934424303724345 -0.0002576209132623433
2.740504695813937e-13 18.933609050513958 0.28987427 0.02195714 0.48179715 -18.928911112385773 -0.005549067358851099
2.689510669940081e-13 18.932420755077352 0.29913577 0.02217832 0.56949848 -18.92427177066053 -0.009337279853430863
2.640699135585466e-13 18.930635367406794 0.29155743 0.02212902 0.74824604 -18.87319219879369 -0.05922855628366255
2.596919263719289e-13 18.926255224538508 0.29301246 0.02189162 0.70609697 -18.902552814662293 -0.02808255274450077
2.5518472362715875e-13 18.926042009000415 0.29381807 0.0218819 0.74491622 -18.8873091818088 -0.03894604272970868
2.503358947348187e-13 18.925018409073683 0.30404648 0.02196945 0.63068044 -18.880973941624138 -0.04506806737627696
2.455606131177753e-13 18.924956056713413 0.29693634 0.02217449 0.44757745 -18.918981255829515 -0.006037153244168811
2.407612951052025e-13 18.92488884957493 0.29875797 0.02187001 0.55896058 -18.86856056654623 -0.05639549016718299
2.361550045146019e-13 18.923986160072246 0.30047663 0.02215525 0.64040842 -18.871727107519252 -0.053161742055677835
2.3165780241442357e-13 18.923737596742534 0.29055712 0.02207751 0.88572282 -18.880762528413452 -0.04322363165879349
2.2744341045594935e-13 18.92110228825639 0.29099802 0.0219503 0.75779431 -18.915923619957 -0.007813976785533716
2.2332167968604376e-13 18.920707085694236 0.29092611 0.02208623 0.67926225 -18.909622626530684 -0.011479661725706681
2.1919034203871313e-13 18.918843358556106 0.30133729 0.02213514 0.84490434 -18.9103435118546 -0.01036357383963627
2.154380671938023e-13 18.91563756607523 0.30182109 0.02192052 0.44243484 -18.887517983520752 -0.03132537503535484
2.1162626656788148e-13 18.914938959957475 0.29452574 0.02189163 0.55773249 -18.892255183593093 -0.023382382482137275
2.0755124508302543e-13 18.914919293493245 0.30305195 0.02195714 0.76186146 -18.87600101575673 -0.03893794420074346
2.035264365597467e-13 18.914498484750393 0.2999192 0.02189425 0.50955206 -18.90558366694894 -0.009335626544307621
1.9965016360137193e-13 18.91377263210617 0.29655777 0.02215715 0.60908426 -18.877132753821986 -0.037365730928406095
1.958908346873324e-13 18.912911513350547 0.30356939 0.02203292 0.53562115 -18.869327621653152 -0.04444501045301842
1.921693464460761e-13 18.91252831316974 0.29882528 0.02215093 0.61837394 -18.912516845269568 -0.0003946680809804547
1.8848170186418206e-13 18.912058409620748 0.29166049 0.02194947 0.51202605 -18.872020482850825 -0.04050783031891459
1.8485761155756667e-13 18.91175316339219 0.30279949 0.02208248 0.79477981 -18.90030294988451 -0.011755459736240228
1.8131314569354818e-13 18.91117369244438 0.30337231 0.0220458 0.80414201 -18.902527659247315 -0.009225504144874656
1.781757827402131e-13 18.90706208441692 0.29330476 0.02211759 0.6149367 -18.909601182625632 -0.0015725098187462235
1.7511696414730977e-13 18.906197376962673 0.29196497 0.0219606 0.75379882 -18.88455827070351 -0.022503813713409513
1.7181050067023704e-13 18.905580714083012 0.29296182 0.02193039 0.46188969 -18.89786059155885 -0.008336785403824258
1.685937131153188e-13 18.904393125989657 0.30295918 0.02201967 0.88493181 -18.886607837440273 -0.018972876642738723
1.6555154887914364e-13 18.902394378056947 0.29849927 0.02213519 0.71000779 -18.904392870327914 -2.5566174192305994e-07
1.6247236402100931e-13 18.90233627382443 0.30069674 0.02192811 0.43705734 -18.87104193974228 -0.03135243831466798
1.5933791445560556e-13 18.901750657397614 0.2975932 0.02190275 0.65450259 -18.882385187708362 -0.019951086116071392
1.562748107950031e-13 18.901553203491567 0.29409462 0.0221181 0.6241088 -18.869268396441797 -0.03248226095581807
1.5330877825633727e-13 18.900469724368808 0.2968874 0.02213485 0.83430331 -18.87881080788914 -0.022742395602427117
1.5040962943957538e-13 18.900130906495217 0.30237903 0.02205182 0.85903866 -18.869303399632475 -0.031166324736334013
1.4755920232768614e-13 18.899130627277408 0.29840722 0.02212952 0.70809309 -18.89773855060519 -0.002392355890027029
1.4474602087908412e-13 18.899023085652043 0.29234478 0.0220701 0.55271212 -18.870787542101027 -0.02834308517638158
1.4194991157823867e-13 18.89853816149196 0.29313989 0.02194461 0.46532161 -18.89309295988023 -0.005930125771810478
1.392138107489796e-13 18.898344385422025 0.29539513 0.0221251 0.63874251 -18.885106955050002 -0.013431206441958506
1.365009370609937e-13 18.898291855426926 0.2926879 0.02207775 0.7602281 -18.872241253935012 -0.02610313148701274
1.3388695318516336e-13 18.897410661408195 0.30184452 0.02206641 0.59232186 -18.890411175217807 -0.007880680209119835
1.3132004459003368e-13 18.89740316424289 0.29506906 0.02211993 0.77738015 -18.892320179718862 -0.005090481689334332
1.2882638489818096e-13 18.896149375400107 0.29368647 0.02210112 0.43725622 -18.873806483287833 -0.02359668095505632
1.263804726826615e-13 18.896134842460405 0.29326087 0.0220872 0.86888933 -18.880600663335716 -0.015548712064390392
1.2395050043739308e-13 18.89537363685676 0.3000881 0.02193468 0.53524563 -18.88546539534561 -0.010669447114797028
1.2162827362541633e-13 18.894355382249223 0.29319034 0.02195927 0.65657203 -18.878171558905326 -0.017202077951433074
1.1930555107766056e-13 18.894331318083943 0.29293397 0.02207117 0.76854701 -18.885641775354028 -0.008713606895194086
1.1698699195260769e-13 18.894000374302394 0.29516269 0.02192466 0.46816663 -18.888144227637547 -0.0061870904463962985
1.147348542917577e-13 18.893603869890676 0.29767029 0.02212138 0.62782909 -18.87251964790966 -0.021480726392735627
1.1251760829096064e-13 18.8934233364499 0.29829496 0.02211912 0.47952491 -18.86931588051411 -0.02428798937656483
1.1035321987229417e-13 18.892845523690514 0.29789986 0.02211878 0.82182003 -18.870208963058147 -0.02321437339175263
1.0822841876028848e-13 18.892702661085483 0.30185896 0.02201084 0.54166785 -18.86978888809463 -0.023056635595886787
1.0613164060822996e-13 18.892367824172446 0.30184551 0.02202752 0.81149546 -18.89250420666295 -0.00019845442253571384
1.0411071400268427e-13 18.891548197435423 0.29248166 0.02200171 0.43106186 -18.89223427161951 -0.00013355255293536056
1.0211486207615595e-13 18.891475627196254 0.29262972 0.02203307 0.81509346 -18.890757406388293 -0.000790791047129194
1.0014673568841408e-13 18.89086665651852 0.30145641 0.02198893 0.77989817 -18.891071724894783 -0.00040390230147071285
9.822005351634348e-14 18.890722408860768 0.30002854 0.02209388 0.60296649 -18.888585385789316 -0.002281270729201719
9.631419235683573e-14 18.890450857217157 0.29277818 0.02200284 0.88176851 -18.87782312170666 -0.012899287154108645
9.444430350161537e-14 18.89032794887565 0.29711447 0.02192456 0.52474564 -18.88975514638171 -0.000695710835447254
9.261011941245804e-14 18.89006934200298 0.29698815 0.02211417 0.68310549 -18.868802525597832 -0.021525423277817035
9.080664463280638e-14 18.890054587394882 0.295057 0.02210455 0.50555889 -18.869113305010746 -0.020956036992236426
8.903333934489594e-14 18.88990721825971 0.301434 0.02204544 0.8121181 -18.873161366661524 -0.01689322073335967
8.729432053847266e-14 18.889900317528944 0.29365189 0.02207725 0.73029514 -18.888378194235905 -0.0015290240238073427
8.561093770147886e-14 18.889246774484743 0.30103051 0.02197764 0.49939296 -18.882155925230617 -0.007744392298327486
8.39633981644981e-14 18.88915912632861 0.294908 0.02209841 0.84554174 -18.885006892087937 -0.0042398823968068655
8.232166504036342e-14 18.889134818093 0.29463503 0.02194253 0.46641176 -18.874630751238204 -0.014528375090406923
8.071928725974579e-14 18.88886743253794 0.29460687 0.02194594 0.67622084 -18.874953198030855 -0.014181620062146752
7.916453953143797e-14 18.888427755660274 0.29403133 0.02208219 0.646475 -18.875906019051193 -0.012961413486745182
7.764831829783639e-14 18.887939336202926 0.29705032 0.02192943 0.45091921 -18.879288917472383 -0.00913883818789104
7.615218653798614e-14 18.887734650705546 0.30134773 0.02202547 0.615351 -18.868556729942686 -0.01938260626024071
7.46688925453002e-14 18.887674509794646 0.29337988 0.02205755 0.77045617 -18.887663846195323 -7.080451022432755e-05
7.322006332431004e-14 18.887317629200957 0.29474164 0.02209102 0.79569561 -18.884342068904793 -0.003332440889852495
7.180342285188773e-14 18.887143882092072 0.30114047 0.02199655 0.79102995 -18.87539846299984 -0.011919166201116962
7.044756073230773e-14 18.88583985878542 0.29627061 0.02193664 0.49251554 -18.88584476883476 -0.0012991132573123296
6.912178041569019e-14 18.885535687819576 0.30053589 0.02197709 0.46350971 -18.86942143239665 -0.016418426388770373
6.778011492190962e-14 18.88543662512017 0.29407028 0.02196543 0.4925381 -18.881184270898576 -0.004351416921001222
6.645571568933297e-14 18.885396561860066 0.29318728 0.02202484 0.56781332 -18.87840100490153 -0.007035620218640262
6.515857348179186e-14 18.885255185921334 0.30033692 0.02206812 0.4741778 -18.88534124624285 -5.5315617218686874e-05
6.389872017523658e-14 18.88484046191632 0.30048021 0.0219786 0.7879695 -18.87978397752765 -0.005471208393682763
6.266014925806354e-14 18.88479721894575 0.29929986 0.02195217 0.58259502 -18.880791153638125 -0.004049308278194651
6.1447785536074e-14 18.884311004020272 0.29450577 0.02207651 0.87558629 -18.873926034197417 -0.010871184748330378
6.026686241952013e-14 18.88400271126275 0.2936037 0.02204523 0.72075016 -18.876764876397274 -0.0075461276229992266
5.912327518283486e-14 18.883021433179394 0.29525442 0.02208465 0.89694196 -18.88249819274851 -0.001504518514237968
5.79942133742938e-14 18.882960092570077 0.30070275 0.02200504 0.43628042 -18.873144478057004 -0.009876955122388953
5.686026486328736e-14 18.88290912186175 0.30039886 0.02198635 0.86660951 -18.882431289603314 -0.0005288029667613309
5.5751935202375047e-14 18.882724130862538 0.30046553 0.02199058 0.46413628 -18.880233920382565 -0.0026752014791848076
5.466524881982394e-14 18.882671697983266 0.29370005 0.02204156 0.63815012 -18.88067910634431 -0.002045024518229111
5.3597043761439446e-14 18.882587456848533 0.29863606 0.02208874 0.66550948 -18.881573578456646 -0.0010981195266207742
5.2555571915490645e-14 18.882312041394535 0.29397706 0.02197872 0.40511789 -18.871421476205594 -0.011165980642939019
5.153645493870333e-14 18.88214559482628 0.29763126 0.02194587 0.55561167 -18.878285202684843 -0.004026838709692894
5.054574416591396e-14 18.881528212773 0.29709122 0.02209231 0.76116467 -18.869158936465595 -0.012986658360685105
4.958039800022177e-14 18.881106684019908 0.299508 0.02196915 0.76338131 -18.869171769174194 -0.012356443598805205
4.862912353163079e-14 18.880668867599002 0.29587925 0.02208665 0.472722 -18.87499585843356 -0.006110825586347624
4.768699705167551e-14 18.88062905953276 0.30045564 0.02202228 0.66295726 -18.87017273503092 -0.010496132568081283
4.676593710124389e-14 18.88007101852798 0.29471176 0.02206369 0.80133799 -18.880616763736956 -1.2295795807291222e-05
4.588761350333266e-14 18.878943796484666 0.29395795 0.0220288 0.44109591 -18.87556031639077 -0.004510702137207054
4.5014628877431307e-14 18.87888084572215 0.29844507 0.02196033 0.42045998 -18.878760932755593 -0.00018286372907152832
4.413551836450468e-14 18.878783862707884 0.29901508 0.0220705 0.65358209 -18.870467172889864 -0.008413672832285344
4.327969000816891e-14 18.878438401293046 0.29648491 0.02208068 0.87166387 -18.872758521041824 -0.006025341666061119
4.24388715956432e-14 18.87841607215296 0.29806863 0.02195964 0.53749003 -18.869737714195924 -0.008700687097119861
4.1609924251931975e-14 18.878285196061103 0.29438518 0.02204752 0.49486821 -18.869806722022677 -0.008609350130283307
4.079933927199769e-14 18.878156448619585 0.29974833 0.02204903 0.53210793 -18.87649531493263 -0.0017898811284745965
4.000892008242165e-14 18.877806879178447 0.29944864 0.02205673 0.56415966 -18.876164585555532 -0.001991863064053075
3.923167813602619e-14 18.87778695387986 0.29771869 0.02196001 0.56749358 -18.874618650197952 -0.0031882289804961196
3.84643061104698e-14 18.877709303829658 0.2989984 0.02206573 0.82392745 -18.86928342265645 -0.008503531223408781
3.771608455898429e-14 18.877469807421075 0.29498158 0.02197622 0.41899299 -18.87276880075572 -0.004940503073938039
3.7723611724879384e-14 18.87731018683404 0.2946396 0.02204366 0.83912018 -18.87294048546017 -0.004529321960904316
3.773145519915738e-14 18.877054021692246 0.29943909 0.02198788 0.64393576 -18.87598756594314 -0.0013226208909001363
3.773666628972794e-14 18.877033969639363 0.29933332 0.02205545 0.55975661 -18.874616670829507 -0.0024373508627379974
3.7745364361443273e-14 18.876593135477407 0.29467193 0.02199816 0.63649098 -18.874064055829923 -0.002969913809442416
3.775478158959991e-14 18.876534996867495 0.29631437 0.02207251 0.8785125 -18.875466061235905 -0.0011270742415005824
3.776526776399331e-14 18.876037785017317 0.29608969 0.02206846 0.89139926 -18.870019640423443 -0.006515356444051215
3.77880339834481e-14 18.875329753957267 0.29518491 0.02205563 0.45195264 -18.870488513248084 -0.005549271769234652
3.780332694131209e-14 18.87522841856189 0.29737441 0.02196785 0.4958647 -18.87233013472356 -0.002999619233707787
3.7806789405075445e-14 18.875146578434563 0.299459 0.02200761 0.88788247 -18.868802870086643 -0.006425548475244856
3.780909182236322e-14 18.87510662185171 0.29465345 0.02202511 0.49814306 -18.874783923926326 -0.00036265450823833967
3.781481263399523e-14 18.874844002509498 0.29766668 0.02196919 0.40426945 -18.87504498651542 -6.163533629206408e-05
3.782067396160431e-14 18.87479662751953 0.2954857 0.02205573 0.58462891 -18.86874443842596 -0.00609956408353907
3.782226001743598e-14 18.874760131614348 0.29509144 0.02199836 0.73892202 -18.871779897064716 -0.003016730454814807
3.782556052628477e-14 18.874622112242704 0.29501929 0.0220056 0.86760389 -18.873653078224052 -0.0011070533902962781
3.7831937084385606e-14 18.874423009137857 0.29537829 0.02199254 0.87720239 -18.8741323328353 -0.0004897794074050003
3.784388510167491e-14 18.873990612234703 0.29690394 0.02197294 0.49592545 -18.872640747328578 -0.0017822618092804107
3.7854980961089603e-14 18.873836652564847 0.29495891 0.02202592 0.54145155 -18.868757049585668 -0.005233562649036986
3.786029907821281e-14 18.87370965689877 0.29771065 0.02197679 0.58261038 -18.873753950450467 -8.270211438125899e-05
3.7864939749551483e-14 18.873591519940987 0.29699208 0.02197517 0.53482757 -18.869298438217385 -0.004411218681387559
3.786736806002839e-14 18.87358139586351 0.29827748 0.022056 0.80594309 -18.868842627131826 -0.004748892809162509
3.7869046725275436e-14 18.873502863167662 0.29543654 0.02205084 0.4315049 -18.870519301307105 -0.0030620945564065606
3.787098505286654e-14 18.873479027060576 0.29509167 0.02202842 0.58359534 -18.871255339655207 -0.0022475235124547435
3.7872114974646047e-14 18.87344319207475 0.29628138 0.02205809 0.79960035 -18.87331163744908 -0.00016738961149294522
3.787496783088421e-14 18.873328378359336 0.29546665 0.02204337 0.66558907 -18.870015491520117 -0.0034277005546309845
3.7878326639842894e-14 18.873265834621066 0.29815369 0.02205556 0.88112265 -18.872037934837973 -0.0012904435213634074
3.78802504963315e-14 18.873226799482467 0.29796167 0.02198155 0.62592666 -18.870278025732055 -0.0029878088890115282
3.788472666303365e-14 18.873029525455166 0.29500935 0.02202653 0.43271493 -18.869733120023195 -0.003493679459271368
3.788931744106142e-14 18.872984449861487 0.29812533 0.02205566 0.57257139 -18.872928709871328 -0.00010081558384018154
3.7890524465613616e-14 18.87296581286357 0.29905054 0.02202338 0.72980971 -18.869980081076367 -0.003004368785119928
3.78912925507178e-14 18.872943907973802 0.29528986 0.0220209 0.8324078 -18.872938851455892 -2.6961407678554735e-05
3.7894897387787346e-14 18.8727755562958 0.29580855 0.02199239 0.68116502 -18.87294200890668 -1.8990671222724487e-06
3.789870178399167e-14 18.87274312450245 0.29572411 0.02204584 0.65116382 -18.87097449538753 -0.0018010609082690747
3.790570528257235e-14 18.872406028165063 0.29845675 0.02199189 0.43342667 -18.87116593208506 -0.0015771924173880183
3.791219574906904e-14 18.872400672139314 0.29890658 0.02202306 0.71614902 -18.870538946375802 -0.0018670817892618935
3.7914678537209754e-14 18.87227506069341 0.29888125 0.022028 0.52012319 -18.872378498963467 -2.2173175845851328e-05
3.792253198771939e-14 18.871986462255087 0.29885852 0.02201469 0.4468364 -18.87212398269721 -0.00015107799619918982
3.792803052452286e-14 18.871985073040484 0.29747026 0.02205618 0.50405621 -18.87191978446549 -6.66777895976743e-05
3.794141538392401e-14 18.87128090769862 0.2968438 0.02198652 0.45592086 -18.868891871151682 -0.0030932018888013566
3.795579352158333e-14 18.871227180810152 0.29585343 0.02203555 0.58848582 -18.86863233961086 -0.002648568087758979
3.7961341593569586e-14 18.870988598690783 0.29607894 0.02199927 0.54215763 -18.87065591492983 -0.0005712658803224396
3.798631342348095e-14 18.8699122434776 0.29793899 0.022031 0.57580217 -18.86997331925426 -0.0010152794365232073
3.8007559552655974e-14 18.869870001991096 0.29796496 0.02201883 0.77343811 -18.86962652529627 -0.00028571818133276344
3.800864428664134e-14 18.8698551639939 0.29792592 0.0220122 0.6616027 -18.869866784065433 -3.2179256632510662e-06
3.8012652297328386e-14 18.869659122707887 0.29778039 0.02201719 0.86487291 -18.869711349827643 -0.00014381416625834946
3.8017287506320856e-14 18.869611292657762 0.29750568 0.02200821 0.74399646 -18.86964048868841 -1.8634019475068312e-05
3.8019785731367195e-14 18.869527702462104 0.29805141 0.02202489 0.41993755 -18.869282982495555 -0.0003283101622062581
3.802299844200142e-14 18.869442297836567 0.29718376 0.02202906 0.8756713 -18.869471108336512 -5.659412559037064e-05
3.803216459007501e-14 18.869045661027542 0.29697198 0.02200738 0.4768774 -18.869248547132642 -0.00019375070392513183
3.8048660245852036e-14 18.86857504378205 0.2972335 0.02201256 0.41911708 -18.868669192362386 -0.00037646866515468077
