1.962362431441233e-178 404.5610246700671 0.12026336 0.02322827 0.40240546 -14.12059370160601 -30.581272202344948 -8.42611374646345
7.807451086547972e-151 340.99049505629637 0.11347499 0.02458379 0.46245723 -101.42068093851924 -299.6906396505866 -3.4497040809613027
8.32171953108546e-125 281.0396896484909 0.10520455 0.02034083 0.5179622 -80.55519458810475 -244.9036027490714 -15.531697719120206
8.749328647868787e-116 260.24651312160086 0.45271353 0.02269919 0.41450896 -65.11420433727774 -209.2628862634102 -6.662599047802921
6.263193421738318e-112 251.3507938712014 0.49998172 0.02288912 0.42690028 -44.65872760093637 -214.49777533062323 -1.0900101900412544
4.254460015312076e-108 242.5073805643897 0.15947127 0.02204448 0.44414804 -36.59767263359531 -212.968213526909 -1.784907710697107
1.3274506051692988e-107 241.72668003872627 0.4941973 0.02057766 0.4224847 -75.6858448264492 -166.82011961463775 -0.0014161233027562294
2.487227120449739e-107 241.14634607369047 0.15524562 0.02156116 0.44749288 -38.46555297159312 -198.34537239169612 -4.915754675437017
1.1767053556002334e-93 209.19430135494247 0.11722779 0.02086568 0.89764158 -75.41944903632967 -165.22942639213 -0.49747064523080164
6.956220252990687e-90 200.48999150642277 0.10930266 0.02209406 0.66034029 -22.000350078257252 -184.04542747267644 -3.148523804008785
1.7869277202213174e-79 176.50072547251628 0.12556169 0.02229276 0.87813273 -32.084522992602786 -168.39250859381286 -0.012959920007124353
1.6348874291746145e-76 169.66316354330635 0.18824339 0.02410909 0.48961435 -19.69794664042284 -156.626975319647 -0.17580351244647044
8.372130517761957e-76 168.2212113934676 0.13858571 0.02241592 0.55271494 -54.01260952019093 -105.33798350923854 -10.312570513876889
2.2013232189021404e-74 164.75045104375653 0.13150017 0.02467888 0.63819551 -46.76935523115452 -121.081453789178 -0.3704023731350828
1.5989792332105264e-69 153.50680946493276 0.16824004 0.02404497 0.5266897 -30.307375432616414 -117.73781564670534 -16.705259964434763
9.091207440126079e-69 151.93831427940407 0.14048175 0.02474025 0.85358482 -47.085432504351516 -96.73207174054184 -9.689305220039374
6.223359363192346e-65 142.89802487259107 0.35440816 0.0236207 0.47500947 -16.828979763306467 -117.62407178285792 -17.485262733239665
1.953038153581054e-59 130.22151994539772 0.45960217 0.0211807 0.86664557 -34.55572659536157 -102.28782859974464 -6.05446967748487
3.951284750425728e-59 130.15984443756633 0.1581066 0.02105108 0.89014314 -67.52340734992347 -61.03361222070211 -1.664500374772138
6.846112667753733e-58 126.65462961062428 0.33233548 0.02064523 0.47130521 -19.220815036357344 -108.72068592115397 -2.218343480055001
7.939379410383832e-55 119.55014071540374 0.14422469 0.02205993 0.64209148 -38.0412824454869 -84.14736279019593 -4.465984374941451
1.0801076325703446e-50 110.01143797485086 0.49086607 0.02251411 0.52763098 -26.929210431821407 -92.61716372495793 -0.0037665586244058063
6.964349296782171e-50 108.2927405096098 0.14745168 0.02252858 0.68084686 -14.313557298581333 -95.1209902451341 -0.5768904311354387
1.4959210894009844e-49 107.83293772797788 0.22513408 0.02049608 0.50444255 -20.913025954793625 -86.76851750400732 -0.6111970508088608
1.1638552459264672e-46 100.66771313365781 0.44443046 0.02217312 0.83841544 -42.85094937321776 -59.494419343239116 -5.487569011521004
1.3549388668924113e-39 84.37702387859765 0.20819761 0.02072712 0.54706269 -51.34634970959332 -49.26595901696204 -0.05540440710244671
4.198383595171063e-39 83.60666119916992 0.44285236 0.02375642 0.79774566 -34.29519727515237 -46.13206492093454 -3.9497616825107573
6.377681788409942e-39 83.37030700393696 0.46506982 0.02329272 0.77993445 -36.696437341344776 -39.78558768062736 -7.12463617719778
9.280496208300626e-39 82.86585617531507 0.44812585 0.02211678 0.54360656 -35.47934364880368 -44.06339340207877 -3.82756995305451
5.902835960112763e-38 80.62459469559495 0.22955125 0.02437518 0.88551655 -13.488999489851508 -69.35472567467411 -0.022131010789448756
1.3115123883392337e-36 77.44353258636403 0.25619569 0.02111413 0.89385204 -22.54008478610388 -44.97752382673249 -13.106986082758583
3.3266426928327474e-36 76.9160265149335 0.43738127 0.02136712 0.54556381 -27.84819991008042 -47.656294638779784 -1.939038037503826
8.367526014704163e-36 75.79125412203894 0.18322299 0.02025292 0.77359608 -13.596019059593132 -62.31280886951017 -1.0071985858302166
1.678292425992147e-35 75.25465994483652 0.16980089 0.02149782 0.72012723 -11.105899547195593 -57.306878443194435 -7.378476131648904
2.652082237201912e-35 74.81361707852858 0.19155453 0.02103152 0.82527552 -13.905123807954798 -60.70522056272278 -0.6443155741589441
3.6325134914131055e-35 74.55440544426912 0.3749724 0.02418766 0.55553463 -12.86653660473091 -59.638277642358 -2.3088028314396682
4.0694824891180984e-35 74.53022512529776 0.18519296 0.02055237 0.61412656 -14.984484641352365 -48.46700077892482 -11.102920023991931
1.0553417447120235e-34 73.08869658227178 0.24635123 0.02282405 0.89361212 -24.129348018719877 -45.31122602994657 -5.089651076631312
2.5158095954503975e-34 72.39216365029093 0.44001137 0.02004915 0.56237181 -26.31239515299467 -45.248679302348506 -1.5276221269286014
1.0169297497916261e-33 70.74783508488373 0.17955146 0.02253142 0.78451976 -11.540374019528164 -51.67350117775031 -9.178288453012449
2.662412986190807e-33 69.96565740272928 0.32340782 0.02341623 0.54011168 -11.474801111300533 -58.655011978387776 -0.6180219951954163
6.657719620083889e-33 68.9660059474041 0.17834885 0.02075466 0.70677552 -21.508344567533577 -43.85085895569722 -4.606453879498472
1.827125491127616e-32 67.92593861911243 0.23886824 0.02200768 0.87828092 -13.748504889367329 -51.43422574436586 -3.783275313670914
3.2353181125865803e-32 67.55819554171096 0.26423672 0.02316987 0.54566785 -22.244053033348216 -45.681526650127594 -0.0003589356366238873
6.544918005859053e-32 66.64514467350719 0.48399977 0.02201929 0.60288877 -26.578553244207143 -37.85535994200647 -3.124282355497339
9.776458502458236e-32 66.51846801610034 0.49724185 0.02131731 0.62952095 -9.451047715709741 -57.19409577309133 -1.1847061158523986e-06
1.1174170805456608e-31 66.34204618082535 0.19328555 0.02451879 0.67492062 -10.812390184169233 -54.53932494581761 -1.1667528861134946
1.7384288664545732e-31 65.6912380659254 0.42330621 0.02412315 0.76566586 -14.658269048091054 -36.92965878807707 -14.754118344657234
5.889362864187058e-31 64.24244319232416 0.26371566 0.02326136 0.87458893 -24.460398984609924 -30.778983053100035 -10.451856028215438
1.0321782644336923e-30 64.05388617023496 0.22386235 0.02411156 0.84269529 -24.72724616069597 -35.873959835145904 -3.6412371964822916
4.738963330767132e-30 62.03083860334225 0.46064151 0.02348031 0.62001409 -15.37375145720704 -38.34314087267961 -10.336993840348308
1.2352355199094096e-29 61.33255519779928 0.45185073 0.02072772 0.72673332 -9.035074758703635 -47.95676505082211 -5.038998793816495
2.534877106598031e-29 60.574363273175365 0.18326498 0.02161625 0.7252636 -19.89022816964134 -37.496251501060954 -3.946075527096984
4.942211143783694e-29 59.92182996689443 0.40910823 0.02224769 0.78806719 -12.086871081725675 -48.10230166804427 -0.38519052340542104
1.4202146238592574e-28 58.681307409951785 0.21159724 0.02102584 0.59129349 -27.722848189815277 -32.076475781754255 -0.12250599532489367
2.5182621352000513e-28 58.39482738082695 0.44672348 0.02403132 0.64519187 -24.205166118070725 -32.140708391674906 -2.33543290020616
3.868295034655487e-28 57.8390207699619 0.22745932 0.02015547 0.58218363 -9.375313057216488 -39.460385013472084 -9.55912931013838
4.84245600788342e-28 57.829770986698044 0.41338066 0.02376744 0.59514982 -23.717705779275057 -25.9066252749636 -8.214689715723248
7.305719742155065e-28 57.10534797728057 0.21838623 0.02146444 0.5830457 -9.316689245405462 -41.297742455163416 -7.215339286129166
1.56715378800941e-27 56.295162610511554 0.27384133 0.02086637 0.54987266 -24.81240956038039 -31.56361967037823 -0.7293187465219545
4.5491141248716425e-27 55.10800422913775 0.2574078 0.02160908 0.85089145 -24.514643190855185 -28.63578298493478 -3.144736434721587
8.25898613649167e-27 54.759608058417285 0.33289158 0.02419207 0.81735233 -19.361899331773753 -35.34710001468035 -0.39900488268363987
1.0675756002713625e-26 54.537200082967956 0.44567961 0.02002254 0.63811431 -22.585240702477837 -21.026226538909512 -11.148140817029944
2.9603118785846936e-26 53.12797965041441 0.20290165 0.02390837 0.66895529 -9.035374550363292 -36.07397782851968 -9.427847704084979
4.958754246006713e-26 53.00926948675512 0.43374202 0.02175526 0.73859355 -14.12059370160601 -30.581272202344948 -8.42611374646345
1.0289237447338484e-25 51.91198443667871 0.23585194 0.02381504 0.60056496 -19.9993376911593 -32.84431988172953 -0.16561191386629617
2.493829910378602e-25 51.080222616755606 0.40255201 0.02135519 0.57678643 -19.348038292671003 -24.95013668331021 -7.613809460697496
5.750737968603632e-25 50.21483157256183 0.22087718 0.02481289 0.73602335 -11.073164800450305 -38.96270059400089 -1.0443572223044066
1.3194816656535864e-24 49.370954056718844 0.21276707 0.02413615 0.75805881 -9.005961999491218 -22.777373011904203 -18.431496561166405
1.997631093355761e-24 49.181730582308624 0.3031476 0.02101618 0.55670413 -9.415008531400849 -29.374431322009215 -10.581514203308775
2.1922588162655585e-24 49.13697074303105 0.21211637 0.02113904 0.78092776 -20.083779312620706 -26.716915174561592 -2.3810360951263254
4.4654663756402764e-24 48.01712506287989 0.3770594 0.02310078 0.58394344 -10.04074958658727 -37.2623506363531 -1.8338705200906813
7.403130109606674e-24 47.79971733859876 0.41530129 0.02381218 0.63450061 -11.184231762188507 -34.072778218748134 -2.760115081943246
1.381762517240469e-23 46.909533948150916 0.35165595 0.02081567 0.78991832 -8.147596820952165 -32.06253821999414 -7.589582297652454
2.0778403346468533e-23 46.75801605332921 0.35911295 0.02160476 0.5676394 -19.570606183798752 -23.911685794541587 -3.427241969810575
2.336256924263724e-23 46.63361894553649 0.33133407 0.02062015 0.79800823 -14.075801528591485 -32.27478190824684 -0.4074326164908871
5.700557827061743e-23 45.32892581861081 0.30127367 0.02472805 0.61484482 -18.536908838795057 -23.466354431831586 -4.630355674909842
1.8667433826539753e-22 44.151440961344285 0.37406256 0.0202451 0.74789959 -11.510541961548228 -16.489585883590514 -17.32879797347207
2.8106171421690665e-22 44.14265314753751 0.32703837 0.02420918 0.60176355 -14.853742541182342 -21.853750709495454 -7.443947710666486
3.742679319368991e-22 43.60930807958503 0.23480864 0.02262117 0.81047143 -11.483060607158546 -21.33509791302171 -11.324494627357252
9.900564751265545e-22 42.42112824388428 0.22201884 0.02181269 0.61722313 -12.261357298282965 -30.493959264332233 -0.8539915169698282
1.8951955388397657e-21 41.98442751637098 0.21997465 0.02332479 0.64408666 -18.375810911807758 -23.943766382934832 -0.10155094914169341
2.3869987086210762e-21 41.875742301305465 0.35963043 0.02483968 0.70853769 -14.951564702115325 -23.00998308978916 -4.022879724466493
2.6584154266003524e-21 41.7316685549579 0.20993016 0.02116587 0.72716527 -9.28609582592307 -13.802786805020983 -18.786859670361412
2.878070813703582e-21 41.67303171940902 0.4085468 0.02255778 0.73009707 -9.772839610647639 -30.234981412327425 -1.7238475319828344
3.529827468774955e-21 41.31484985457671 0.42442968 0.02274269 0.69030816 -15.58407501241646 -25.405564915841055 -0.6833917911515006
5.0799766176109146e-21 40.91342536377946 0.35441431 0.02226467 0.78672843 -11.657281910155973 -28.423449120908636 -1.2341188235120997
9.361411016830806e-21 40.15362768381614 0.41994524 0.02114279 0.68848296 -19.310401321903406 -21.461573758810268 -0.1414502830657897
1.6012508336357665e-20 39.70843700872559 0.28045297 0.02165184 0.57688951 -11.15391922850623 -27.181428942590884 -1.818279512719028
1.9681991344633563e-20 39.652978636664905 0.39604015 0.02348832 0.71996545 -18.56514785425647 -20.823018989635482 -0.3202701648336392
2.3721567290355173e-20 39.32196942591589 0.35682987 0.02254734 0.58805118 -12.946050598937179 -21.61251223392722 -5.094415803800509
3.5058341316332977e-20 38.858153861672484 0.23555642 0.02315156 0.6225497 -11.565811502832219 -27.099054460757856 -0.6571034623258137
4.483315924825544e-20 38.74063971052902 0.28462426 0.0227729 0.81310403 -16.03629443603977 -19.79626723848113 -3.025592187151584
5.021363827885455e-20 38.59380610702337 0.24514759 0.02124701 0.59988339 -15.950297201267693 -21.450870325588955 -1.3394721836723735
6.069667103848832e-20 38.33335577180326 0.24920504 0.02221241 0.80456726 -18.384949213358983 -18.79695308724626 -1.4119038064181268
1.3694147210849085e-19 37.21008519038244 0.32110263 0.02308369 0.79411721 -12.282038194172136 -25.963841627481784 -0.08747595014934335
2.436350777305372e-19 36.87014222298165 0.22508922 0.02137226 0.7572563 -16.67356289773565 -17.862984025771723 -2.6735382668750702
4.414938867665806e-19 36.09816916104826 0.31755508 0.02469354 0.73915146 -9.017743134748661 -26.860970910046735 -0.991428178186255
6.189979411398771e-19 36.01112807608077 0.34155505 0.02410395 0.75136834 -9.57247191193313 -9.635781610593577 -16.889915638521554
7.96349559997584e-19 35.595647114447374 0.390576 0.02261584 0.72839589 -12.394571740490411 -13.354602294901486 -10.26195404068888
9.691010435172726e-19 35.53687569718066 0.39734396 0.02052007 0.65527305 -13.593677227578036 -21.16306666130362 -0.838903225565713
1.013699011912574e-18 35.4664338703323 0.41341123 0.02172303 0.65860117 -8.045491539261683 -22.175272976676816 -5.316111181242164
1.2289761293797988e-18 35.1377646138512 0.33186925 0.02321191 0.77931374 -8.669644095659685 -26.58839903516549 -0.208390739507128
1.45222943950588e-18 35.06734584978179 0.26345568 0.02422976 0.76495321 -15.426736447694418 -16.35410337079005 -3.356924795366737
1.5033460361565284e-18 35.028117810879834 0.26476999 0.02477566 0.69825751 -9.406114596888692 -14.122885826211558 -11.538345426681536
1.6289542881708909e-18 34.87288432318068 0.34274497 0.02398413 0.62821582 -7.867490291950819 -9.21722452929949 -17.943402989629522
1.7784393163679856e-18 34.80795224854389 0.40585632 0.02262102 0.68866764 -8.562089633665083 -17.19495264529209 -9.115842044223507
2.1930399396642663e-18 34.44574161966019 0.2474048 0.02032578 0.745206 -10.265615974236487 -23.688782409600606 -0.8535538647067951
2.626479197466491e-18 34.376222469281764 0.26413359 0.02471074 0.69482367 -8.360799457063997 -19.302350110524817 -6.782592052071376
2.8200002104311537e-18 34.265790216026325 0.25239731 0.02287384 0.61340631 -7.968084435038988 -9.300223897230754 -17.10791413701202
2.9648351768608197e-18 34.233659070058565 0.40784899 0.02143326 0.668808 -15.573883187495767 -16.969208006970767 -1.7226990215597897
3.1396965557736683e-18 34.11484458511333 0.2908989 0.02296871 0.59739537 -8.950537712945321 -24.46963849626965 -0.8134828608435956
3.2855027174200706e-18 34.09979624656793 0.28319668 0.02256725 0.79987079 -14.417592900867966 -17.570466142969515 -2.126785541275847
3.4107256454367355e-18 34.00272663418459 0.35138799 0.02411229 0.72836468 -13.927339258331308 -19.464790762259515 -0.7076662259770996
5.547001283821337e-18 33.230640037369426 0.35531066 0.02386527 0.63917113 -10.542108856381034 -13.116365454717117 -10.344252323086435
7.828638933570739e-18 33.131068053064574 0.27200593 0.02107163 0.78223756 -7.803637948357372 -17.38108434175278 -8.045917747259276
8.81985352310447e-18 32.95763437587392 0.27027467 0.0246476 0.7171266 -11.15437400513319 -19.85142470045554 -2.125269347475845
1.1963164538084592e-17 32.521483064549706 0.27435534 0.02162574 0.79008864 -7.6409581471524515 -9.002174250169764 -16.314501978551707
1.4345608230070717e-17 32.507668985347955 0.29215492 0.02474526 0.70956358 -12.106697276805617 -20.047485723225666 -0.36730006451842423
1.8830461941822487e-17 32.00121591643449 0.36914211 0.02010064 0.65744752 -7.457341416178973 -7.500617918403096 -17.549709650765887
2.760428305591778e-17 31.66736018420583 0.38358155 0.0233585 0.67704529 -7.5290080849756045 -15.767265455993549 -8.704942375465338
3.412098714000861e-17 31.515732989187704 0.34774976 0.02354899 0.62791647 -8.392633457669278 -19.04129287328944 -4.23343385324711
4.690138687477565e-17 31.041458369904255 0.39322379 0.02266891 0.6605618 -8.457691914423908 -17.53391176495949 -5.524129309804304
5.803409144003787e-17 30.994986026043314 0.27277748 0.02039896 0.75272805 -8.074031264614455 -21.972412870678113 -0.9950142346116893
7.796008254671279e-17 30.477256325551824 0.32991651 0.02090597 0.75469414 -8.864658338471994 -15.921011131670278 -6.209316555901041
1.1101972197750021e-16 30.20108989921869 0.2965021 0.02149298 0.77954827 -11.891525716973133 -15.653139213719646 -2.932591394859044
1.3232759757349244e-16 30.071682462091644 0.38650621 0.02254195 0.70145814 -12.370755321108975 -17.17403226835788 -0.6563023097518319
1.5911570280051278e-16 29.806171520136832 0.3737719 0.02338082 0.66439323 -10.217691052603232 -19.210241724486476 -0.6437496850019369
1.870892513377127e-16 29.69375416198365 0.38472254 0.02097516 0.65794253 -7.6858718978682115 -17.744535104653448 -4.375764517615174
3.144933266999976e-16 28.88420789780149 0.35404653 0.02064665 0.71727198 -7.799316226652392 -19.31480596589481 -2.5796319694364516
5.356680542038328e-16 28.471728423361345 0.32163115 0.02186319 0.60184749 -9.686887808621352 -14.740574013029404 -4.456746076150732
7.222083223919511e-16 28.220505023006204 0.25043282 0.02065108 0.64625133 -11.770261477537245 -16.643365846836986 -0.058101098987111036
8.835925778386527e-16 28.022779295713722 0.3080019 0.0206782 0.610196 -11.811843193192374 -11.98063350166608 -4.428028328147748
9.530673489276256e-16 28.019765054061015 0.2791373 0.02233431 0.60945509 -11.616297090971413 -12.152163441505635 -4.254318763236673
1.085705980073434e-15 27.741822611669594 0.37350262 0.02135667 0.63622012 -13.72320713682251 -14.063118114365192 -0.2334398028733127
1.5416304471319882e-15 27.306660907230878 0.35078681 0.02161431 0.61582902 -7.783019450086506 -18.919083413611922 -1.0397197479711673
2.3199959846185327e-15 26.882450386956805 0.25139073 0.020646 0.71692931 -9.180997007878307 -17.736762802538678 -0.38890109681389234
3.3001277672615666e-15 26.545808111853884 0.36343568 0.02076198 0.64969828 -8.008004808952354 -14.413482940294102 -4.460962637710351
4.1801692456738935e-15 26.351307554945382 0.31841185 0.02025263 0.63175738 -7.5194195483744775 -15.286769942551768 -3.7396186209276405
5.0656110834782065e-15 26.12526116204897 0.32893863 0.02190135 0.75438185 -9.104096198216334 -9.866276877455869 -7.380934479273178
6.011837637727848e-15 25.96301734778856 0.29341432 0.02349135 0.75421366 -11.782416910609053 -14.309578271350238 -0.033265980089681416
6.718875543889552e-15 25.859385354473737 0.37562243 0.0213875 0.67367102 -9.663974321140799 -11.183594365195534 -5.115448661452231
8.518737916289375e-15 25.481519002299358 0.26013566 0.02324435 0.74710387 -7.984868675572184 -16.929199865927583 -0.9453168129739707
1.0415797618463968e-14 25.3845343874164 0.25493496 0.02358188 0.71746967 -8.402622278985529 -13.536730451075611 -3.542166272238221
1.0765936633024313e-14 25.373466829650237 0.35128484 0.02234805 0.73154327 -7.910616054446605 -11.709543405482249 -5.764374927487548
1.084226064660176e-14 25.33121598705816 0.29279991 0.02221619 0.76792149 -10.856885346688635 -14.262285962136044 -0.2542955208255591
1.0914265383794853e-14 25.32020729574992 0.33444244 0.02217913 0.74795968 -10.864446775927405 -14.37581503738463 -0.09095417374612831
1.0907589509931088e-14 25.29298933762909 0.35077691 0.02176912 0.73000663 -11.45180395285956 -13.808569543955738 -0.05983379893462239
1.1501862568244798e-14 25.177641004708057 0.30705499 0.02358201 0.64222689 -10.666030668744082 -14.478228945496209 -0.14872972338879958
1.1933320956906098e-14 25.176408829752386 0.36109477 0.02275666 0.64753765 -8.81191309077449 -10.600399350023483 -5.765328563910081
1.1921716116799208e-14 25.140307080537948 0.26351222 0.02364698 0.66904557 -7.549695074917076 -16.344413137351456 -1.282300617483855
1.3806623599394677e-14 24.862180669082925 0.35292168 0.02242272 0.72615797 -9.108061954725791 -9.777377112389592 -6.254868013422564
1.5709720773347157e-14 24.823536127581992 0.35649752 0.02124345 0.63602034 -10.42453586318363 -14.05440536549962 -0.38323944039967534
1.6737428448606882e-14 24.699321418203983 0.24562056 0.02252816 0.65953841 -7.9082904462629156 -15.490324914575437 -1.424920766743638
1.942621922320994e-14 24.49277049390771 0.36400243 0.02220581 0.64436423 -10.964581815773657 -13.1245674796275 -0.6101721228028276
2.2447458403682105e-14 24.36409807170719 0.32703419 0.0203032 0.69440906 -7.608609550407999 -16.802577862652058 -0.08158308084765578
2.4636979378412005e-14 24.26532470778981 0.36092545 0.02169612 0.63981126 -7.472224112167558 -9.927281051310475 -6.964592908229159
2.6040607265357546e-14 24.211949708588556 0.33042214 0.02030975 0.68722833 -7.7358045995148865 -16.281645709260996 -0.24787439901392674
3.179518412328201e-14 23.857021496177133 0.35813936 0.02277129 0.70334584 -7.367694090401786 -9.932771480297752 -6.911484137889021
3.915318157514627e-14 23.72878924148317 0.33237947 0.02318124 0.72869831 -8.844135841352363 -13.679155408647881 -1.3337302461768885
4.703848089292841e-14 23.46383820004262 0.26429186 0.02263034 0.63984608 -9.469126338293854 -11.073260294562536 -3.1864026086267803
5.565800016368781e-14 23.339055820763402 0.29960321 0.0210307 0.62315555 -11.382876345617584 -11.20071587653061 -0.8802459778944269
6.42390047237107e-14 23.143152528437415 0.33164956 0.02120763 0.62712342 -10.745605362236029 -10.280789075485867 -2.3126613830415055
7.03695911492563e-14 23.107881048687318 0.28787707 0.02021812 0.67772835 -8.96289804197449 -12.620832500418077 -1.5594219860448495
7.15988611262982e-14 23.0689787110851 0.28434224 0.02384668 0.70484711 -7.729364723473298 -7.706540418411385 -7.671975906802638
7.175150312211197e-14 23.063645309119213 0.36033267 0.02272662 0.68305546 -7.430982400613081 -7.753435627215573 -7.884560683256446
7.266914036330547e-14 23.004815436188064 0.36132039 0.02265622 0.67447179 -7.8762156387578415 -14.007588598414525 -1.179841071946847
7.359874635443671e-14 22.997765013625454 0.24503824 0.02258324 0.70958859 -7.638459001797052 -14.409889564519153 -0.9564668698718555
7.483355378517376e-14 22.932970411950603 0.29124501 0.02096495 0.73742819 -8.332722874182902 -13.915410673514113 -0.7496314659284381
7.63360737702799e-14 22.91741236855681 0.26515364 0.02268842 0.64294539 -8.449966677654778 -11.852733929213953 -2.6302698050818694
8.159243303278122e-14 22.765859412446698 0.32986381 0.02289041 0.7328431 -11.02246394163792 -10.839222715708875 -1.0557257112100176
8.645574009881942e-14 22.75630120073982 0.33130264 0.02234121 0.628128 -9.68104352351846 -11.294603044939812 -1.7902128439884244
9.953304403413579e-14 22.465573764131427 0.31475283 0.02367984 0.70756681 -8.903652023316823 -13.608856169999692 -0.24379300742330584
1.2305632153385333e-13 22.279937299568218 0.35334641 0.02276847 0.66381013 -7.646335558318901 -8.309144361753127 -6.510093844059398
1.3638499480234027e-13 22.212812681748346 0.25337154 0.02207843 0.73149223 -7.384059391022247 -13.572146765607338 -1.3237311429386356
1.4176612513520914e-13 22.162446034320045 0.24668972 0.02252975 0.70093286 -8.01460539841044 -14.190138777574749 -0.008068505763156085
1.4909655066284033e-13 22.073710366744724 0.30136717 0.02377138 0.68716558 -8.488658736755324 -13.059792869330446 -0.6139944282342743
1.5765792122523799e-13 22.010213623846514 0.27284911 0.02290088 0.64597005 -7.309835810653401 -7.515921257904543 -7.247953298186779
1.600726969664086e-13 22.00271052102034 0.27034945 0.02098352 0.64628697 -10.243360336977876 -9.933327103448725 -1.8335261834199128
1.8239939398627176e-13 21.728229102252755 0.35930836 0.02226221 0.67085137 -10.373359151548298 -9.090853702927731 -2.5384976665443095
2.1208272850473982e-13 21.644524830944626 0.2511935 0.02137537 0.69229358 -7.523968326133716 -14.065641898295594 -0.13861887782344534
2.184739943454074e-13 21.627563555687185 0.29646357 0.02317423 0.73839544 -8.580456113752275 -12.082143476137597 -0.981925241054753
2.237904746976731e-13 21.557971679346974 0.30728569 0.02074242 0.71609265 -8.657131714306075 -9.822423737263437 -3.148008104117675
2.319841729987682e-13 21.51528544958395 0.2910322 0.0210875 0.6327792 -7.8131541353222715 -9.88796894549101 -3.8568485985336904
2.362785958127299e-13 21.481511192302825 0.28218438 0.02094247 0.64058718 -10.322934754220528 -9.137634170132523 -2.0547165252308974
2.383669723833336e-13 21.457934421429492 0.29203027 0.0220213 0.74983601 -10.142278110886334 -8.595682188737953 -2.743550892678537
2.371856683612777e-13 21.451712934999822 0.25459291 0.02122655 0.67967194 -9.270657891267101 -12.187272524908467 -4.005253923809376e-06
2.3380546001860356e-13 21.447032652581026 0.32491056 0.02092487 0.63998926 -8.986624990531922 -10.977481341460297 -1.4876066030076016
2.7831094299834197e-13 21.094511307819015 0.31954937 0.02341917 0.66876526 -8.349269037112379 -10.26383972229955 -2.8339238931690973
3.3246119820091793e-13 21.022255719966076 0.27876025 0.02213966 0.74669699 -7.369328140446742 -9.099260771491519 -4.625922395880753
3.4879854830997036e-13 20.958669018617822 0.32403576 0.0217778 0.6305317 -8.656393474417237 -12.332027826994674 -0.033834418554166
3.940247108558497e-13 20.748793418671884 0.27546966 0.02327846 0.66850854 -8.983617311255795 -11.836437522831945 -0.13861418453008073
4.509762358128714e-13 20.640974742311272 0.2759229 0.0233779 0.71307476 -8.554323161840497 -8.452230454081732 -3.7422398027496535
4.696844935932581e-13 20.625053657183038 0.30859142 0.02190405 0.62883725 -7.552218264368782 -8.731728622991296 -4.357027854951196
4.700903357983999e-13 20.599738920839943 0.29034323 0.02352805 0.67803676 -9.756180870560511 -10.837104446305256 -0.03176834031726976
4.69112095151288e-13 20.589480767853853 0.35184758 0.02243007 0.67277578 -7.656404910581115 -7.56944888824306 -5.373885122015768
4.805318899468932e-13 20.51344854426632 0.28632796 0.02102991 0.64203961 -7.433515482324253 -12.758615779817747 -0.3973495057118538
4.962942436806547e-13 20.484095253481293 0.32602925 0.02154058 0.72377657 -9.78812983485343 -8.408988265382748 -2.3163304440301427
5.176504653594623e-13 20.39150773433557 0.26562219 0.02282011 0.66299349 -8.807674033406457 -11.13330309734602 -0.5431181227288121
5.454886402364153e-13 20.33829205855513 0.26278235 0.02266207 0.72614011 -9.377922527393071 -9.500896632568084 -1.5126885743744143
5.60109744436148e-13 20.29868522358575 0.27722866 0.02255984 0.74029102 -7.82340250064265 -11.540750501126082 -0.9741390567864002
5.60471775637771e-13 20.29700306402199 0.35113436 0.02188766 0.68922158 -8.297358105809462 -11.312706920794549 -0.6886201969817384
6.518392429186714e-13 19.981780269484354 0.35023457 0.02202255 0.68696893 -7.846366740949125 -12.409253790501827 -0.0413825325710368
7.518511558614311e-13 19.94747207462029 0.2682009 0.02127716 0.65686279 -7.740496516255341 -12.241268350886806 -1.54023422078838e-05
7.544632845787194e-13 19.934983274986024 0.32266814 0.02150569 0.72221838 -9.660794743288179 -8.982758492912174 -1.303918838419936
7.717844934033356e-13 19.863700386770123 0.33391043 0.02138653 0.70678357 -8.572418314205205 -10.737521391642801 -0.6250435691380192
8.547720225146024e-13 19.69680459033137 0.25444235 0.02222402 0.69772796 -8.100896082060768 -10.814590802272113 -0.9482135024372456
9.536846971266235e-13 19.600462561853554 0.29026118 0.0206795 0.67011121 -8.250139230791126 -11.348308210414846 -0.09835714912540212
1.0020372461002235e-12 19.55644935343144 0.32160049 0.02317923 0.67141486 -7.927089260118526 -7.427312465238457 -4.246060836496573
1.059643707810954e-12 19.45133873909542 0.25648575 0.02173776 0.69419486 -7.309754480646361 -9.071353473928424 -3.1753413988566566
1.1411916670082574e-12 19.36755701738454 0.31704093 0.02080276 0.66372579 -8.275451319667155 -10.98765116682673 -0.18823625260153404
1.2053303003650214e-12 19.301701980503488 0.33448148 0.02188686 0.71134363 -7.519801176181325 -8.346659299495334 -3.501096541707881
1.2282895343810022e-12 19.2891691219693 0.30185061 0.02274459 0.73193298 -8.363731221533143 -10.896086027558258 -0.04188473141208656
1.237674932602496e-12 19.247272290007924 0.26206412 0.02140437 0.69783455 -8.441215427138637 -9.607316345266405 -1.240637349564261
1.2479182091001814e-12 19.232693865342373 0.30983125 0.02097231 0.70690522 -7.96393722808334 -10.387784185005582 -0.8955508769189996
1.2720018426580096e-12 19.170354915507616 0.33136996 0.0215221 0.70770464 -7.5448024752969705 -9.094169598048046 -2.593721791997356
1.2866258645092982e-12 19.16925499583791 0.29193048 0.02187417 0.73593924 -8.065995990574176 -10.51856367491564 -0.5857952500177982
1.3508415576655235e-12 19.037665973512162 0.30946153 0.02265922 0.64607736 -8.386711712866786 -10.732294782015385 -0.0502485009557388
1.5184073695204595e-12 18.896437704611497 0.31906783 0.02166378 0.64080747 -8.481738206952809 -9.590418998147664 -0.9655087684116884
1.6508592171238526e-12 18.827015349975436 0.33834177 0.02254896 0.69227376 -8.477422095127185 -10.119182254574973 -0.2998333549093391
1.7102151707024986e-12 18.785413859090365 0.33349868 0.02150452 0.65421809 -7.629775407286002 -10.536101200917914 -0.6611387417715203
1.7275057462867825e-12 18.766943919830307 0.33913428 0.02149224 0.68507299 -7.560996310025261 -10.596527426149043 -0.6278901229160602
1.738318771166289e-12 18.73352290973042 0.25989222 0.02174378 0.6846662 -7.452687117710522 -10.656110501743445 -0.6581463003763416
1.955545433824452e-12 18.50462774009008 0.27534697 0.0229394 0.67393673 -8.484130557837014 -10.0691111401043 -0.18028121178910733
2.1970549840424225e-12 18.44873155199979 0.33081614 0.02279727 0.6766922 -8.293738500412186 -8.21351656908412 -1.997372670593773
2.2219871502512217e-12 18.44168572554875 0.26101545 0.021923 0.70120072 -7.267814652837615 -9.753338095313975 -1.4275788038481978
2.1875842136018493e-12 18.440322495275257 0.26051115 0.02197923 0.6824726 -7.925537173060127 -10.49391689461212 -0.022231657876501734
2.1779894201522246e-12 18.411085044387278 0.3382809 0.02181099 0.6619533 -8.55141536693482 -9.884978992210106 -0.003928136130330701
2.168289430430688e-12 18.409431407016097 0.3221949 0.02265218 0.65597146 -7.357526702176409 -10.950334061794102 -0.10322428041676811
2.130659136367401e-12 18.40649564133323 0.33663058 0.02158454 0.66298734 -7.676780920957428 -9.788302609656139 -0.9443478764025321
2.1404301411041415e-12 18.361186339442963 0.33664107 0.0218204 0.65936 -7.348458716944255 -10.609961518052547 -0.44807540633642945
2.166219991096848e-12 18.342510592693035 0.3106338 0.02258733 0.72361868 -7.407817738417102 -10.85923050119875 -0.0941380998271095
2.362262006890586e-12 18.156829084923295 0.29511222 0.02186167 0.72892654 -8.245847652398147 -9.33610935461588 -0.7605535856790077
2.5387496947726863e-12 18.150205103358182 0.30657844 0.02204105 0.72717302 -8.109847715552014 -9.987745235952126 -0.05923613341915594
2.5086463467437487e-12 18.141090450429193 0.26720358 0.0215294 0.6737293 -8.316965520920759 -9.832192204024755 -0.0010473784126689408
2.4747401972577163e-12 18.137797558146705 0.31302338 0.02305169 0.70162922 -8.65916088472094 -8.913201522432091 -0.5687280432761632
2.4786233661422593e-12 18.098728278828865 0.30226976 0.02202661 0.72837193 -7.449195088774077 -8.17350714416913 -2.515095325203498
2.5136345851069793e-12 18.06996468293803 0.26762221 0.02194255 0.66566417 -8.258211160457716 -9.84041401222562 -0.00010310614553179542
2.5794065535121546e-12 18.0082102331352 0.29331768 0.0221767 0.64536055 -9.096623938155933 -8.959164784165207 -0.014175960616887215
2.646878672363626e-12 17.977991004870166 0.2995244 0.02156935 0.72209934 -9.182349605740962 -8.767837537552179 -0.05802308984205567
2.6416512978203974e-12 17.97233842085084 0.27214339 0.02209232 0.65966474 -7.9008750464768065 -9.597238182221293 -0.479877776172067
2.618535048432102e-12 17.956022699600563 0.32189161 0.02110974 0.6716973 -9.244490906085339 -8.715488345950424 -0.01235916881507268
2.6027074996274065e-12 17.944823512315313 0.30313679 0.02102806 0.66033397 -7.304238689583359 -8.693927289597342 -1.9578567204198616
2.5814057851832836e-12 17.93285812352958 0.31703196 0.02268873 0.65826138 -7.949887016583039 -7.6699480567884555 -2.324988438943819
2.6260753323051924e-12 17.871801626451894 0.2880053 0.02229992 0.64950143 -7.694608735720756 -9.181523943953806 -1.0567254438550184
2.6587335919128514e-12 17.867606532210417 0.3105362 0.02123134 0.7054807 -9.140149589332065 -8.546507651857358 -0.1851443852624729
2.776285202875744e-12 17.74916906293739 0.30390758 0.02171225 0.72185942 -7.515002425405805 -8.882875596303954 -1.469728510500658
2.9305393118867237e-12 17.716615989939193 0.29388595 0.0226053 0.65436008 -7.982967381806869 -9.542402471607886 -0.22379920952263516
2.9833003413207463e-12 17.674064099693357 0.29206944 0.02287639 0.66489449 -8.571105677612564 -8.336031682807086 -0.8094786295195427
3.188137870865978e-12 17.54773177328099 0.29075149 0.02188685 0.72474691 -8.089866855052703 -7.851221632266343 -1.7329756123743094
3.3500772698534004e-12 17.531445036356875 0.27317469 0.02203726 0.66234591 -7.85616076167473 -9.649680859113571 -0.041890152492688765
3.4204832970386876e-12 17.46748583590193 0.29186701 0.021016 0.68360739 -9.017534636775553 -8.513206415745884 -0.0007039838354391881
3.473945190682456e-12 17.459813906443582 0.27210182 0.02151417 0.7003153 -7.489977285632686 -7.595638100913644 -2.381870449355598
3.4861793952233394e-12 17.421207425260565 0.29895524 0.0230003 0.67450772 -7.638046346075772 -9.217178361674913 -0.6045891986928951
3.504478680855039e-12 17.40940018009188 0.31588446 0.0219042 0.64948343 -7.557035881806914 -7.593388706747535 -2.270782836706117
3.496002229619647e-12 17.386541303369835 0.26579077 0.02204448 0.68539714 -8.097278649066267 -9.280433931612535 -0.03168759941307419
3.4886519501964037e-12 17.373913550350785 0.2985649 0.02142735 0.65177872 -8.203319886217841 -9.181805333778328 -0.0014160833736674185
3.4723963073137814e-12 17.356314547852723 0.3284385 0.02253985 0.675791 -8.540607211633974 -8.00336406078931 -0.8299422779275011
3.4642998388892155e-12 17.33897480837659 0.32143288 0.02127665 0.66923736 -7.260799054467331 -9.456949615595265 -0.6385658777901265
3.498627274410193e-12 17.297347036677714 0.31885182 0.02271552 0.66894216 -7.343317133547396 -8.689957296222895 -1.3057003786063006
3.6037434281022566e-12 17.240538147052114 0.32305301 0.02142858 0.69232612 -7.373270991520611 -8.781011687671374 -1.1430643574857273
3.823880579743489e-12 17.140834038257477 0.31354868 0.02285805 0.67627227 -7.371029985461604 -9.043005751181232 -0.8265024104092776
3.938663586116048e-12 17.139297866048302 0.31796109 0.02159606 0.65536388 -7.308678821507805 -8.17257956657251 -1.6595756501771601
3.8681624823315685e-12 17.13735292123937 0.29440535 0.02243039 0.65487147 -7.784362966257479 -8.930259099956487 -0.42467579983433545
3.808369295456919e-12 17.13085919274318 0.30042385 0.02112607 0.69336777 -8.520905944210144 -8.218471218889956 -0.397975758139269
3.774674721690619e-12 17.11556932602899 0.29105122 0.02196401 0.65118788 -7.299072607961611 -7.9435211854247765 -1.8882653993567917
3.744368934618185e-12 17.10733468312031 0.30939754 0.0211308 0.68587812 -8.886565961322436 -8.221594810627275 -0.007408554079275847
3.8554482039482585e-12 17.01941080525433 0.31723497 0.02247906 0.66115425 -7.264461435916089 -7.97452473988201 -1.8683485073222132
3.954395367053378e-12 17.015121107939777 0.30547817 0.02280674 0.66841518 -7.593100896298476 -8.928354929764927 -0.49795497919092857
3.98392006657506e-12 16.965538370322907 0.30697257 0.02257691 0.71344908 -7.594684555291617 -7.9578624854264035 -1.4625740672217564
4.0585965162035555e-12 16.937949677730987 0.3122842 0.02268118 0.66636444 -7.708252657810916 -8.524423892466086 -0.7328618200459056
4.037787243382057e-12 16.936024560886835 0.32819003 0.02173964 0.6688529 -7.525180139759757 -8.379771122093818 -1.032998415877411
3.968565318978924e-12 16.932930252533826 0.29240828 0.02220013 0.72128413 -7.305668838453719 -9.4446260830147 -0.18572963941841572
3.903759142010018e-12 16.92934947272326 0.30426241 0.02241766 0.71731624 -7.756260735206763 -9.099995530429819 -0.07667398689724333
3.93501761240698e-12 16.87802938558384 0.31437488 0.02124283 0.68421829 -7.801404718351241 -8.75429168676059 -0.3736530676114295
3.989167461161172e-12 16.86181717062576 0.29880124 0.02115008 0.67146058 -7.25320637118636 -8.197604674619292 -1.4272183397781864
3.983227814859652e-12 16.841442311487263 0.28729469 0.02290639 0.68850551 -7.648171289420204 -7.425452505934913 -1.7881933752706438
3.954005073477098e-12 16.83684041145827 0.32780471 0.02181683 0.66851257 -7.490347915062321 -7.4945729067963605 -1.8565214896285813
3.9148065773587814e-12 16.821814377776274 0.32471405 0.0219661 0.69882743 -7.31149968605052 -9.427800596752206 -0.09754012865554289
3.887042067431816e-12 16.811440512696763 0.32656848 0.02168245 0.6697356 -7.553364722250848 -9.26158564312942 -0.006864012396004954
3.882621585538805e-12 16.784637578098263 0.28908962 0.02291201 0.69231325 -7.302523904185985 -9.239678956503496 -0.26923765200727884
3.8583249484742234e-12 16.784210617190666 0.31061941 0.02186272 0.65292232 -7.411317725759719 -7.493163586604252 -1.880156265734292
3.806127513340725e-12 16.772309420473903 0.30200122 0.02115902 0.68653668 -8.076675165312448 -8.649081951430743 -0.058453500447477956
3.794634847892101e-12 16.750734489543163 0.31317186 0.02132028 0.69159332 -7.308554750524604 -7.712118148596967 -1.7516365213523308
3.7753327683798734e-12 16.742802841593438 0.27495047 0.0219714 0.66912939 -7.284854156335957 -8.308950827798165 -1.1569295054090425
3.866229827005898e-12 16.665042209677527 0.32155312 0.02145615 0.67757524 -8.544663221880013 -8.192559320638052 -0.005580299075370867
4.054625845920767e-12 16.607360787641536 0.29215583 0.02225937 0.65723403 -7.256555708184863 -8.657234159495639 -0.7512523419970236
4.147343122850203e-12 16.57957922267603 0.32005111 0.02185677 0.66062977 -8.474537799099016 -7.997427338675675 -0.13539564986684302
4.209945281513768e-12 16.53803066016651 0.28978002 0.0215424 0.70764573 -7.561327540369159 -8.955296686276998 -0.06295499602987488
4.2141761614955135e-12 16.537533554078184 0.29712467 0.0217151 0.65519046 -7.427910851676307 -8.57113179800316 -0.5389880104870427
4.233122696304082e-12 16.49001806433842 0.28062822 0.02194156 0.66429076 -8.399895459069972 -7.917974906394312 -0.21966318861389894
4.2905346349382396e-12 16.470516197481874 0.30447329 0.02220419 0.65616225 -8.556205872495621 -7.91927265679352 -0.01453953504927969
4.275927306473579e-12 16.457182886600513 0.31673545 0.02235937 0.66444269 -8.101955371861633 -8.288398143822386 -0.08016268179785356
4.2535038122816495e-12 16.44144427021343 0.30025226 0.02142993 0.70221034 -7.504851611155449 -8.680182647047145 -0.27214862839791654
4.222696506363225e-12 16.432075974131912 0.30540936 0.02236396 0.71235185 -7.364880336819878 -8.253814493421121 -0.8227494399724334
4.197750851460825e-12 16.413751096055325 0.28286122 0.02191548 0.66287576 -7.645021645272319 -8.507495142871486 -0.2795591859881068
4.266177255099764e-12 16.360750358688858 0.27698492 0.02237859 0.67778625 -8.538742720986251 -7.849194730031262 -0.02581364503781088
4.300106689255251e-12 16.357602802871845 0.27310882 0.02220699 0.69302664 -8.069416029303936 -7.987483746708308 -0.30385058267661186
4.2783823953512744e-12 16.331443382665867 0.27348873 0.0222363 0.69289167 -7.734613638003705 -8.540364544858786 -0.08262462000935666
4.4055625914579756e-12 16.260498553439646 0.28988672 0.02131569 0.68278552 -7.727081313711472 -8.493812213304578 -0.11054985564981695
4.479599533271706e-12 16.257251366242624 0.28381882 0.02181616 0.70862792 -7.547295117681798 -7.541057664555715 -1.1721457712021355
4.406056213869244e-12 16.254000596180536 0.30459549 0.02131468 0.67262013 -7.4585390299303675 -8.7005309425654 -0.09818139374685679
4.362876026418929e-12 16.23740934201154 0.28043178 0.02259832 0.69045284 -7.496046683865177 -7.582458662066846 -1.1754952502485128
4.318828660663809e-12 16.234622979614898 0.30047977 0.02279501 0.68359486 -7.60096640005633 -7.846136658071942 -0.7903062838832665
4.318957980491265e-12 16.19807615976271 0.30471583 0.02272625 0.67814588 -7.353806601109787 -7.461544588396408 -1.419271790108702
4.3362992353293436e-12 16.186701951765464 0.28370787 0.02239539 0.67032062 -7.378758695359855 -7.640694619582265 -1.1786228448205902
4.323482367505856e-12 16.16448217423363 0.29826701 0.02197632 0.7127793 -8.137426753455946 -7.7163027741517505 -0.33297242415776773
4.344287456856752e-12 16.137553408939443 0.31397117 0.02188553 0.70258787 -7.565931990201624 -8.594042719743 -0.004507464289006078
4.39091184222816e-12 16.10363294971278 0.31485523 0.02240101 0.66958569 -7.4851915218220295 -8.609633531456478 -0.04272835566093903
4.412142597654574e-12 16.08807402452392 0.31411692 0.02232864 0.7012135 -7.407351133795378 -8.353260937279902 -0.3430208786375006
4.395696223914945e-12 16.071504789726273 0.30634073 0.02144356 0.69342448 -7.45281266793406 -8.410170606686538 -0.2250907499033198
4.4152775143641944e-12 16.039762502599796 0.28159161 0.02222117 0.706419 -7.286022204273026 -8.000316202322749 -0.7851663831304985
4.467078167836681e-12 16.00856328654814 0.28168365 0.02199397 0.70579263 -7.461189838463846 -8.48294595187792 -0.09562671225803131
4.461092868840648e-12 16.00260432200975 0.29411704 0.02232495 0.71089855 -7.4581609797426855 -8.548800923470152 -0.0016013833353030564
4.409848077142027e-12 15.992083893648052 0.30009938 0.0225907 0.70330559 -7.48974344111943 -8.293116617470902 -0.2197442634194151
4.348733940772574e-12 15.990882727587874 0.29838314 0.02263355 0.70172399 -7.380087332177722 -7.842399280573044 -0.7695972808972852
4.2674408000037315e-12 15.990219291070884 0.28802151 0.02237275 0.70860169 -7.355587747855931 -7.7457828323541555 -0.8895121473777858
4.202171199776669e-12 15.9821196823436 0.2979879 0.0218661 0.70952215 -7.442531270492144 -8.25365865763937 -0.29402936293937126
4.193624149613499e-12 15.954855526974056 0.28144254 0.02160297 0.6843723 -7.48402313630031 -8.442128811598103 -0.05596773444518694
4.1698641852428064e-12 15.953692630965122 0.31320361 0.02250363 0.67632267 -7.713659677994521 -7.830244838558969 -0.4109510104205669
4.108648084099063e-12 15.94484833902257 0.28966994 0.02251999 0.70475933 -7.311030908431737 -8.089972802818489 -0.5526889197148966
4.046290019899183e-12 15.944655078927903 0.32152869 0.02208422 0.67747277 -7.39839808924818 -7.955740092461251 -0.5907101573131397
3.977266343057498e-12 15.939660675092018 0.32012095 0.02181709 0.68608861 -7.25703638024727 -8.677872145399032 -0.00974655328159985
3.946860578516389e-12 15.920484047039928 0.29392151 0.02140792 0.6897044 -7.267341164149312 -8.575035449961398 -0.09728406098130919
3.925434779461059e-12 15.91087328914831 0.30651228 0.02178811 0.66140665 -7.369937705554615 -7.665283560877663 -0.8852627806076504
3.876379494416866e-12 15.90601264517834 0.30978155 0.02148387 0.68773595 -7.8147100983883755 -7.969095223139293 -0.1270679676206399
3.847522145920997e-12 15.88630374743336 0.28680402 0.02161112 0.67136632 -7.262283264838305 -7.964536916413098 -0.6791924639269358
3.855290437919571e-12 15.862418895910379 0.28543516 0.02174578 0.70198769 -7.98705015149593 -7.504218464460916 -0.3950351314765155
3.8266587875950194e-12 15.861464705363359 0.28790952 0.02259206 0.69727621 -7.414231929085711 -8.270501431879506 -0.1776855349451618
3.7558632708755595e-12 15.860161609017538 0.31379021 0.02248587 0.67998224 -7.394293409760744 -7.69389869633622 -0.7732725992663947
3.708405112379181e-12 15.847332696193062 0.31448275 0.02166452 0.69048113 -7.270789189274481 -8.076529519493365 -0.5128429002496935
3.771811726752778e-12 15.787502868469897 0.2827672 0.021841 0.70028747 -7.279701140450333 -8.269042519694812 -0.29858903604791703
3.829811754873073e-12 15.776343402889738 0.31985974 0.02194116 0.68170092 -7.447202029709058 -8.264593228602786 -0.07570761015805177
3.783172914147567e-12 15.77237561446978 0.3143908 0.02242565 0.68865283 -7.250095081746492 -8.511559736826023 -0.014688584317223757
3.727789975880152e-12 15.766238617171101 0.3158414 0.0221786 0.67092202 -7.265845522878046 -8.117696941313893 -0.3888331502778394
3.666624477866812e-12 15.765849142664027 0.28750854 0.02244389 0.67508546 -7.368978363327979 -8.337824316784758 -0.059435937058364065
3.5968599320655745e-12 15.765053991286928 0.28861023 0.02149805 0.68637204 -7.825970238638304 -7.515302362695007 -0.42457654133071804
3.551482538903804e-12 15.75168062310251 0.28357237 0.02174188 0.67477822 -7.5014824119490155 -7.619832686142003 -0.6437388931959095
3.511518921514369e-12 15.748040234105602 0.28529742 0.02253488 0.6904175 -7.959215785695659 -7.609684939032431 -0.18277989837442016
3.5136333156071115e-12 15.711207303027377 0.28482837 0.02215689 0.67143465 -7.498536296002326 -7.623094123305692 -0.6264098147975823
3.5205248113594185e-12 15.704189269885303 0.28685951 0.02242596 0.67641742 -8.050364916250942 -7.6165621243680395 -0.044280262408396207
3.4833911082662174e-12 15.69282958951901 0.30959099 0.0225121 0.68014875 -7.799655506970614 -7.515110114080069 -0.3894236488346203
3.436791420774461e-12 15.691488136963784 0.28082677 0.02220909 0.69743834 -7.298197609204328 -7.822408817803634 -0.5722231625110475
3.371899564739689e-12 15.691347999925433 0.31701066 0.02211104 0.69106613 -7.495008257103139 -8.111991940259726 -0.08448793960091891
3.426408730674415e-12 15.62104535698614 0.31487699 0.02171785 0.67842858 -7.298223290960692 -8.37354197475443 -0.019582734210311224
3.528873788277421e-12 15.591789188490113 0.29749111 0.02260899 0.68657358 -7.2765813476645755 -8.128738500601974 -0.21572550871958912
3.5174024366692305e-12 15.587742237278379 0.3132402 0.02194726 0.69493564 -7.356332113007179 -7.415738371933742 -0.8197187035491924
3.4625665719165513e-12 15.583609459790866 0.30642654 0.02250391 0.69316661 -7.324469486704632 -8.250771214643281 -0.012501535930466849
3.40828789300019e-12 15.57973649634599 0.28620739 0.02246689 0.6849371 -7.284454588944212 -7.745819482025298 -0.5533353888213559
3.368724836300722e-12 15.56739015332641 0.28828057 0.02180854 0.67056649 -7.581200242159917 -7.526639850645432 -0.4718964035406422
3.3376535003346334e-12 15.558644795459594 0.28971367 0.02194938 0.66816936 -7.971392944726286 -7.490341343379644 -0.10565586522048136
3.3282761611547893e-12 15.53355023784056 0.28877593 0.02205759 0.66946741 -8.024077009848972 -7.522782808345448 -0.011784977265173533
3.3089091795036364e-12 15.53055618902979 0.28206543 0.02227834 0.68742467 -8.000256417755 -7.52995579964582 -0.0033380204397404165
3.2555045671385835e-12 15.526489487601893 0.29763562 0.02187352 0.70361178 -7.623959940745064 -7.748898993460646 -0.1576972548240811
3.2359642175209745e-12 15.503123954028984 0.29442006 0.02164776 0.69634061 -7.377964967212627 -8.097822875562366 -0.05070164482689912
3.2313179686359414e-12 15.4896667183794 0.28497084 0.02229217 0.69752719 -7.336017679050933 -7.839695847922094 -0.3274104270559565
3.2055808062511164e-12 15.479492904154258 0.31298185 0.02206708 0.69359198 -7.430132157356652 -7.884492428756787 -0.17504213226596127
3.1901781982166303e-12 15.459765906322298 0.28466774 0.02230018 0.68148412 -7.305321915628843 -8.168933231408301 -0.005237757117112331
3.1627542441571274e-12 15.457059259042499 0.30730568 0.02163508 0.67454283 -7.705486778732124 -7.56878569903781 -0.18549342855236445
3.1402104618294092e-12 15.43459185465108 0.30337494 0.02239521 0.67401799 -7.408806469402946 -7.6981550992606245 -0.3500976903789272
3.1226535231463083e-12 15.428550326411605 0.30390674 0.02164151 0.67237677 -7.483919601144203 -7.61800433432831 -0.3326679191785665
3.0758012982876196e-12 15.425215607998217 0.30879541 0.02242019 0.68265642 -7.514871434224938 -7.5751841952721755 -0.33849469691449174
3.0274156043151867e-12 15.420659745552392 0.31374967 0.02213633 0.68955612 -7.282574782919295 -7.764202917976292 -0.3784379071026291
2.9785542638750287e-12 15.418149306515016 0.29290631 0.02212819 0.70381492 -7.270192685952603 -8.11849151731896 -0.03197554228082866
2.941396055977994e-12 15.406196072775927 0.28927076 0.02176148 0.67406407 -7.380654713543256 -8.009837708535462 -0.027656884436296672
2.9348224626103777e-12 15.3831162110509 0.30219457 0.02212773 0.66790881 -7.810221759919554 -7.4380547704724815 -0.15791954238389022
2.9114844377388134e-12 15.382425559444114 0.30867828 0.02211037 0.67032177 -7.683217904071625 -7.6724732280460355 -0.027425078933240494
2.857341256078739e-12 15.381054318213152 0.31461788 0.02198012 0.6800315 -7.482171137577308 -7.880957287582374 -0.019297134284429918
2.8053288240151945e-12 15.379561995130151 0.28422032 0.02186024 0.69053663 -7.266268159260601 -8.111028199972232 -0.00375795898031974
2.7625608445951655e-12 15.37218743909772 0.28816783 0.02212862 0.70069824 -7.517761124531613 -7.80148989329706 -0.06031097730147767
2.7231507743461503e-12 15.368683232336323 0.30782526 0.0219836 0.66921614 -7.3880028666483195 -7.956308177565853 -0.027876394883547782
2.674988588545709e-12 15.368268094642271 0.30355748 0.02216692 0.70082462 -7.525993189574934 -7.839558989391405 -0.003131053369983233
2.6237092178757724e-12 15.3677901233567 0.28718419 0.02237141 0.69285558 -7.356707391916838 -7.960556228873364 -0.051004473852069035
2.5733436952506974e-12 15.367428708732195 0.29531849 0.02161889 0.69089166 -7.434705883411378 -7.641293876752758 -0.29179036319256413
2.530127667062696e-12 15.362064707740021 0.3126688 0.02222462 0.68688743 -7.3443337684794505 -7.642916083745961 -0.3801788565067843
2.4914342553238746e-12 15.358641614318495 0.29934706 0.02238084 0.67437161 -7.25726989679717 -8.005860623731616 -0.09893418721123397
2.454024368305381e-12 15.352723827850753 0.28640766 0.02199108 0.69789771 -7.552525054368082 -7.498445818559813 -0.30767074139059997
2.423577726172299e-12 15.344015420951761 0.31334252 0.02187472 0.68209782 -7.409742738338962 -7.9410050124542995 -0.001976077057491855
2.39595458884731e-12 15.336041750016122 0.31378564 0.02193517 0.68148104 -7.260982033775131 -8.033156963645123 -0.04987642353150567
2.3630571428849274e-12 15.332049350181643 0.28808561 0.02214859 0.69961904 -7.261975151848935 -8.057061528075831 -0.017005070091356093
2.323526020678849e-12 15.330174013561672 0.31121565 0.0219968 0.673274 -7.388080105581607 -7.904896922860115 -0.03907232173992126
2.312059707488354e-12 15.302528465130782 0.28476136 0.02221168 0.6912722 -7.380293041614444 -7.948609005223245 -0.0012719667239819274
2.307106451033872e-12 15.29468239565599 0.30822856 0.02192727 0.69452586 -7.4961214572197 -7.719587810812292 -0.08681919709879075
2.2720351264064196e-12 15.293544462990246 0.31307336 0.02210794 0.68119446 -7.296990034417255 -7.977373660379468 -0.02031870085926793
2.2404045124521792e-12 15.283142916911567 0.29008008 0.02234966 0.68014452 -7.266741092326302 -8.00852846374634 -0.01827490691760658
2.223689015554546e-12 15.268940388020356 0.28546625 0.02207688 0.680236 -7.605916621561907 -7.420437996063731 -0.256788299285927
2.1959435921934382e-12 15.268598661526834 0.31219723 0.02215828 0.68511998 -7.71961245633414 -7.541683090252102 -0.007644841434114867
2.1560221350863314e-12 15.266030586926458 0.28615552 0.02183029 0.68445489 -7.256875196199428 -7.9665394089415775 -0.04518405638582817
2.1268035334344083e-12 15.256304916654786 0.31122721 0.02221551 0.68517412 -7.593163543224028 -7.587828375706229 -0.08503866799620087
2.117304108458782e-12 15.235463339195379 0.2861551 0.02185772 0.68552175 -7.2594388755011545 -7.906545819837877 -0.0903202213157554
2.0994333650999506e-12 15.233544292524007 0.29342435 0.02238964 0.68060473 -7.569748728238832 -7.6034851411504505 -0.06222946980609653
2.0614493233212784e-12 15.232373889866418 0.28572427 0.02219592 0.68474775 -7.5217829294685945 -7.388897879567809 -0.32286348348760446
2.0283939640793054e-12 15.226277908113163 0.31108382 0.02205905 0.6889362 -7.596545254587208 -7.562704073789133 -0.07312456149007819
1.994727463255707e-12 15.226233141773086 0.3107239 0.02200796 0.67603957 -7.263721769049239 -7.958952980842468 -0.0036031582214565354
1.956433835078298e-12 15.225440983936052 0.31180643 0.02211989 0.68487051 -7.339243747817653 -7.886646735733283 -0.00034265822215042633
1.9192900270539896e-12 15.224963795259534 0.29151085 0.02238385 0.69241318 -7.258196963332831 -7.943665371540037 -0.023578649063184805
1.8849283867730028e-12 15.22196893671526 0.31060425 0.02189846 0.68728057 -7.3778033827354035 -7.534343233144671 -0.3128171793794581
1.852195666066172e-12 15.220393013675906 0.2992889 0.02175571 0.67266031 -7.260290061474793 -7.926772550561106 -0.034906324679361625
1.8191638749912224e-12 15.218353692316342 0.2978745 0.02163322 0.68321665 -7.601171563290912 -7.4541731233264565 -0.16504832705853834
1.7902956431576731e-12 15.212786899047751 0.28708323 0.02189557 0.69198025 -7.394574352138961 -7.470292532087342 -0.3534868080900387
1.7626145829691363e-12 15.209907772349172 0.29060606 0.02215444 0.69857874 -7.4458786890007636 -7.730321276642551 -0.0365869334044371
1.7309342101270545e-12 15.209453616861845 0.29279211 0.0222158 0.69901334 -7.365795185042837 -7.801403724163486 -0.04270886314284875
1.7023584594013987e-12 15.20360431963542 0.30858634 0.02180137 0.68652044 -7.351009635777661 -7.767852705778727 -0.09059127530545714
1.674865216081486e-12 15.202404018176512 0.29630172 0.02203031 0.67070847 -7.266370497515097 -7.824291482502795 -0.1129423396175294
1.6498040733494625e-12 15.194167976093336 0.31137395 0.02205869 0.68587039 -7.733952903698131 -7.4682001462464624 -0.0002509682319193292
1.6251422085848753e-12 15.192904629564648 0.28982208 0.02212807 0.69772502 -7.258338330989601 -7.932292146030527 -0.003537499073208107
1.5944057933248983e-12 15.192750731356371 0.29369742 0.02227654 0.69772968 -7.373120327925662 -7.792188056469065 -0.02759624516992079
1.5768087205548898e-12 15.175569399830872 0.30360532 0.02169487 0.68546486 -7.342401592742739 -7.694831536151168 -0.15551760246246507
1.5617356830063424e-12 15.172284749978264 0.29729356 0.02214569 0.69942554 -7.302299488963791 -7.623481993116832 -0.24978791775024897
1.5369324360682602e-12 15.16798470021012 0.29874788 0.02226745 0.69743103 -7.334982586214084 -7.799970285261154 -0.03733187850302474
1.5144571775437476e-12 15.162146252973274 0.29122818 0.02180522 0.69240386 -7.318917974124932 -7.704380479000633 -0.14468624708455352
1.4978697923926084e-12 15.150431464146614 0.29310263 0.02226363 0.69661451 -7.381431185527537 -7.6717087150278465 -0.10900635241789211
1.4795645288195778e-12 15.14710176753697 0.30857007 0.02182384 0.68321619 -7.345701985117849 -7.664474128539676 -0.14025535048908744
1.4631024265244723e-12 15.133248766488428 0.28895839 0.02227096 0.68982419 -7.280259061238783 -7.775915740953321 -0.09092696534486758
1.4460000755937732e-12 15.130965749695475 0.2949182 0.02238718 0.68509473 -7.4413963928986515 -7.5430286186804665 -0.14882375490930963
1.4209992590874029e-12 15.128525394291875 0.2901726 0.02182975 0.67977308 -7.411338336077004 -7.401058921175952 -0.3185684924425177
1.3984031250890348e-12 15.123424245762836 0.29827469 0.02173235 0.69007969 -7.613335122378035 -7.429664318904697 -0.08552595300914344
1.3756507163167023e-12 15.121722544773696 0.2960372 0.02239313 0.68729814 -7.320078703698387 -7.607832168266687 -0.19551337379775993
1.3506240783821235e-12 15.120538820499686 0.28679787 0.02198436 0.68630258 -7.366951333625163 -7.425780358355419 -0.3289908527931148
1.3253326569478653e-12 15.119923586788499 0.29608019 0.02218726 0.67435325 -7.539810251662201 -7.577727133342437 -0.0030014354950481533
1.3000898789967011e-12 15.119393721483537 0.30060525 0.02236628 0.6904427 -7.624544220789606 -7.429270238982067 -0.06610912701682678
1.2792822174518267e-12 15.11259829990435 0.30155636 0.02217189 0.69651919 -7.300243072296082 -7.535810696336325 -0.28333995285112973
1.2593499949905604e-12 15.111184306649672 0.29664378 0.02197934 0.67242813 -7.30829299166835 -7.74978858644448 -0.05451672179151961
1.2371117100938866e-12 15.108626809181342 0.30219638 0.02200636 0.69626118 -7.669271820590349 -7.4380064412788185 -0.003906044780504425
1.2164838158697933e-12 15.10520997015115 0.2951757 0.02206936 0.67337491 -7.305966128234936 -7.802220760333222 -0.0004399206131828088
1.1961937249589474e-12 15.102660180257304 0.30350291 0.02234231 0.68537801 -7.675558762602741 -7.423895179086233 -0.0057560284621762815
1.1797325965537987e-12 15.09333845395874 0.30664591 0.02224546 0.68149357 -7.30383336135731 -7.553351760055888 -0.2454750588441054
1.1695404480908447e-12 15.080428682289813 0.29075159 0.02221377 0.68053037 -7.310502705916978 -7.662720000923159 -0.12011574711860318
1.1588872823030693e-12 15.072010424582478 0.29723925 0.02206508 0.69731224 -7.580833497420359 -7.410874414312762 -0.08872077055669203
1.1430634252043055e-12 15.06830600560046 0.29493641 0.02183192 0.69276796 -7.323138596988559 -7.744070833400992 -0.004800994192927826
1.123383121398591e-12 15.067136275293034 0.2980777 0.02216446 0.69669544 -7.338285750977633 -7.646436012588921 -0.08358424203390535
1.1028905252993084e-12 15.065521646410902 0.28800287 0.02209115 0.68947619 -7.317471068810138 -7.7003530652205265 -0.04931214126236857
1.0825106693825979e-12 15.064833380348736 0.3059462 0.02215268 0.6912816 -7.462547123217175 -7.591011363937175 -0.0119631592565524
1.0621876033094432e-12 15.06382148721133 0.29601283 0.02190297 0.67436395 -7.276692001413314 -7.746541875320487 -0.041599503614934724
1.0451141003941856e-12 15.057646386193305 0.30490457 0.02202988 0.69292482 -7.625794360318997 -7.405662404322685 -0.03236472256964853
1.0300698643016262e-12 15.053210493101028 0.29628091 0.0222043 0.67644613 -7.284375025472121 -7.773040727635807 -0.00023063308537638855
1.0134146124893432e-12 15.050640256114105 0.29109842 0.02204393 0.69455253 -7.562555162510915 -7.4103923003458165 -0.08026303024429807
9.95975349216048e-13 15.048321340748856 0.2989981 0.02176376 0.68856244 -7.369682021073528 -7.6796055704178 -0.001352664622776281
9.778291085639654e-13 15.047808899525192 0.29869078 0.02195053 0.69546211 -7.322369374459438 -7.570800757278347 -0.15515120901107213
9.596349492566086e-13 15.046280540865235 0.29973653 0.02173947 0.68133123 -7.310881431075379 -7.725524867184048 -0.011402601265764072
9.432122041780853e-13 15.04272953875253 0.29962826 0.0219301 0.67385233 -7.396647954407337 -7.4636813046193815 -0.18595128183851597
9.291476268534583e-13 15.03672844244231 0.30741788 0.02216028 0.68490934 -7.560576553442182 -7.463054924508775 -0.019098060801574016
9.139639658222495e-13 15.03606836908203 0.29607208 0.02180149 0.6779603 -7.277770267455278 -7.712459686417102 -0.04649848856993153
9.004146762073879e-13 15.02701504437243 0.29550655 0.02214942 0.67625547 -7.529127686667205 -7.3941181757070895 -0.11282250670773541
8.881919420009567e-13 15.023780315784972 0.28937896 0.02208265 0.6908073 -7.5844235715028345 -7.403015872628359 -0.0395756002412361
8.746443050430257e-13 15.018156232179706 0.30011693 0.02232138 0.68518211 -7.422654676674845 -7.591850256936803 -0.009275382173324524
8.608144063615953e-13 15.016045007752934 0.29631255 0.02199803 0.67486004 -7.339800135530485 -7.463734941889459 -0.2146211547597621
8.462163001786372e-13 15.012760409186365 0.30266598 0.02196065 0.69275804 -7.604744044292052 -7.410160801366454 -0.0011401620944287475
8.335324736368489e-13 15.006651064808946 0.28921848 0.02205062 0.68421188 -7.289167432505831 -7.715269677363495 -0.008323299317039222
8.2009564818137e-13 15.005649443246734 0.29588786 0.02183476 0.69074688 -7.530985118634027 -7.473450732691309 -0.002215213483608895
8.045131188353384e-13 15.00541298230705 0.29773184 0.02227772 0.69173139 -7.339282825258103 -7.585283422177638 -0.08108319581099137
7.905323693321669e-13 15.001110142050603 0.30363077 0.02219339 0.6790015 -7.317719729078364 -7.530747831271347 -0.15694542195733835
7.776255794598385e-13 14.99872742990244 0.30100995 0.02210496 0.69421182 -7.379281242247889 -7.550786699532874 -0.0710422002698393
7.640933501395511e-13 14.996614944282195 0.29154797 0.02187723 0.68776608 -7.29848751280847 -7.683181881644699 -0.017058035449271067
7.504992772128824e-13 14.995024251737046 0.28944474 0.02210021 0.68713625 -7.426577009200766 -7.521873339823801 -0.04816459525762536
7.380065874888725e-13 14.990585856551375 0.29329627 0.02226913 0.68664756 -7.472431247905961 -7.507389131403627 -0.01520387242745811
7.261889574805176e-13 14.987701148147039 0.29734275 0.02221378 0.67855627 -7.414300808830681 -7.429629925400557 -0.1466551223201348
7.140284432678003e-13 14.984755600468068 0.29821456 0.02200524 0.67521994 -7.490447518952971 -7.408523854312917 -0.08872977488115281
7.02000159627638e-13 14.982073855711027 0.29004945 0.02203346 0.68325488 -7.553683869047967 -7.430557125486351 -0.0005146059337495043
6.897703495316773e-13 14.98029916729532 0.29233081 0.02216297 0.69212365 -7.533664199986936 -7.4479816116301505 -0.0004280440939412192
6.771644868329739e-13 14.979357051079766 0.3037661 0.02190653 0.67786326 -7.3698569781654095 -7.56214042809106 -0.0483017610388496
6.643290792519616e-13 14.978966888292456 0.29794289 0.02229155 0.68869106 -7.397056038661206 -7.5518769531237515 -0.03042405929480993
6.514583677765026e-13 14.978880031466469 0.29068528 0.02216963 0.68633885 -7.331998205492734 -7.472725953960938 -0.17424272883878325
6.387911905013383e-13 14.978633380759852 0.30511608 0.02201468 0.6894933 -7.4629758700814675 -7.463002202474017 -0.05290195891098549
6.277998176045985e-13 14.97399268900472 0.28990083 0.0220827 0.68622075 -7.277055918231325 -7.701510707040329 -6.675548819914252e-05
6.175690573478804e-13 14.97188476873069 0.30264289 0.02225094 0.68431762 -7.479383948160942 -7.485318222834149 -0.009290518009630374
6.071863454177757e-13 14.968299852417166 0.29957687 0.02218738 0.6928064 -7.321181142431574 -7.524684276768198 -0.12601934953092003
5.984353625279593e-13 14.961322906646368 0.29888069 0.022033 0.6759024 -7.303145697443447 -7.598956533968138 -0.06619762100557927
5.888116115865646e-13 14.96110690419549 0.30047924 0.02227281 0.68522826 -7.522805926774429 -7.438117635413924 -0.0003993444580151223
5.774913199651828e-13 14.96054347188527 0.30429885 0.02189225 0.68611112 -7.335216979424136 -7.474868277458307 -0.15102164731304613
5.675512466073121e-13 14.956230948199451 0.29552144 0.02195144 0.67738994 -7.292441317709578 -7.629537734497723 -0.03856441967796776
5.582607436258276e-13 14.953944698461301 0.29130826 0.02208322 0.69031685 -7.554599350860599 -7.390524867496531 -0.011106729842320943
5.481583883932239e-13 14.953148266690498 0.30415076 0.0219923 0.67821711 -7.3992367282970735 -7.54526522433838 -0.009442745825846727
5.379032418504172e-13 14.952110712374823 0.29392968 0.02193623 0.67907522 -7.3853295567891335 -7.566005011465502 -0.0018136984358625614
5.289878059291853e-13 14.946975965779787 0.30212598 0.02195403 0.6772647 -7.546798881801097 -7.388729153000573 -0.016582677573152512
5.201322252241643e-13 14.946263637016798 0.29994469 0.02187646 0.68962489 -7.433751155536454 -7.502939739056017 -0.010285071187317864
5.113432015657879e-13 14.941460484768507 0.3018133 0.02186174 0.6869551 -7.3080902594932 -7.589490661871118 -0.048682715652478135
5.029660615898884e-13 14.93968999104042 0.29378537 0.02193797 0.67981859 -7.307317086683689 -7.574962058563994 -0.05918133952082434
4.93827730994855e-13 14.938526709115543 0.30327115 0.02192803 0.68821354 -7.5322589586514725 -7.391532388018136 -0.015898644370812853
4.846407216301662e-13 14.937642388462104 0.30157653 0.02204617 0.69182082 -7.2895782202674875 -7.6289603366035985 -0.019988152244455826
4.756960618746194e-13 14.936179217168124 0.29723166 0.02182292 0.68375918 -7.292627396935002 -7.643397232759148 -0.001617758767955
4.667590614895687e-13 14.93596846689511 0.29980025 0.02192686 0.69099607 -7.395956085861114 -7.448448473798888 -0.09177465750812264
4.580694554165324e-13 14.934159518038893 0.30459935 0.02206468 0.68797343 -7.304328461794339 -7.6111401190062855 -0.020499886094486195
4.4978948953406934e-13 14.932845125579185 0.29760672 0.02225713 0.6872985 -7.282183445295956 -7.647259755852557 -0.0047163168903799875
4.418249621672697e-13 14.930287230902296 0.30008745 0.02190272 0.6898232 -7.347556507520548 -7.452417394230068 -0.1328712238285705
4.3410234147861084e-13 14.928505977071898 0.30512748 0.02208281 0.68539129 -7.30612301010523 -7.591664418719424 -0.032499802077642415
4.2632584603549144e-13 14.926834612415309 0.30468147 0.02197333 0.68602993 -7.290600120511261 -7.628583297991039 -0.009322558569598587
4.183302064597328e-13 14.926765750120646 0.30186895 0.02221695 0.68642078 -7.290080485223208 -7.631607823281948 -0.0051463039101524045
4.1078131277729806e-13 14.923651982689753 0.2962005 0.02222177 0.68957423 -7.310592983475807 -7.524517782773762 -0.091654983871077
4.034988989495012e-13 14.922932657463173 0.30226927 0.02194384 0.68908738 -7.343999014700044 -7.483450401314523 -0.09620256667518615
3.9575101242518684e-13 14.922823605622135 0.29519283 0.02205601 0.67863111 -7.293132065023567 -7.616094270922972 -0.013706321516634208
3.883741718838563e-13 14.92096031096509 0.30209976 0.02186698 0.68316228 -7.53109781209468 -7.388661267761255 -0.003064525766198561
3.811540478054467e-13 14.920748728442394 0.29309976 0.02216683 0.68885782 -7.339599211874929 -7.526035887912371 -0.055325211177787235
3.7385000905677813e-13 14.92005305954264 0.29429424 0.02215015 0.69105736 -7.389525498029612 -7.480281417692839 -0.05094181271994226
3.6671380834372876e-13 14.919689269161665 0.29395026 0.02203877 0.69162786 -7.354467566524042 -7.525561466913213 -0.04002402610538603
3.597963757359299e-13 14.918535068099313 0.29934385 0.02189799 0.689374 -7.35447132569371 -7.564385483332665 -0.0008324601352894056
3.5310974703679363e-13 14.917602582374052 0.29974436 0.02208544 0.69209281 -7.314331577210021 -7.569028732063443 -0.03517475882584896
3.4676304526647805e-13 14.915205486073296 0.2975419 0.02188005 0.68863658 -7.302642094607924 -7.604842440474648 -0.010118047291479776
3.406146013964447e-13 14.9137764879311 0.29390681 0.0220596 0.68020607 -7.336632840886988 -7.53228946577654 -0.04628317940976803
3.3419671550216913e-13 14.913643422936492 0.29169886 0.02202485 0.68534923 -7.520921092089603 -7.389149010457906 -0.003706385383591803
3.278562288142878e-13 14.912480772185306 0.29705826 0.02185488 0.68230822 -7.461355536237598 -7.452232368645805 -5.551805308843387e-05
3.216642810927332e-13 14.912171432635331 0.30164734 0.02200446 0.69036503 -7.421854661762382 -7.426203051806312 -0.06442305861661184
3.161916013900443e-13 14.907201734134723 0.30457721 0.02203246 0.68269515 -7.29369683211234 -7.617903964677709 -0.00057063584528153
3.109265421386485e-13 14.906143639434688 0.30374621 0.02213228 0.68469567 -7.318023715984449 -7.588810980746991 -0.0003670374032830147
3.050282915043395e-13 14.905900522492935 0.29716988 0.02190549 0.68928326 -7.30710065448103 -7.5692560387809475 -0.0297869461727093
2.993165355319009e-13 14.904344716505783 0.29979395 0.0219447 0.6900465 -7.335731261212395 -7.539186404145567 -0.030982857134973046
2.939009589354157e-13 14.902812898320844 0.30304292 0.02208875 0.68840957 -7.307507473927057 -7.583438443372845 -0.013398799205881187
2.8843261359643937e-13 14.902301645851207 0.29409099 0.02202829 0.69074791 -7.290361012063616 -7.601283205391561 -0.011168680865666882
2.829522498515573e-13 14.90157436790165 0.29659023 0.02222106 0.68531329 -7.3590775998950475 -7.543061636028892 -0.00016240992726675868
2.7772003615056325e-13 14.900026084147333 0.30263672 0.02194371 0.68054728 -7.383392910423859 -7.42265921062466 -0.09552224685313025
2.7260292732069933e-13 14.899163268783989 0.30414591 0.02200937 0.68235364 -7.368216788063735 -7.518058149497427 -0.013751146586171466
2.6767096117925404e-13 14.896937458638094 0.29348558 0.02202171 0.68969088 -7.326230666317148 -7.572665747047316 -0.00026685541952329277
2.6272925178899593e-13 14.896825635491421 0.29536474 0.02205574 0.6796597 -7.375687067777107 -7.5212434654369895 -6.925423998669202e-06
2.5759817333422676e-13 14.896778477334411 0.30268508 0.0220969 0.68842783 -7.504066120583592 -7.389740744289627 -0.0030187706182011756
2.5257952377452425e-13 14.896569907896566 0.29857706 0.0220656 0.69165781 -7.2927018400323895 -7.5901014633918304 -0.013975173910191164
2.477151733529307e-13 14.896066381605516 0.29451119 0.0220459 0.6908557 -7.311401621666848 -7.580254865398998 -0.004913420830720942
2.430264060858812e-13 14.895183758951768 0.29949427 0.02189008 0.68075729 -7.353439202036217 -7.541042656959161 -0.0015845226101387645
2.386179509680512e-13 14.893074770324404 0.29874368 0.02209644 0.67904232 -7.409988090607979 -7.4453084461293635 -0.03988722221442609
2.3428141252329575e-13 14.892259020741315 0.2961755 0.02200742 0.67923439 -7.45466844872949 -7.424598809845756 -0.013807511749157286
2.298069069322242e-13 14.892036540093283 0.29910481 0.02199384 0.67848219 -7.497726732218384 -7.3941582659537834 -0.00037402256914890775
2.2539191990752944e-13 14.8914511755745 0.2985222 0.02214137 0.69068993 -7.459883565343423 -7.4305353551869775 -0.0016176195628814238
2.2110133971910185e-13 14.890870496114779 0.29343939 0.02206024 0.68942044 -7.315119998385739 -7.541525693694894 -0.03480548349386699
2.1684172018312035e-13 14.890752759869706 0.29373957 0.0221244 0.68892312 -7.378946867465157 -7.5080975600147495 -0.0038260686348715626
2.1270535083595414e-13 14.88978508956077 0.30189736 0.02192893 0.68106751 -7.3800095804641535 -7.484990561559701 -0.02575261784585078
2.0865430250271194e-13 14.889605381500198 0.29519209 0.02211623 0.68114008 -7.370240282896309 -7.499945544103655 -0.01959926256080381
2.047160564188223e-13 14.888290057655349 0.29373153 0.02197357 0.68816245 -7.476014788292512 -7.391711194767992 -0.021879398439693887
2.0093746607625033e-13 14.887260325014475 0.29771722 0.02206078 0.67899036 -7.388483918185496 -7.494711789785957 -0.005094349683895003
1.9715610373974122e-13 14.886680473798954 0.2943719 0.02209629 0.68176049 -7.474073955892289 -7.40925670198272 -0.003929667139467089
1.9338832753461583e-13 14.886246218575154 0.29542841 0.02216476 0.68905879 -7.478823345581906 -7.3941035025893695 -0.013753625627678477
1.8964277617445493e-13 14.886191272976811 0.30113517 0.02189546 0.68365587 -7.357139219269264 -7.479592683841691 -0.049514315464199064
1.859400728672353e-13 14.886076454914408 0.30115092 0.02191597 0.68120324 -7.3450642942957725 -7.504476602304369 -0.03665037637666902
1.823595725956779e-13 14.885474148402562 0.30281369 0.0220757 0.68759563 -7.37836054624417 -7.4821455725970365 -0.025570336073202075
1.788428217006677e-13 14.885417275573028 0.29913906 0.0221352 0.68034225 -7.295480084137496 -7.582663660923765 -0.007330403341301866
1.7566972896301145e-13 14.881675666682666 0.29521637 0.02192301 0.68707826 -7.422977017107268 -7.431082698190451 -0.03135756027530801
1.726236950918126e-13 14.88079199560186 0.2989732 0.02217556 0.68240044 -7.380440291864759 -7.47900628881597 -0.02222908600193738
1.693458562152575e-13 14.880412137525516 0.29672475 0.0221807 0.68336259 -7.3909080109008 -7.4327018022498565 -0.057182182451203406
1.6605885681643027e-13 14.880388356183037 0.29338174 0.02200967 0.68351926 -7.409776401311711 -7.409614212400942 -0.06102152381286351
1.6286789152704267e-13 14.879612820936492 0.30017383 0.02218636 0.68472454 -7.463375525939462 -7.416760818746416 -0.00025201149716079
1.5977900850310146e-13 14.879078476834474 0.30295097 0.0220728 0.68207862 -7.344119152577781 -7.470096133792694 -0.06539753456601727
1.5678137827295317e-13 14.877886497761313 0.29675337 0.02189289 0.68516003 -7.342959779598344 -7.529531623929076 -0.006587073307055071
1.539915859563951e-13 14.875383184832351 0.29712189 0.02191102 0.68722554 -7.383122623506203 -7.456586474640903 -0.0381773996142053
1.5118985164765757e-13 14.875002955696528 0.29968225 0.02212899 0.68948446 -7.354073789280902 -7.493246276248818 -0.028063119302633412
1.4829760774207203e-13 14.874408432367332 0.29574806 0.02201286 0.69006451 -7.310889666204696 -7.53604637357087 -0.028066915920961666
1.4557344253639972e-13 14.872479340775493 0.29849679 0.02194741 0.68879524 -7.345343161477015 -7.528944957241201 -0.00012031364911680408
1.4286886576718603e-13 14.87230931871981 0.30279923 0.02198833 0.68268317 -7.325672125532102 -7.534357527643319 -0.012449687600073004
1.401576207684346e-13 14.871193460236103 0.29587391 0.02192519 0.68680925 -7.337261257740226 -7.532677663064969 -0.0023703979146149387
1.3748800460746794e-13 14.871165708735564 0.30312116 0.02205551 0.68454871 -7.374635337424473 -7.475318695978141 -0.02123942683348986
1.347999369996605e-13 14.871078093302557 0.30255362 0.02198076 0.68240259 -7.314243015660252 -7.553943352896721 -0.0029793401785906063
1.3487105908665517e-13 14.87011099457733 0.29528846 0.02203568 0.68977457 -7.343561115698905 -7.5238785174681295 -0.003638460135522724
1.3494503296250293e-13 14.86998120741745 0.30054614 0.02215881 0.68348533 -7.352734079214501 -7.516796020081154 -0.000580895281674652
1.3497597016595677e-13 14.86965255428958 0.30071876 0.02206624 0.68021794 -7.354356323927277 -7.470095722386313 -0.04552916110385955
1.3500538242475508e-13 14.8695454160189 0.30213646 0.02205506 0.68752943 -7.40061655515729 -7.463983468858893 -0.005052530273396658
1.350921522693361e-13 14.86836788304096 0.29385198 0.02204753 0.68354698 -7.301067746471546 -7.565573001456882 -0.002904668090470839
1.351862136605178e-13 14.86815301396726 0.29844377 0.02214183 0.68921471 -7.454459372604107 -7.412117003650074 -0.0017915067867805225
1.35317228777185e-13 14.86643126015507 0.29825602 0.02217928 0.68671255 -7.323450274308875 -7.509628028261116 -0.03507471139727049
1.3557083324403897e-13 14.864408508478562 0.30045161 0.02193387 0.68625883 -7.345674711212394 -7.460809760094058 -0.05994678884861903
1.3580517662716316e-13 14.862976598682424 0.29736926 0.02194068 0.68142342 -7.325711843125173 -7.5211674688338475 -0.017529196519540262
1.359298411473838e-13 14.862572946981379 0.29541059 0.02197692 0.68816393 -7.432315540803562 -7.415794615813914 -0.01486644206494816
1.3600597901669847e-13 14.861856747350522 0.30137963 0.02202035 0.68094374 -7.3658993664761105 -7.492288330564946 -0.004385249940321705
1.3607208353307386e-13 14.861600988753956 0.30062293 0.02207456 0.68869735 -7.379201843446744 -7.482654611325275 -2.9257850389043736e-07
1.3617003824044066e-13 14.86041785162125 0.29589859 0.0221242 0.6828836 -7.307050466069015 -7.547516304274195 -0.007034218410745953
1.364732863283477e-13 14.857154291599237 0.29842255 0.0219341 0.6869102 -7.4309932090610715 -7.403766191056304 -0.02565845150387402
1.3672678413944497e-13 14.856703704996228 0.29848564 0.02216459 0.684735 -7.341829538591628 -7.49788819100905 -0.017436561998557296
1.3677487646918398e-13 14.856450899770689 0.30052015 0.02197106 0.68134552 -7.365026846730667 -7.442273974690762 -0.04940288357479985
1.3697586330836977e-13 14.853768700977149 0.29558539 0.02201475 0.68206752 -7.385016970999333 -7.46577451977023 -0.005659409001125973
1.3719976913888203e-13 14.853182582000395 0.29716513 0.02215309 0.68693153 -7.450937594743114 -7.4027659283074625 -6.517792657297678e-05
1.3727199365306585e-13 14.85271610925658 0.29638661 0.02214515 0.68680575 -7.356572849652751 -7.454757651873663 -0.04185208047398228
1.374005981076752e-13 14.851310181616352 0.29847636 0.02215355 0.68655505 -7.367859373650395 -7.447847887134019 -0.03700884847216553
1.3752052588876294e-13 14.850970739227792 0.29630776 0.02214397 0.68564584 -7.344668423337823 -7.4644963928861525 -0.04214536539237479
1.3755858659959753e-13 14.850756713137727 0.29541301 0.02202 0.6881388 -7.38301806738843 -7.4316368574436815 -0.03631581439567957
1.378584625583218e-13 14.846619777371135 0.29838894 0.02195936 0.68197396 -7.366124556947005 -7.484632156173272 -1.74505861053032e-11
1.3830566713126996e-13 14.844276427963901 0.29608752 0.02209104 0.68800736 -7.406477016402966 -7.431454382077085 -0.008688378891083901
1.3848213126888192e-13 14.844068242833506 0.30035761 0.02211168 0.68621535 -7.358959698149168 -7.473391936611696 -0.01192479320303659
1.384965559200704e-13 14.844068102888386 0.29552516 0.02198519 0.68423883 -7.327075736111861 -7.497129742664912 -0.019862764056734605
1.3849758967530552e-13 14.844053314699183 0.29615721 0.02212342 0.68639428 -7.414832181575977 -7.426373101441285 -0.0028628198711235105
1.3851253659247509e-13 14.843852280868191 0.30022885 0.02198417 0.68212753 -7.375727548094505 -7.443054085541189 -0.02527168106348893
1.3870276169407898e-13 14.841310120329982 0.30071038 0.02210007 0.68474023 -7.377179669615747 -7.4636393193663055 -0.0030332918861379135
1.3890944378853715e-13 14.840872715278058 0.30113465 0.02207423 0.68409327 -7.337726826552535 -7.488434022376465 -0.015149271400982139
1.3903062185603828e-13 14.839566553607524 0.2990888 0.02203955 0.68813273 -7.339988388389289 -7.4939344002286274 -0.006949926660143489
1.3915065211776446e-13 14.839146404079274 0.29671419 0.02196274 0.68451141 -7.324484280077806 -7.514178839927874 -0.0009034336018434903
1.3919181316767137e-13 14.838975000177397 0.30080014 0.02202734 0.68624491 -7.392630636363049 -7.438767946824941 -0.007747820891284209
1.3927218579387766e-13 14.837992124502541 0.29898729 0.02212671 0.68540618 -7.322268425419628 -7.516579331525988 -0.00012724323178241645
1.3941624515355645e-13 14.836907376441488 0.29860457 0.02199982 0.68192906 -7.3507271648601336 -7.460359374136985 -0.02690558550542338
1.3951616845612102e-13 14.836558921352903 0.29707732 0.02199194 0.68718413 -7.403910984393625 -7.432034271839771 -0.0009621202080914976
1.3954167455138913e-13 14.83654174317157 0.30037227 0.0220173 0.68643345 -7.355038833429478 -7.47965995686578 -0.001860131057644667
1.395435399975597e-13 14.836532184720054 0.29665567 0.02201372 0.68755638 -7.32501064711448 -7.511513870800687 -1.722525640139322e-05
1.395654674363853e-13 14.836227517250457 0.30071408 0.02199952 0.68406692 -7.356442123584841 -7.479996913938871 -9.314719634171937e-05
1.396146546915962e-13 14.835827462873537 0.29928128 0.02196386 0.68390475 -7.345230948144505 -7.490005838976716 -0.0009907301292348765
1.3966608951474625e-13 14.835490830023241 0.29858213 0.02208026 0.68243318 -7.365200440298368 -7.463179430236509 -0.007447592338658236
1.3984856707518828e-13 14.83321737759458 0.29942026 0.0219929 0.68637493 -7.3961611835242085 -7.430750330787408 -0.008579315711624427
1.4009040176938128e-13 14.832034352361571 0.29647879 0.02207162 0.68375526 -7.335696778039635 -7.495785695335932 -0.0017349042190145257
1.40217565216049e-13 14.831402502598081 0.30027583 0.02206486 0.68376285 -7.4074335655662065 -7.4183046713627405 -0.0062961154326234
1.4032374001338177e-13 14.830520590740548 0.29703005 0.02199417 0.68360745 -7.354253202809505 -7.472393063686143 -0.004756236102434676
1.4054318691217554e-13 14.828278285194726 0.30007775 0.02205353 0.68384861 -7.401272056567124 -7.42767237710784 -0.0015761570655831623
1.4091688661743526e-13 14.825210809575323 0.29882584 0.02208866 0.68511825 -7.355666913068215 -7.469954166698213 -0.0026572054282968127
1.4118348184657178e-13 14.824495912293205 0.29832299 0.02201227 0.6862578 -7.356018479431172 -7.458054410969619 -0.011137919174531942
1.4134496287337652e-13 14.822925071623683 0.29930233 0.02203326 0.6856398 -7.349527475684225 -7.474827250739512 -0.00014118586946814895
