1.3725499695136866e-15 29.597133280227368 0.10404656 0.02455018 0.7274102 0.99934127 -6.88301632948828 -2.6441345951080484
1.9044140881517263e-14 27.020520857504664 0.31816995 0.02494684 0.58631784 0.89981586 -14.469924899410692 -15.127208380816674
4.008513519643942e-14 26.75035163643773 0.13459603 0.02463558 0.63422415 0.92770167 -6.778553721220424 -20.24196713628424
4.791373140070049e-14 26.61079493356925 0.28504987 0.02496665 0.43236936 0.68112907 -10.584788155445647 -16.165563480992084
3.957224805452635e-13 23.919472134921044 0.4511083 0.02435928 0.45638861 0.7509756 -6.093912494737407 -20.516882438831843
7.559747953048639e-13 23.841891361241807 0.49295834 0.02032506 0.60292873 0.96094469 -10.988838114593502 -12.93063402032754
2.082955762161224e-12 22.35777420370424 0.25858261 0.02464287 0.77647087 0.96004104 -17.05353314075585 -6.788358220485955
5.01830059640576e-12 21.657400689594756 0.1832543 0.02448862 0.7258268 0.83332806 -6.101975883659026 -16.255798320045212
3.637226318886623e-11 19.34856429185736 0.25077201 0.02438427 0.60603338 0.97089011 -7.2573981604575835 -14.400002529137172
1.3317563245086822e-10 18.215282611627913 0.38735907 0.02008502 0.55635179 0.91012772 -6.140249061360095 -13.208315230497266
2.1223378969920368e-10 18.07649084015657 0.46989159 0.02035029 0.63115329 0.72027382 -9.368026824950777 -8.847255786677138
2.334757684054634e-10 17.982302762584144 0.3089183 0.02421009 0.80972342 0.94177387 -11.488719483807317 -6.5877713563492515
2.511031109390879e-10 17.891173266327307 0.49179371 0.02301937 0.49154209 0.89107678 -6.6484759937798685 -11.333826768804276
3.0387205111686985e-10 17.582813745142268 0.48687167 0.02087587 0.7552641 0.85414441 -15.531183651973134 -2.359989614354174
4.3422449104489286e-10 17.158630036538163 0.16332418 0.024017 0.45486301 0.76387501 -14.489649065223986 -3.0931646799182815
5.657708409789596e-10 16.977495141367072 0.32874079 0.02408786 0.49755933 0.82216138 -7.7351662858380115 -9.42346375070015
7.409805090136999e-10 16.60563562214621 0.4216508 0.02346401 0.47224649 0.9533976 -6.873384231606624 -10.104110909760449
9.063438506774585e-10 16.503248150466174 0.45292108 0.02057818 0.60757593 0.79453843 -11.678463711356427 -4.927171910789783
1.4254638640559389e-09 15.784280650620168 0.42205517 0.02031926 0.41854737 0.65049642 -11.591031027675669 -4.912217122790504
2.012712931976663e-09 15.651534983998001 0.49778073 0.02288145 0.61623945 0.78292383 -8.949393283265982 -6.8348873673541855
2.1860356009137615e-09 15.576469362862209 0.35763719 0.02391661 0.41547309 0.59014125 -13.898012761218821 -1.7535222227791805
2.247537270916656e-09 15.555144246131439 0.18590468 0.02396541 0.55669432 0.56689163 -7.076592083715359 -8.49987727914685
2.2790513386810056e-09 15.50942453505784 0.22482184 0.0200394 0.63463791 0.84298428 -6.612291449025609 -8.94285279710583
2.6313456532924695e-09 15.244976729794132 0.26894346 0.02399398 0.67761185 0.8794072 -6.24013800852121 -9.26928652653663
3.551583812921719e-09 14.884840986210797 0.48667388 0.02324479 0.60030704 0.65262791 -6.037546383020361 -9.207430346773771
5.037749836395791e-09 14.509081988424157 0.46623007 0.02147257 0.42349826 0.89428868 -11.340173126282716 -3.5446678599280816
5.90985597006594e-09 14.490901510774918 0.18042767 0.0236719 0.70852665 0.98107706 -13.800962840367543 -0.7081191480566144
8.75366607571171e-09 13.800546037338613 0.19699582 0.02373829 0.40890251 0.83234395 -8.04297532077542 -6.447926189999499
1.1687489197401021e-08 13.756827100180635 0.26527735 0.02020614 0.41556749 0.7995265 -6.823921611766793 -6.97662442557182
1.2250177020724836e-08 13.668375436880567 0.42691705 0.02093458 0.64389844 0.85275362 -5.982486678103469 -7.774340422077166
1.467778852953099e-08 13.37510226903486 0.37197297 0.02063998 0.58200372 0.94637757 -10.884495098839938 -2.783880338040629
1.6940247247549966e-08 13.321352841162357 0.1159646 0.02280521 0.6921478 0.90564064 -8.874996651095655 -4.500105617939205
1.7345385002782676e-08 13.287788101180407 0.11918135 0.02260251 0.82006923 0.97459808 -11.864459715183342 -1.4568931259790152
1.7915496523275903e-08 13.218003982801331 0.46054692 0.02267781 0.71937077 0.80975914 -12.485989461526414 -0.8017986396539937
1.902394495622068e-08 13.128885735202697 0.19015757 0.02369097 0.50820298 0.52829599 -12.195533958620754 -1.0224700241805782
2.004080028974709e-08 13.073049658083663 0.13874019 0.02070746 0.70136571 0.78286023 -6.531222701689105 -6.597663033513593
2.3090474431129383e-08 12.821037000278888 0.47210086 0.02147621 0.56993363 0.75954925 -9.002238909006872 -4.0708107490767915
3.363899342682678e-08 12.32578032956885 0.27424156 0.02364978 0.59271285 0.85708444 -12.122284415564875 -0.6987525847140135
4.5989373956709406e-08 12.107200274466262 0.46520102 0.02285874 0.4238755 0.64820432 -6.049337926409773 -6.276442403159078
6.157434971627565e-08 11.726584925940433 0.28623795 0.02048985 0.41784094 0.55079302 -10.444895780553454 -1.6623044939128075
7.509247148392622e-08 11.636665384765042 0.21706726 0.0205045 0.84721132 0.66063644 -6.194108870480756 -5.532476055459678
7.802532509086461e-08 11.608530561645171 0.10403893 0.02158136 0.87453168 0.77657326 -6.20960212082891 -5.427063263936131
8.941989519251672e-08 11.3419559129406 0.4251965 0.02316235 0.85128812 0.51896272 -11.153891544543145 -0.454639017102026
1.1701846024793428e-07 11.036474686409306 0.11297975 0.02206093 0.70214258 0.81994481 -8.258402484534345 -3.0835534284062542
1.3513256620452138e-07 10.991761752936704 0.23657255 0.02060299 0.68125049 0.95883988 -11.032516470321895 -0.003958216087411096
1.4441615825246114e-07 10.867350977272864 0.22704541 0.02343092 0.64793591 0.80004095 -6.247131625012827 -4.744630127923878
1.6303852578450988e-07 10.711760657278605 0.31458561 0.02330696 0.81798775 0.94833155 -6.163447824357021 -4.703903152915843
1.8098423332629017e-07 10.615183813813744 0.29186619 0.02064607 0.76626836 0.74694444 -6.798097499561635 -3.9136631577169703
1.8984963187560978e-07 10.574591582924395 0.30536488 0.02067705 0.68845107 0.72286242 -6.154674891835051 -4.460508921978692
1.91884648124626e-07 10.553949075950449 0.38309113 0.02108051 0.53041518 0.79538501 -6.312993660289843 -4.261597922634552
1.9682907058816084e-07 10.485179309924014 0.29727399 0.02072508 0.69521721 0.99990555 -8.468332078795973 -2.085616997154477
2.1816162917239267e-07 10.314624168532449 0.16676754 0.023073 0.56016782 0.78617726 -6.52292490971244 -3.9622544002115743
2.3248238913358396e-07 10.311157053336355 0.2807344 0.0207036 0.89793842 0.96443074 -7.694557693500771 -2.620066475031677
2.3004210119825218e-07 10.29617628532095 0.366795 0.02289381 0.47938906 0.91989361 -6.216378646636518 -4.094778406699836
2.2776861728584026e-07 10.29136560640086 0.34866923 0.02083954 0.466475 0.64988041 -8.49197690596934 -1.804199379351611
2.411129910511157e-07 10.1478399560436 0.34591267 0.02106675 0.73969595 0.99831125 -6.998617159964565 -3.2927484464362955
2.6659276018544184e-07 10.048183517361167 0.47402137 0.02200717 0.53672548 0.5814697 -8.000645663184866 -2.147194292858733
2.943775630326086e-07 9.912097330810532 0.31850997 0.02322807 0.4595878 0.60092412 -10.047794710929175 -0.0003888064319927867
3.1003811906838827e-07 9.900322463638014 0.45324277 0.02251737 0.79163425 0.57126012 -6.463542588538946 -3.4485547422715865
3.2554875217488676e-07 9.77852955863658 0.14451984 0.02293093 0.80453308 0.63140805 -9.31577412145462 -0.5845483421833945
3.402481688197983e-07 9.768709164901969 0.1818211 0.02308259 0.72465337 0.77241967 -7.8177803845202325 -1.9607491741163465
3.3747682490288534e-07 9.755301969294246 0.4051994 0.02130649 0.73718893 0.67370387 -7.100731589375816 -2.6679775755261526
3.387864962873286e-07 9.721596447513837 0.4479756 0.02204384 0.8235905 0.63843267 -8.552348923066344 -1.2029530462279023
3.459519338895035e-07 9.674116756911387 0.21149524 0.02082828 0.64528884 0.72347176 -9.720253053810879 -0.001343393702958476
3.5189909837545977e-07 9.647515297490663 0.31371582 0.0231203 0.8158508 0.95282391 -6.318284850672435 -3.355831906238952
3.551772125701467e-07 9.616037553791418 0.36140148 0.02118811 0.74967589 0.85959454 -6.786784252181734 -2.86073104530893
3.6167742177246563e-07 9.571878097380068 0.44341654 0.02251286 0.46739107 0.56593835 -7.980782898205851 -1.635254655585567
3.70702446031215e-07 9.527150924596327 0.32247231 0.02307783 0.65763535 0.89817707 -8.997889358885063 -0.5739887384950052
4.0324811847628167e-07 9.369662335812599 0.17280075 0.02305446 0.84926754 0.55955877 -6.88301632948828 -2.6441345951080484
4.3271291677344056e-07 9.34051883741309 0.28696682 0.02084974 0.61861997 0.73708762 -6.841063977562694 -2.5285983582499054
4.445273425635456e-07 9.276979751409852 0.18816721 0.02099642 0.60253687 0.72657776 -6.104452091199231 -3.2360667462138597
4.853667374458141e-07 9.129547224307808 0.12571061 0.02150682 0.48271167 0.62322677 -6.801265715857384 -2.4757140355524685
5.124323728634025e-07 9.123426724766121 0.46208807 0.02214736 0.86225537 0.51209723 -8.507258030597335 -0.6222891937104743
5.06407482593656e-07 9.113610892430968 0.37165715 0.02210174 0.64527979 0.98419041 -9.085096442940845 -0.03833028182527596
5.100525777855814e-07 9.069930014824683 0.24288496 0.02315447 0.51246848 0.63864963 -9.097823234643808 -0.015787657787158554
5.325782944132289e-07 8.988743809749321 0.14320885 0.02249783 0.85579955 0.73660567 -6.028773079777938 -3.0411569350467453
5.465726043012552e-07 8.976838380194245 0.38626571 0.0220347 0.51196806 0.85960795 -8.449241151612227 -0.5395026581370946
5.421928657798736e-07 8.96522756905167 0.37553872 0.02236715 0.76339448 0.88725736 -8.976327528183255 -0.0005108520109906879
5.428500563651997e-07 8.935005037827047 0.37898349 0.02242817 0.58435002 0.83756451 -8.680460836479629 -0.28476673257204227
5.499216293470017e-07 8.89981821797259 0.44908464 0.02183348 0.72230036 0.51933815 -8.541336366687519 -0.3936686711395283
5.548215504885403e-07 8.877473578429102 0.39296513 0.02139044 0.51553382 0.61971487 -8.817613972069017 -0.0822042459035746
5.591737526558449e-07 8.844728747040232 0.4231907 0.02218684 0.57497999 0.61953168 -7.940929130011423 -0.9365444484176793
5.754234643243473e-07 8.78131352997518 0.37698966 0.02256722 0.61515365 0.75906571 -8.778954299310286 -0.0657744477299473
6.002917584393626e-07 8.720425829985302 0.15875549 0.02196866 0.67817695 0.89900381 -8.073721165313483 -0.7075923646616962
6.477244002067071e-07 8.592754805632131 0.16085593 0.0214082 0.7481016 0.73879701 -8.714197692311352 -0.0062281376739504336
6.86236901241234e-07 8.561477706334433 0.36497796 0.0216432 0.51021167 0.88290255 -7.708316751885214 -0.8844380537469181
6.944580263059808e-07 8.529345470048266 0.2757668 0.0209962 0.59813377 0.64610288 -8.225988870304056 -0.33548883603037766
7.328568526268308e-07 8.417123778967568 0.19709054 0.02113036 0.50096466 0.69628108 -6.052595621882743 -2.4767498481655226
7.81285313399761e-07 8.35944501760098 0.3698235 0.02149236 0.49620143 0.72166455 -6.546943269878551 -1.870180509089016
7.934722435838881e-07 8.345777314041428 0.19234027 0.02118454 0.78963979 0.72583675 -7.701598251702698 -0.6578467658982811
7.855250224366643e-07 8.339934091662753 0.36738385 0.02209118 0.49126569 0.88416013 -6.6964689733043565 -1.649308340737071
7.782502642539058e-07 8.324828892354901 0.16080592 0.02257451 0.722029 0.7130836 -8.327961946695096 -0.011972144967657089
8.108935720923764e-07 8.220798808945348 0.32149725 0.02278188 0.50638886 0.89407191 -7.598266048539838 -0.7265628438150641
8.569259009104235e-07 8.17266908117324 0.27098525 0.02297947 0.6130719 0.7315771 -6.849190105824467 -1.3716087031208812
9.194271303336145e-07 8.043954797929452 0.35504339 0.02222775 0.73908065 0.90446552 -5.9973635352393195 -2.1753055459339192
9.624255765120286e-07 8.037523285175885 0.14108577 0.02249599 0.57857262 0.52672071 -7.941971867261072 -0.10198293066837885
9.47479955355024e-07 8.035642004336692 0.27888827 0.02291973 0.65894637 0.58049568 -7.502156149815059 -0.5353671353608264
9.504098212723678e-07 7.992213613120467 0.22823733 0.02286869 0.50476648 0.91231508 -6.122793382535122 -1.9128486218015697
9.636396437939404e-07 7.968062834292241 0.31351764 0.02271732 0.78497059 0.96841532 -6.2902582981343915 -1.7019553149860756
9.917437287639382e-07 7.896256652659191 0.23751459 0.0228809 0.86562862 0.89755723 -6.819065621968286 -1.1489972123239554
1.0369655664795742e-06 7.838815061778082 0.19452255 0.02128201 0.7049485 0.66227027 -6.144978178771662 -1.7512784738875282
1.0516708509749444e-06 7.827694618663589 0.22914779 0.02117048 0.63505649 0.77854646 -6.551873354518671 -1.2869417072594111
1.0415266222484885e-06 7.818584924275701 0.3168627 0.02264254 0.6138082 0.96650655 -6.122386104369992 -1.705308514293597
1.0405484823711732e-06 7.790149911807038 0.17031749 0.02160211 0.87736564 0.74265158 -6.902806539430189 -0.9157783848455112
1.0640707024394186e-06 7.73483463186683 0.36489589 0.02240976 0.40472032 0.65879349 -7.3775043877014745 -0.4126455241055635
1.0892705395212095e-06 7.7032169112506965 0.34461884 0.02173957 0.45122858 0.88994198 -7.3758787879886745 -0.3589558438781558
1.085046742384701e-06 7.702749873763344 0.35941287 0.02247295 0.74852222 0.64586672 -7.517387404502639 -0.18582950674805734
1.066479077589108e-06 7.698137771378797 0.32600998 0.021465 0.43459543 0.89492011 -7.217958379399669 -0.48479149436367486
1.0682223116529895e-06 7.660232021383924 0.280889 0.02123009 0.523408 0.53423402 -6.970302926431498 -0.7278348449472992
1.0801407638308906e-06 7.636127591846279 0.17463076 0.02239938 0.89554226 0.76087331 -6.18585247563524 -1.4743795457486832
1.0725569751762388e-06 7.634573868754937 0.13979381 0.02180664 0.64926806 0.52426613 -7.296036488443556 -0.3400911034027231
1.0671447818787438e-06 7.606831813762237 0.33417826 0.02227002 0.8234664 0.97419599 -7.52700665876226 -0.10756720999267703
1.0842556193542385e-06 7.563432977315486 0.27560842 0.02124863 0.54927718 0.9549424 -7.459119084695642 -0.14771272906659497
1.0880862217502665e-06 7.559705790753637 0.31515161 0.02271429 0.49719257 0.61759364 -6.157435481040845 -1.4059974962746409
1.0766634588095386e-06 7.544985469416947 0.13670074 0.02199097 0.81486532 0.50597879 -6.420658894037309 -1.1390468967163285
1.0677329814463043e-06 7.536721791175404 0.18570132 0.02138726 0.78642276 0.52111841 -7.542993613309304 -0.0019918561076424316
1.053323828913592e-06 7.532541463958118 0.18246327 0.02255383 0.52311476 0.68687225 -6.5906874528948 -0.9460343382806043
1.0371658749827127e-06 7.528034930333506 0.30330851 0.02265399 0.66936437 0.96715454 -6.859170659561413 -0.6733708043967046
1.0583789159050392e-06 7.453814890074906 0.25387705 0.02123778 0.47858199 0.63842468 -6.578262063650218 -0.949772866683288
1.0870311043325382e-06 7.433730067105529 0.20203087 0.02138492 0.63485411 0.72002863 -6.007992835130676 -1.4458220549442296
1.088936318472588e-06 7.4107386503465325 0.26635698 0.02126238 0.56573689 0.60072299 -6.480675220697747 -0.9530548464077817
1.0830808214467936e-06 7.404785070504885 0.20969694 0.02254284 0.40997558 0.94126496 -6.054448003206207 -1.356290647140326
1.0735079571249337e-06 7.388942960902846 0.36000927 0.02201894 0.88536036 0.70799316 -6.758843255438645 -0.6459418150662397
1.0824396937546906e-06 7.348945557753979 0.19313964 0.02178119 0.74445936 0.91935242 -7.38894032809588 -2.6328069660073117e-06
1.0866191058713143e-06 7.341245270543316 0.26408733 0.02277994 0.87037687 0.78842675 -7.2141858396678105 -0.13475971808616777
1.0932489246433291e-06 7.297635319815477 0.15909666 0.02199725 0.51051296 0.61483294 -5.9766101937677485 -1.3646350767755682
1.1366071989325413e-06 7.224706445439111 0.28506191 0.02134869 0.62473623 0.87829676 -7.296412765181277 -0.0012225546341998426
1.1896356156373613e-06 7.166353118964745 0.33282141 0.02198913 0.56646702 0.89567012 -6.1598112666590294 -1.0648951787800813
1.2146962835551684e-06 7.1426959099913585 0.36299329 0.02211974 0.60118244 0.5551983 -7.1641009319993865 -0.0022521869653578707
1.2174363610633367e-06 7.122206441944269 0.22636453 0.02266784 0.57729186 0.73840792 -7.11919126519895 -0.023504644792408443
1.2122309425717094e-06 7.1115836897687235 0.25789632 0.02133906 0.76480348 0.62910157 -6.130481052055581 -0.9917253898886884
1.1970435063981853e-06 7.107791859379066 0.21751251 0.02244069 0.70862575 0.99502069 -6.015930679175558 -1.095653010593166
1.1952237760731395e-06 7.075281743847785 0.28263336 0.02266134 0.8686821 0.62859822 -6.689598030669976 -0.4181938287090904
1.1942674440688193e-06 7.069531552221289 0.31694429 0.0216436 0.60528303 0.89305295 -6.103347196988315 -0.9719345468594698
1.1839638767044875e-06 7.053065908559559 0.16725882 0.02227632 0.54381384 0.52285439 -6.734763651892662 -0.33476790032862724
1.1773659441708233e-06 7.041071155085241 0.33851081 0.02167769 0.45881956 0.61298722 -6.897816012363188 -0.15524989619637128
1.1623818109471077e-06 7.039042728845155 0.32057107 0.02250096 0.46187353 0.56716161 -6.764190807856548 -0.27688034722869304
1.1418336230237772e-06 7.037137327122105 0.30523937 0.02154142 0.6832198 0.90102397 -6.492448524287956 -0.5465942045571991
1.1237142492889865e-06 7.031436529296712 0.28576308 0.02263383 0.75296678 0.84837462 -6.495940151600062 -0.5411971755220428
1.1122970336316645e-06 7.017993557409632 0.23426811 0.02265481 0.56734936 0.64312951 -6.141110933120975 -0.8903255961757369
1.115343176185057e-06 6.986563327042538 0.33783121 0.02231848 0.83990879 0.63784967 -6.065766271203608 -0.952227286206024
1.1172763829586352e-06 6.974712888439092 0.20242598 0.02207066 0.74194732 0.94085528 -6.776040547445624 -0.21052277959691384
1.1084461645387373e-06 6.962827758099672 0.25537569 0.0226647 0.56839017 0.68567126 -6.968648128753525 -0.006064759685567042
1.1306505348448338e-06 6.896503875271006 0.28780715 0.02150315 0.59838907 0.50236441 -5.980706120795859 -0.9821216373038123
1.1556259898804972e-06 6.878505934811818 0.32971204 0.02168201 0.87401176 0.5588546 -6.265268780464646 -0.6312350948063605
1.1437298796503373e-06 6.877512754597049 0.21180651 0.02252757 0.89038729 0.64324885 -6.6085729458583815 -0.2699329889534367
1.13298308409056e-06 6.857878199309127 0.26130645 0.02143206 0.80376039 0.60458947 -6.268753787237177 -0.6087589673598722
1.131993373058806e-06 6.839642112506372 0.33712088 0.02221438 0.57528934 0.62396051 -6.0410634187147 -0.816814780594427
1.1304959969339888e-06 6.820924698898607 0.31314553 0.02189618 0.45643765 0.95727831 -6.750359224031182 -0.08928288847519034
1.1235251477646698e-06 6.812338257395749 0.21424434 0.02188372 0.73040162 0.99197187 -6.784696441551789 -0.03622825734681796
1.119904719189934e-06 6.787905422303263 0.24004085 0.02144975 0.88783571 0.68979432 -6.768451006279338 -0.04388725111641137
1.115619345575238e-06 6.780266139194321 0.26581102 0.02143919 0.51780572 0.71250266 -6.019517805188882 -0.7683876171143806
1.1183303510772827e-06 6.7437644578321665 0.24894236 0.022579 0.5564451 0.65135282 -5.983137292920972 -0.7971288462733486
1.1295412326719157e-06 6.720513466121226 0.33735216 0.02193918 0.86240096 0.51223342 -6.005398213406315 -0.7383662444258514
1.1213872556282295e-06 6.718515095615588 0.27568828 0.02254911 0.64415648 0.85441907 -6.7050806275239525 -0.015432838597272838
1.105027123700871e-06 6.71031733182615 0.29948522 0.02236558 0.58051907 0.92557632 -6.056978737281268 -0.6615363583343201
1.1136161596374565e-06 6.66394530204874 0.27723578 0.02253681 0.57613277 0.71211904 -6.428125716941771 -0.28219161488437927
1.1212322300855975e-06 6.656556653515213 0.2567216 0.02148379 0.56338048 0.81053362 -6.032827815403926 -0.6311174866448139
1.107227621377188e-06 6.649476996485248 0.29787509 0.02159178 0.69879804 0.7196712 -5.977153755792809 -0.6794028977224037
1.0923807892476544e-06 6.643945972575272 0.27788665 0.02157315 0.54532502 0.95164019 -6.216174061479601 -0.4333029350056475
1.07564762720971e-06 6.640739864709617 0.31448469 0.02171416 0.89815243 0.57600686 -6.172123706013648 -0.4718222665616244
1.0565041187343726e-06 6.640253142550717 0.19804568 0.02220828 0.70822406 0.71749292 -6.41971024277025 -0.2210296219393661
1.0425260033646663e-06 6.627810930566667 0.3087174 0.02221784 0.86986947 0.88306367 -6.556488895568911 -0.08376424698180648
1.0389629966049884e-06 6.607558763076916 0.28651903 0.02242899 0.84951589 0.53769796 -6.535322113064031 -0.09248881750263543
1.0499485007334558e-06 6.567468875040278 0.29394312 0.02239679 0.80178825 0.83878242 -6.212295286034695 -0.395263477042222
1.0534166668364713e-06 6.5609668370330185 0.21077669 0.02236591 0.77681936 0.62496169 -6.2320012374511835 -0.33546763758909515
1.0517664560116466e-06 6.5312099319367025 0.23949411 0.02247926 0.50947046 0.7833385 -6.2782278469989885 -0.28273899003403025
1.0568105867601014e-06 6.511666898780744 0.2531272 0.02246117 0.58397975 0.58917865 -6.03281207979108 -0.4983978521456226
1.0553040255556873e-06 6.494436597494253 0.30373596 0.02226916 0.82895486 0.80768463 -6.051761355120884 -0.45990554365986036
1.043897673854941e-06 6.493722412176256 0.19797113 0.02188092 0.85394055 0.61076496 -6.34774242007247 -0.1466941774217819
1.0243841765457906e-06 6.492571231575214 0.28694618 0.02234387 0.42668106 0.93165998 -6.448015076849745 -0.04570733532651088
1.0208761231466675e-06 6.4612233403712365 0.2714322 0.02165238 0.84787736 0.9653795 -6.2447101987370885 -0.24786103283812558
1.0185768836870752e-06 6.457233817273705 0.2944414 0.02224539 0.45041382 0.92140258 -6.141877645607158 -0.31934569476407815
1.0016219534039881e-06 6.455186757425028 0.19747399 0.02193499 0.6016581 0.53708072 -6.337189911982846 -0.12004390529085943
1.0051040531662631e-06 6.41117095923237 0.24986376 0.02159094 0.47316776 0.73577833 -6.438110894381661 -0.017075863043366994
1.0072797524908945e-06 6.410772611272858 0.24940219 0.02239285 0.89550599 0.92259879 -5.976169170394687 -0.4350017888376825
9.911224539805374e-07 6.403918547896159 0.21048281 0.02221166 0.83988594 0.70364834 -6.082285233889243 -0.32848737738361533
9.754008992420608e-07 6.403134820863685 0.29745485 0.02182256 0.5253265 0.51383941 -6.317116004046092 -0.08680254385006665
9.57952871371856e-07 6.400414955655442 0.28202549 0.02224158 0.51258309 0.99806835 -6.311021840104985 -0.09211298075870025
9.484327087129376e-07 6.383574099713201 0.23149817 0.02165844 0.85603588 0.71641718 -6.284395097024985 -0.11601985863045688
9.408189446858288e-07 6.376870289901667 0.27790632 0.02239309 0.81776866 0.67706439 -6.074678887350191 -0.3088952123630094
9.358420069331001e-07 6.354688708010984 0.20453144 0.02198156 0.61298918 0.57357231 -6.047950783828541 -0.32891950607312626
9.281695641783758e-07 6.3536067850336115 0.24377306 0.02163217 0.56934782 0.74734635 -6.351198025163983 -0.003490682847001441
9.149682365213235e-07 6.343757583625593 0.30860099 0.02205933 0.76024203 0.66578639 -5.9981867556605915 -0.35542002937302025
9.034279610464604e-07 6.339368049532355 0.2521022 0.02163383 0.55949397 0.67709366 -6.340101730677743 -0.003655852947850277
8.887774746421519e-07 6.336848058029518 0.27195791 0.02165575 0.73431708 0.66656334 -5.986992085369529 -0.35237596416282674
8.725088558390344e-07 6.336709393075078 0.26299769 0.02240516 0.81382169 0.82475202 -6.023335014093453 -0.3135130439360647
8.568119922098797e-07 6.333553864844999 0.24266855 0.02164673 0.40364661 0.70438033 -5.986172927916688 -0.3505364651583901
8.414937671575371e-07 6.3331815013405315 0.21193165 0.02186503 0.45691045 0.55982105 -6.004325262450313 -0.32922860239468693
8.313635071213705e-07 6.31822742955569 0.30510632 0.02192337 0.54038738 0.65713121 -6.276432526291168 -0.056748975049363985
8.241527588154547e-07 6.31095602536199 0.24426118 0.02238179 0.44446546 0.77538686 -6.2961632010610495 -0.022064228494640677
8.129757578860286e-07 6.305924502979458 0.25143389 0.02234983 0.85200876 0.89996431 -6.001661428240049 -0.3092945971219407
8.022398426541784e-07 6.297947693388715 0.29108467 0.02181757 0.74339609 0.84598077 -6.04886900541109 -0.2570554975683684
7.902620291388384e-07 6.296390039459797 0.21709247 0.02221283 0.51628691 0.62271224 -6.201117479778968 -0.0968302136097474
7.777422107193313e-07 6.290290039391458 0.29343809 0.02212825 0.51852818 0.53155122 -6.208529497874192 -0.08786054158560452
7.649776848786656e-07 6.289872440524146 0.22242927 0.02224973 0.50206167 0.60389303 -6.262599164748143 -0.027690874643315
7.526914582793675e-07 6.28307881838394 0.30138644 0.02211098 0.85415331 0.61886644 -6.165160838320852 -0.1247116022032937
7.43423504408086e-07 6.2750507979847825 0.28491096 0.02178822 0.5380859 0.58911535 -6.263518176530792 -0.019560641853147362
7.321795215910031e-07 6.273938046789878 0.29009803 0.02225351 0.49774888 0.65171597 -6.148104458793445 -0.12694633919133727
7.187747171020702e-07 6.2724013270878585 0.2213792 0.02222959 0.6449926 0.69352318 -6.145096416160504 -0.12884163062937426
7.104789848644695e-07 6.257604163106847 0.29258627 0.02215367 0.8160328 0.57334025 -6.168606221465062 -0.10379510562279616
7.021982079990841e-07 6.25618914933846 0.25192272 0.02171029 0.49339827 0.87988942 -6.215386481722358 -0.04221768138448907
6.905983208095827e-07 6.25131905398447 0.28648206 0.02176641 0.45647001 0.72325262 -6.0295374635164425 -0.22665168582201722
6.80392552947314e-07 6.246360987107138 0.28103611 0.02226715 0.75799942 0.61679988 -6.099365213487214 -0.15195384049725558
6.688428175555865e-07 6.245949364482199 0.23847122 0.02186201 0.42880367 0.93352722 -6.1020281333124595 -0.1443328537946791
6.574787582630179e-07 6.241034976912028 0.26698998 0.02171629 0.6896524 0.87027911 -6.186970636475614 -0.058978728006584394
6.465385818480368e-07 6.239897560007798 0.28167399 0.02196796 0.76172651 0.96911097 -6.02307963684983 -0.21795534006219777
6.352002830472986e-07 6.236816809500431 0.26202657 0.02173127 0.65985271 0.60680792 -6.233498049695329 -0.006399510312469471
6.255991050273717e-07 6.230760296761129 0.22252612 0.02190809 0.44418898 0.7742385 -6.039830323794317 -0.19698648570611435
6.152384078905743e-07 6.230602212538939 0.28720133 0.02182912 0.80400192 0.61339378 -6.201166995761015 -0.02959330100011407
6.033803329768063e-07 6.230079334821466 0.29677606 0.02191161 0.43948323 0.66942059 -6.144506245275136 -0.08609596726380274
5.934084221591866e-07 6.224334802912046 0.26738 0.02232658 0.63558713 0.83424315 -6.202318611858145 -0.027760722963321428
5.850175321571068e-07 6.218955234318539 0.29421811 0.0220039 0.84731738 0.5851512 -6.002239171684897 -0.22209563122714882
5.768983007569345e-07 6.212683787127335 0.23142818 0.02210149 0.56690088 0.50859757 -6.218342755423659 -0.000612478894879336
5.700448114253762e-07 6.203264371270225 0.24224006 0.02173833 0.45028938 0.78448139 -6.196991069257045 -0.01569271787028987
5.627648482537821e-07 6.198767625777147 0.22628172 0.02188708 0.44401318 0.57099013 -6.015787866945585 -0.18747650432463994
5.530336755322694e-07 6.198540012172771 0.24459794 0.02174079 0.43845897 0.65405038 -6.1570172110628585 -0.04175041471428822
5.439059958718076e-07 6.192456541433641 0.23784426 0.0221486 0.64773856 0.52532172 -6.014331776756625 -0.18420823541614584
5.358640453630066e-07 6.188720890274079 0.2925523 0.02190467 0.68805054 0.6947524 -6.153376967878137 -0.039079573555503254
5.272688161915877e-07 6.185190865428699 0.28762545 0.02184764 0.84489263 0.76166 -6.157288852631135 -0.031432037642944825
5.179228443076206e-07 6.18488099279693 0.23229331 0.02188506 0.55964241 0.55243219 -6.11498968813477 -0.0702011772939286
5.086376002719209e-07 6.181769013396681 0.26918576 0.02208903 0.52266537 0.99285851 -6.1418522947813825 -0.04302869801554745
4.994461814987824e-07 6.181745180612598 0.2803283 0.02222476 0.85223267 0.83947624 -6.170508382122549 -0.011260631274132253
4.902296967336574e-07 6.1794167089580005 0.23950284 0.02182726 0.84066537 0.57475708 -6.082674982026978 -0.09907019858561998
4.814513693985871e-07 6.178276539786562 0.24100683 0.02227045 0.61990522 0.80006892 -6.091636298277974 -0.087780410680026
4.7296391327195245e-07 6.175385490342754 0.27703621 0.02178423 0.89518125 0.81512676 -6.030058359655393 -0.14821818013116952
4.644199630606842e-07 6.175128925324689 0.24708338 0.02182911 0.51208881 0.91605551 -6.044038609472837 -0.13134688086991744
4.562697750928784e-07 6.171194068173066 0.2831185 0.02187192 0.4731228 0.60971705 -6.08902466558822 -0.08610425973646874
4.4895680777897674e-07 6.167837736189461 0.24605378 0.02194412 0.48652583 0.51225812 -6.119379045337918 -0.05181502283514836
4.413177174185392e-07 6.165910172059917 0.24743001 0.02208174 0.59933694 0.96864765 -6.15423136994082 -0.01360636624864039
4.3362573160215644e-07 6.163399670864103 0.26705051 0.02185738 0.52614982 0.94878117 -6.156901941972889 -0.009008230087027025
4.2601862718329406e-07 6.1617015054947295 0.25977341 0.02177995 0.60354681 0.61913236 -6.100914123258873 -0.06248554760523057
4.180407935351684e-07 6.161601800102638 0.22514064 0.0219249 0.84468935 0.73132622 -6.025535525974341 -0.1361659795203883
4.1028455421480125e-07 6.159553430000777 0.27423251 0.02219042 0.82595312 0.59114322 -6.140232420882579 -0.021369379220059263
4.032904208454033e-07 6.156386012635023 0.26524739 0.02207771 0.48297794 0.98775774 -6.090929598351944 -0.06862383164883308
3.965641550901896e-07 6.153585863827803 0.23484866 0.02187234 0.43735015 0.58185233 -6.148515682600791 -0.007870330034232362
3.8984815063469097e-07 6.150941596940874 0.23254888 0.02184325 0.47309515 0.64037068 -6.102066823009709 -0.051519040818093886
3.829065220608863e-07 6.1499119548245575 0.24877106 0.02186766 0.52127389 0.9292849 -6.077120800934511 -0.07382079600636374
3.760596542694035e-07 6.147423836765838 0.26313872 0.02220309 0.71457858 0.93023257 -6.095075003448126 -0.05483695137643197
3.7032127286711806e-07 6.141068952374758 0.26670147 0.02217777 0.41978707 0.93329206 -6.068215092872774 -0.07920874389306376
3.642691131027142e-07 6.140764544701489 0.23736088 0.02200394 0.78357649 0.89219824 -6.082251062306798 -0.058817890067960406
3.57428990016915e-07 6.139376562445031 0.25483694 0.02227047 0.69320357 0.83664637 -6.140155114621524 -0.0006094300799655718
3.5134380579972034e-07 6.135505485419047 0.28979201 0.02205224 0.70942231 0.68375747 -5.991141345016086 -0.1482352174289459
3.454035354701734e-07 6.133871921150455 0.23065019 0.02207714 0.75892077 0.80664879 -6.133049402248555 -0.002456083170492336
3.390778140382884e-07 6.132867377082901 0.2486741 0.02178947 0.61333528 0.64921604 -6.126157511915473 -0.007714409234982252
3.3269230999752456e-07 6.13228960202236 0.24367025 0.02187661 0.74089023 0.5711663 -6.007286443901729 -0.12558093318117125
3.2704522688839515e-07 6.127506955401675 0.25586573 0.02194072 0.59551786 0.96446624 -6.083705931713436 -0.048583670308924146
3.214187289235603e-07 6.127386123284575 0.28935908 0.02204043 0.51744188 0.73219454 -6.112654023747858 -0.014852931653816489
3.1516695768828024e-07 6.127186110616612 0.27336504 0.02180365 0.68356423 0.80363688 -6.126399494061174 -0.0009866292234008464
3.090618614464276e-07 6.126903012933355 0.26436701 0.02192664 0.88901516 0.96016159 -6.016581865205309 -0.11060424541130298
3.032855053416112e-07 6.125315130337981 0.27611079 0.02184275 0.77834387 0.65176048 -6.106305170980549 -0.02059784195280617
2.9795378824546615e-07 6.122771190374053 0.2622604 0.02221789 0.66285749 0.61774282 -6.051078283950922 -0.07423684638705864
2.926352131431941e-07 6.121731676911404 0.24532571 0.02178759 0.63815045 0.70329967 -6.030238673354198 -0.09253251701985478
2.874402057102343e-07 6.118991479898703 0.2615031 0.02226622 0.88537644 0.70871614 -5.99409577119708 -0.1276359057143234
2.8227254622068085e-07 6.1184081868222835 0.26799398 0.02194803 0.6293056 0.95052645 -5.975744409777952 -0.143247070120752
2.7716510647940177e-07 6.1159071026434315 0.23878966 0.02220862 0.57670423 0.7687005 -6.106168727268747 -0.012239459553537044
2.7403160036008753e-07 6.101592497659422 0.28055446 0.02208934 0.88656066 0.62921096 -6.031840712979561 -0.08406638966387064
2.70781314132488e-07 6.100114953947412 0.24335181 0.0220625 0.89553392 0.90090003 -6.090232299388776 -0.011360198270645787
2.6568646595115324e-07 6.099975946223962 0.26862011 0.02213371 0.47805888 0.91518113 -6.095846902902199 -0.004268051045212667
2.6052101822638765e-07 6.099776448530887 0.2565059 0.0219924 0.62526717 0.95457123 -6.069422950282618 -0.03055299594134387
2.556277795147757e-07 6.098293515381672 0.2667854 0.02184198 0.60361192 0.87144833 -6.0979765192214845 -0.0017999293094032697
2.5115741362198166e-07 6.095457678024808 0.2832809 0.0220456 0.8999382 0.81372029 -6.023406913489991 -0.07488660189168128
2.472326997720065e-07 6.0901929615903185 0.25889591 0.02199945 0.74644494 0.95019808 -6.09390933614125 -0.0015483418835585646
2.432410615020329e-07 6.088400343925968 0.26562462 0.02199417 0.77657825 0.94166823 -6.089194871109738 -0.000998090480580174
2.387718270085702e-07 6.087676188820397 0.26539336 0.02194968 0.69872087 0.93268763 -6.086824196230784 -0.0015761476951843961
2.34264274266001e-07 6.086912187980501 0.28136433 0.02211879 0.61758719 0.77924218 -6.075992910654766 -0.011683278165630662
2.2985522897251974e-07 6.086071332668991 0.23780264 0.02186552 0.61437699 0.702454 -6.063851954441214 -0.02306023353928716
2.2601855588863053e-07 6.0809783809401114 0.27218379 0.02209462 0.67582885 0.89585986 -6.029680325386699 -0.05639100728229146
2.2224641329902442e-07 6.080120508484658 0.2463713 0.0221684 0.45625082 0.84778453 -6.067820944788368 -0.013157436151743584
2.181380472966141e-07 6.078690711985698 0.2565544 0.02218992 0.51234705 0.634806 -6.028085617859394 -0.052034890625263834
2.14603033829161e-07 6.073198562973879 0.274008 0.02185726 0.41195861 0.74836192 -6.0104657202515055 -0.06822499173419233
2.1111448818152394e-07 6.0718571321206385 0.23287945 0.02207913 0.4716029 0.71401259 -6.010617612079922 -0.06258095089395731
2.0718868151227496e-07 6.071134391815595 0.25260868 0.02222188 0.59025091 0.78552665 -6.063594167594882 -0.008262964525756695
2.032373250428013e-07 6.0707627772981025 0.27443609 0.02189225 0.85471709 0.67122568 -5.974833749659891 -0.09630064215570378
1.993456073013765e-07 6.07019787566329 0.25054973 0.02208585 0.52777763 0.58270236 -6.032198851430696 -0.03856392586740693
1.9578795937283692e-07 6.067175336447392 0.25091411 0.02183409 0.77233781 0.68495995 -6.059951409657092 -0.010246466006197844
1.9225880750757405e-07 6.06696997480971 0.25681733 0.02213279 0.58650479 0.60420899 -5.985506941713751 -0.08166839473364092
1.8855962720243265e-07 6.0664264223146045 0.27813875 0.02213271 0.80680777 0.72593845 -6.036911283464539 -0.030058691345170658
1.8511243047687608e-07 6.0642676289680395 0.24025734 0.02190593 0.41367186 0.79506328 -6.036410694308464 -0.0300157280061402
1.8176732817824502e-07 6.063292080927091 0.24708102 0.02194895 0.49448053 0.88037657 -6.03352104422223 -0.030746584745809456
1.782966125953459e-07 6.063219990265529 0.27130715 0.0220413 0.78428809 0.6092841 -6.051363443974354 -0.01192863695273678
1.7482751397887563e-07 6.062984184706511 0.24515804 0.02200895 0.43699557 0.87962281 -6.06214751370911 -0.0010724765564187708
1.7155108795934454e-07 6.061452792539411 0.25504859 0.02213452 0.5199226 0.89038937 -6.062695753440333 -0.0002884312661775468
1.6832123843925867e-07 6.061391992851246 0.26232688 0.02187436 0.69572276 0.64160018 -6.030462968287607 -0.030989824251803195
1.6502733549794874e-07 6.0613738517182805 0.25125143 0.02209875 0.82568287 0.59565665 -6.011274206752739 -0.05011778609850769
1.618585276072154e-07 6.06056382729736 0.23940466 0.02209605 0.72909305 0.63080841 -6.046721447616813 -0.014652404101467629
1.5887413329783934e-07 6.058989838593966 0.24850282 0.02207077 0.64023459 0.59222778 -6.0468967205281325 -0.013667106769226941
1.559867232432762e-07 6.057641164148086 0.24772874 0.02217386 0.88795202 0.81758482 -6.052898461006469 -0.006091377587496501
1.5305048403738887e-07 6.057390281440179 0.26695984 0.02219979 0.40807419 0.76295754 -6.001704906912263 -0.055936257235822934
1.5017990298100076e-07 6.055904244581588 0.27681659 0.02195194 0.40294001 0.81947758 -5.981011643769581 -0.07637863767059802
1.4738395254284632e-07 6.055370195983283 0.26054943 0.02183328 0.71863377 0.7140735 -6.0449579687570605 -0.010946275824527072
1.4458001223236094e-07 6.054715089018911 0.26540959 0.02187169 0.76240165 0.66452557 -5.972986167610691 -0.08238402837259143
1.418067764948195e-07 6.054500185883598 0.23884095 0.0219059 0.69674853 0.73542446 -6.002738753281539 -0.051976335737371517
1.3904523243488618e-07 6.054442041052608 0.24278787 0.02210821 0.62529034 0.83001412 -6.023739426158349 -0.03076075972524956
1.3638583493816842e-07 6.053517949544704 0.26101681 0.02194801 0.71602983 0.60383832 -6.036054943116956 -0.018387097935652574
1.338826291953646e-07 6.05188599077991 0.23652989 0.02202745 0.43635601 0.77532795 -6.041271406675046 -0.012246542869658053
1.314281723434576e-07 6.050918323488853 0.27874932 0.02195494 0.8008887 0.76273786 -6.051754934644032 -0.000131056135878105
1.2892135790560365e-07 6.050796295099588 0.27780848 0.0219762 0.67642389 0.67947886 -6.040917875117396 -0.010000448371456964
1.264967942594306e-07 6.049284883864815 0.26593612 0.0218665 0.53675572 0.82548807 -6.046263297165174 -0.004532997934414487
1.2412187357741574e-07 6.049096541624893 0.2735417 0.02214146 0.69146699 0.7928074 -5.993610154537469 -0.05567472932734627
1.21821014350104e-07 6.047102738915618 0.27020429 0.02192127 0.40210174 0.85139887 -6.014237756557158 -0.03485878506773476
1.1965771959606334e-07 6.045326165444975 0.27933941 0.02204675 0.63204272 0.73407886 -6.024071941631568 -0.023030797284050646
1.1745086780517786e-07 6.044727246187209 0.25844185 0.02219373 0.57816136 0.70637527 -6.0436350617667065 -0.00169110367826849
1.1518768058681332e-07 6.044635416494624 0.24410118 0.02211306 0.49880643 0.6397708 -5.973406269004992 -0.07132097718221696
1.1309470699595007e-07 6.041798442579868 0.27705774 0.02205886 0.77578658 0.6895474 -6.024172165753018 -0.020463250741606057
1.1109687952137496e-07 6.0406744127857905 0.27610194 0.02209027 0.59129094 0.79082582 -6.038230941235785 -0.0035675013440827955
1.0901408707050063e-07 6.040043963648132 0.2389442 0.02193298 0.86350854 0.71886986 -6.029005114106844 -0.011669298678946874
1.069635425803304e-07 6.039047427504465 0.27069852 0.0219008 0.61636365 0.69430915 -6.022151426093199 -0.01789253755493307
1.0491953511170478e-07 6.039027118385351 0.26646185 0.02198004 0.65697186 0.8879076 -6.005474435314239 -0.03357299219022511
1.029541087027718e-07 6.037263713680198 0.26869296 0.02198856 0.77990301 0.8775928 -6.035254154012899 -0.003772964372451687
1.0104520387142657e-07 6.03685185394322 0.24435534 0.02201691 0.74475331 0.62074649 -6.0349286013364045 -0.0023351123437934792
9.919197028123964e-08 6.034681421433126 0.25001385 0.02217817 0.71357833 0.74348022 -6.036829303581313 -2.2550361907084493e-05
9.736310642261912e-08 6.034464856460728 0.27581994 0.02206064 0.78197672 0.8016139 -5.975563590255683 -0.05911783117744334
9.547955878127115e-08 6.034146529106414 0.27355809 0.02209544 0.87099305 0.68774244 -6.0305625239722565 -0.003902332488471165
9.367132959071565e-08 6.033099888133531 0.25821733 0.02199417 0.82304081 0.61122375 -6.020696756635403 -0.013449772471010266
9.19141950371349e-08 6.032414482744961 0.2536044 0.0219324 0.85537475 0.63099414 -6.031522749408898 -0.0015771387246328844
9.015767554308012e-08 6.032085325732134 0.27329843 0.02200707 0.40497953 0.66040398 -6.014279795592288 -0.01813468715267206
8.851746296069846e-08 6.0295312994195305 0.26436629 0.0220723 0.62871639 0.63104999 -6.031690080147933 -0.0003952455842007938
8.692740689590086e-08 6.028731574842511 0.26077315 0.02192022 0.76069038 0.64705215 -6.023067797523405 -0.006463501896125381
8.526254632290395e-08 6.028602070275437 0.27042422 0.02201812 0.57743717 0.64744222 -6.005207344786176 -0.023524230056335072
8.362987001611714e-08 6.027795525004817 0.25277 0.02205192 0.49556894 0.87812676 -6.028593729710557 -8.340564880442943e-06
8.203135050402059e-08 6.0275951744928 0.27251435 0.0221137 0.50385786 0.78482039 -6.025388545541508 -0.0024069794633085244
8.043427231357068e-08 6.027512541091817 0.25391858 0.02217665 0.5521752 0.76848433 -6.00684853262817 -0.02074664186462976
7.888636579307268e-08 6.0268539238984555 0.26225477 0.02187358 0.65641874 0.80029 -5.969525669062391 -0.057986872029425804
7.738707276334924e-08 6.026284581488629 0.24950156 0.02209215 0.63565537 0.84951688 -5.976195525209052 -0.05065839868940358
7.598811960304586e-08 6.023735694535696 0.26059877 0.02216541 0.63820319 0.79872123 -6.013985000603398 -0.012299580885231169
7.472977573509355e-08 6.020077827923779 0.25809536 0.02207809 0.81282651 0.87365417 -5.973771294195847 -0.04996440033984847
7.346119710025962e-08 6.018370385247573 0.2483548 0.02189313 0.42207441 0.74560041 -6.012104300047968 -0.007973527875810868
7.210993164982831e-08 6.0176030979483315 0.24143822 0.02203038 0.61156688 0.67445593 -5.980334203472774 -0.038036181774799685
7.073448475183846e-08 6.017282144001454 0.24087163 0.0220044 0.8771743 0.76430923 -6.017348711116699 -0.0002543868316325995
6.936855395957648e-08 6.016996965592459 0.25158029 0.0219429 0.57040035 0.64896201 -6.0167070585356965 -0.00057508546575779
6.802201583551748e-08 6.0168813459958335 0.2590067 0.02215374 0.65312742 0.70374872 -6.002949239715632 -0.014047725876826738
6.669693461212904e-08 6.0167365549734155 0.25019088 0.02205046 0.77286114 0.63479774 -5.974617689386318 -0.04226365660951497
6.542939261223166e-08 6.015651197071315 0.24013191 0.02201232 0.53649937 0.72315936 -6.0145442839643195 -0.0021922710090962337
6.419512074853462e-08 6.015219810036343 0.27292683 0.02202989 0.47258499 0.80555096 -6.01551167041516 -0.00013952665615506827
6.297283406180922e-08 6.014493585762504 0.24512388 0.0220517 0.47200374 0.65543133 -6.014988574108898 -0.00023123592744479587
6.176156017306633e-08 6.014458945414777 0.26625407 0.02204736 0.54530473 0.85832875 -6.012119061243692 -0.002374524518811983
6.055440856158282e-08 6.014366115633049 0.24956017 0.02212419 0.41388312 0.80218868 -6.0126905306283644 -0.0017684147864122628
5.93848209484054e-08 6.013860996132714 0.26735666 0.02213587 0.72665719 0.75315022 -5.9887155661902405 -0.025650549442807986
5.824085930307708e-08 6.013663798629892 0.27276895 0.02204285 0.41811961 0.80023854 -5.982137307947559 -0.03172368818515523
5.7105779023087274e-08 6.013619408202007 0.25353827 0.02215535 0.58623696 0.77057233 -6.012429882409507 -0.0012339162203849727
5.599183210601612e-08 6.013457541102759 0.26614355 0.02194625 0.84008691 0.83914981 -5.970328711920988 -0.04329069628101842
5.4901141183743706e-08 6.013357529477871 0.26452408 0.02214255 0.45011806 0.78883029 -6.000606279846663 -0.012851261256096126
5.388050580045238e-08 6.011384049374092 0.27335243 0.02198843 0.79994337 0.72735179 -5.977868821018278 -0.035488708459592906
5.287889497982386e-08 6.011280184846552 0.25037278 0.02197644 0.53685331 0.64525813 -6.009028509020757 -0.0023555403533349487
5.1852672548071076e-08 6.010974458227654 0.24113618 0.0220357 0.75651254 0.71473458 -6.00679645181522 -0.004483733031331576
5.084558558199609e-08 6.010901250241261 0.2563328 0.02189515 0.82100572 0.80146727 -6.0103918366844375 -0.0005826215432168447
4.9862406119116944e-08 6.010421203396593 0.25020127 0.02192995 0.46883886 0.67349183 -5.97406840467014 -0.03683284557112153
4.8899141458422233e-08 6.01031093146801 0.24161613 0.02205396 0.73663586 0.72959145 -5.991260433652409 -0.019160769744184503
4.794908886469143e-08 6.0100560417452975 0.26015938 0.02202017 0.46823068 0.86971752 -6.007585099733772 -0.002725831734238234
4.701902354356149e-08 6.009880714929251 0.25137784 0.02214127 0.74160122 0.7178316 -6.010055977303171 -6.444212610114128e-08
4.6113152430434615e-08 6.009358976668835 0.24543479 0.02197975 0.63480816 0.66759862 -5.975127723374328 -0.03475299155492252
4.522382770973536e-08 6.009223600532325 0.27175136 0.02205557 0.49413626 0.70468761 -6.0055314753368165 -0.0038275013320192195
4.434511354882594e-08 6.008996902850877 0.27311011 0.02202122 0.59026994 0.78023703 -6.006233352470232 -0.0029902480620933795
4.3482651318895786e-08 6.008899305700494 0.26010954 0.02212538 0.75150099 0.82453967 -6.008993381006613 -3.521844264169288e-06
4.263745539770036e-08 6.008649534726991 0.25578593 0.02212008 0.40067887 0.82560921 -5.982656784774209 -0.026242520926284797
4.181262730212915e-08 6.008363494334314 0.24652535 0.02196505 0.47563688 0.80394809 -5.9849825247106025 -0.02366701001638829
4.1010859163827925e-08 6.007767334908929 0.26342963 0.02199001 0.46367375 0.85782323 -6.001227705258721 -0.007135789075592835
4.0219649866202186e-08 6.0077205723337705 0.25857812 0.02190997 0.88709906 0.69104383 -6.00564199214621 -0.0021253427627186063
3.943980137227668e-08 6.007322490026974 0.25426736 0.02203308 0.4650323 0.85891282 -5.979112355385548 -0.028608216948222583
3.8677850362631364e-08 6.007132085961935 0.26863057 0.02196715 0.55823577 0.68724036 -6.006917982796321 -0.0004045072306527887
3.793228712098509e-08 6.006646168962481 0.246771 0.02208959 0.5527701 0.79225988 -6.0005312778334785 -0.006600808128456416
3.720328276644846e-08 6.006338093184176 0.25263997 0.02191398 0.57357976 0.80218825 -5.9952027322826345 -0.011443436679846663
3.64911654861804e-08 6.0056946221129035 0.25036949 0.02209637 0.4395807 0.81594854 -5.979780471572984 -0.026557621611192146
3.581026865350605e-08 6.004404158687357 0.25295175 0.02195822 0.82422231 0.65967075 -5.991914527748462 -0.013780094364441112
3.513165698263918e-08 6.004353059530023 0.26388411 0.02195585 0.70137315 0.67281597 -5.995385925007426 -0.009018233679930716
3.4452987150527525e-08 6.003812834191132 0.25631361 0.02194473 0.77780027 0.8389148 -5.994630426769277 -0.009722632760746279
3.379439027024456e-08 6.003349551757263 0.25162403 0.02192413 0.65166568 0.80101901 -5.990425038393824 -0.01338779579730777
3.314342509208149e-08 6.003108463503137 0.26105144 0.02193341 0.52290556 0.82820809 -5.98162983147343 -0.021719720283832386
3.2497796804326637e-08 6.003088407657536 0.26483053 0.02191588 0.86529541 0.7277398 -5.98539206635279 -0.01771639715034754
3.2508976305980073e-08 6.002420677209364 0.26838659 0.02196875 0.87089 0.81225871 -5.977472689787356 -0.02561571787018051
3.2531653284684374e-08 6.001693793588295 0.27184628 0.02201931 0.63268091 0.72790477 -5.996214641061543 -0.006206036147821713
3.254540780263882e-08 6.0015751190570565 0.25288686 0.02198006 0.40056729 0.83965952 -6.001692670791783 -1.1227965118222498e-06
3.2555754883459756e-08 6.001058102908474 0.24657141 0.0220946 0.77288457 0.71404242 -5.997806179582408 -0.0037689394746480086
3.257830284213665e-08 6.000190529522637 0.24439195 0.0220255 0.53368571 0.77302741 -5.987906187294236 -0.013151915614237954
3.2595832570687914e-08 5.999982055314157 0.25104896 0.02206513 0.54325422 0.82739141 -6.000119129385283 -7.140013735443475e-05
3.260922299152899e-08 5.999369178032648 0.26619034 0.02192869 0.87307879 0.77413997 -5.995170412868203 -0.004811642445954286
3.262642273610775e-08 5.998927387702298 0.25266323 0.02204719 0.85754092 0.83977646 -5.979669743012826 -0.01969943501982191
3.2641693827140326e-08 5.998433291267447 0.24740712 0.02193952 0.80898691 0.73900701 -5.997180707450558 -0.0017466802517400923
3.266448173544859e-08 5.997531771548517 0.26378616 0.02192731 0.7760723 0.79396992 -5.983129214838191 -0.015304076429255842
3.268162077834718e-08 5.997383969411033 0.24669287 0.02204309 0.70012038 0.79444986 -5.977230067001763 -0.02030170454675395
3.26954821604057e-08 5.996683800759588 0.25643987 0.02209629 0.48664096 0.67989866 -5.996124693637336 -0.0012592757736968893
3.2730797325811364e-08 5.995225297073277 0.25576011 0.02199394 0.82032751 0.66047574 -5.982929266944222 -0.01375453381536651
3.2756834830976114e-08 5.995092896300577 0.24821372 0.02201345 0.64896136 0.80705434 -5.9936203334537455 -0.001604963619531659
3.276322900487684e-08 5.994834944997539 0.24555954 0.0220231 0.45663211 0.69627932 -5.994991654448696 -0.00010124185188113852
3.2774845537972046e-08 5.994383936041412 0.25314068 0.02199271 0.7645599 0.83362861 -5.994812258551388 -2.2686446150995223e-05
3.278571106272534e-08 5.994171974772759 0.25492036 0.0219336 0.59404798 0.8041456 -5.992624564024301 -0.001759372017111456
3.2805725666849516e-08 5.9931636169482045 0.25707242 0.02211324 0.44984459 0.70715941 -5.976531979576407 -0.01763999519635233
3.2825861207706605e-08 5.992944546553225 0.25499664 0.02212132 0.55142226 0.72925945 -5.972621177687031 -0.020542439261173724
3.283677223357394e-08 5.992498982734735 0.25384397 0.02204216 0.40348834 0.83213197 -5.96868526758063 -0.024259278972595267
3.2853812969327025e-08 5.99190694811421 0.26728607 0.02208014 0.77031275 0.77643097 -5.991338825490325 -0.0011601572444096308
3.287187488495232e-08 5.991399729175828 0.25651133 0.02197088 0.62711011 0.8299544 -5.983360974710988 -0.008545973403222296
3.289285367288841e-08 5.990631041233943 0.26599174 0.02195766 0.77800645 0.72249998 -5.985699425430748 -0.0057003037450800475
3.292288109691261e-08 5.989574921253684 0.25020962 0.02205303 0.64423148 0.68404284 -5.981448417917578 -0.009182623316364642
3.2944483182576554e-08 5.9893189250669 0.26471687 0.02206534 0.69424308 0.81112899 -5.9869970721643675 -0.002577849089316854
3.295051133601721e-08 5.989208983074699 0.26689599 0.02205317 0.59670763 0.71140013 -5.984460845431345 -0.004858079635555722
3.296053416580492e-08 5.988710720061806 0.25219639 0.02210244 0.85688158 0.77105159 -5.9866092547719365 -0.0025997283027620628
3.298848837238179e-08 5.987513775154787 0.26689262 0.02202178 0.60853841 0.7082667 -5.972651262505046 -0.016059457556760186
3.301658638432315e-08 5.987007646943647 0.25017184 0.02194952 0.59455984 0.74901522 -5.987506292197076 -7.48295771147215e-06
3.303471650094552e-08 5.986415857140641 0.25447496 0.0220623 0.81294938 0.81759083 -5.975268558545867 -0.01173908839778056
3.305543133060604e-08 5.985753937104046 0.24859636 0.02197407 0.53122969 0.76113594 -5.982187617092019 -0.00422824004862251
3.307377855945281e-08 5.985306017118119 0.25971688 0.0219778 0.5582822 0.82095232 -5.980768742209 -0.004985194895045514
3.308251090332928e-08 5.985225905859877 0.25116867 0.02196944 0.53784234 0.78927483 -5.981097040691519 -0.004208976426599974
3.308801780378032e-08 5.984973140057388 0.25011129 0.02203797 0.68718861 0.6921995 -5.979184798928299 -0.006041106931577805
3.310328350306544e-08 5.984303482013679 0.2635897 0.02197119 0.56631865 0.71012709 -5.984210256819503 -0.000762883237885459
3.312365188512018e-08 5.9837428890749145 0.25333276 0.02201417 0.44612532 0.68111828 -5.978674144157258 -0.005629337856421148
3.315542224880538e-08 5.982386494061727 0.25119909 0.02204928 0.71985735 0.69807495 -5.983662654845967 -8.023422894813719e-05
3.319239958785525e-08 5.981513317135689 0.25703359 0.02207985 0.48141885 0.79840091 -5.980360696368596 -0.002025797693130386
3.322548412403929e-08 5.9803941087440275 0.2635444 0.02207022 0.40211537 0.78183666 -5.973050066162565 -0.008463250973123582
3.327204239386414e-08 5.978713108359628 0.26422721 0.02197281 0.40299722 0.75406076 -5.974435546708743 -0.005958562035284309
3.3305852032738247e-08 5.978362149766081 0.24920661 0.02202674 0.45982231 0.7542771 -5.9734510326124814 -0.0052620757471467635
3.335494324446657e-08 5.975769025969634 0.26476328 0.02201928 0.46636626 0.7366583 -5.978254882443608 -0.00010726732247305346
3.3401561841270595e-08 5.975567126876589 0.25073469 0.02202791 0.4771803 0.76603935 -5.975767802194991 -1.2237746431547898e-06
3.345363594007952e-08 5.97265549952504 0.26177995 0.02201318 0.47058086 0.7876839 -5.9754193076037945 -0.0001478192727949087
3.351580378837966e-08 5.971851960823723 0.26217225 0.02202461 0.85343672 0.7815635 -5.972545550116763 -0.0001099494082765953
3.35408673548412e-08 5.97116038986338 0.25383082 0.02201338 0.68298535 0.77810022 -5.971801643725397 -5.0317098326343486e-05
3.3553682750158956e-08 5.971087822517156 0.25935197 0.02204968 0.44641941 0.72629406 -5.971056819925618 -0.0001035699377624979
3.359284571606806e-08 5.968828678917804 0.25665389 0.0220216 0.78211512 0.78104538 -5.969006552185934 -0.002081270331222837
3.366640842743582e-08 5.966712788850133 0.25773791 0.02201784 0.8005416 0.76712413 -5.968822600603237 -6.078314567168633e-06
