1.280530783511271e-255 582.2869512336015 0.10305914 0.02423224 0.48354184 -534.7835397584929 -0.5042762598635414
1.0953054087888312e-251 573.2131642894518 0.10782189 0.02360076 0.45863572 -570.7226423852923 -11.56430884830923
9.58322306678378e-251 571.1430950523633 0.10291969 0.02235124 0.80190488 -567.3086380497334 -5.904526239718434
1.500203762240625e-249 568.3109228007194 0.11369024 0.02347032 0.54912417 -570.8838278927494 -0.25926715961385294
3.5271586669566754e-249 567.8795584907309 0.10754366 0.02238311 0.77781191 -563.3406435993428 -4.970279201376601
1.396260315455569e-248 566.1459941601692 0.10973924 0.02222567 0.82096339 -567.5680120474573 -0.3115464432735901
1.95589672450561e-247 563.3852030891403 0.14912753 0.02493294 0.52186144 -566.0460453400063 -0.09994882016280315
5.932139600066257e-247 562.5569763847797 0.15247121 0.0249846 0.59625188 -543.3350540708674 -20.050149018272936
3.1838193459323616e-245 558.2046672629834 0.12278966 0.02254598 0.5450853 -541.7893023771262 -20.767674007653437
7.750083732075336e-244 555.0204383042919 0.48709094 0.02447608 0.44793261 -557.5509404662007 -0.6537267967827838
7.92062343835081e-243 552.7323449111241 0.47126391 0.02463056 0.78874129 -540.7664031323848 -14.254035171907177
4.0779906197663924e-241 548.6920404922337 0.14406562 0.02312528 0.59481233 -536.6287462933533 -16.10359861777081
2.1905708920500494e-240 547.1713212121628 0.1672833 0.02424128 0.87304691 -545.8053631405751 -2.886677351658617
4.6120544492023086e-240 546.6908285079311 0.49299407 0.02337684 0.79620132 -535.5123216269548 -11.658999585207965
1.142777278284397e-239 545.5625020047235 0.15287425 0.02331977 0.42904491 -542.3406198860728 -4.350208621858325
2.2992657156938673e-239 545.0223372717112 0.42619359 0.02482893 0.537358 -541.5705083199199 -3.991993684803598
1.2280898414270719e-238 542.9912499402208 0.14997723 0.02217903 0.50728479 -526.3785063840256 -18.643830887685585
2.1683843525748053e-238 542.9546832882877 0.16585774 0.02372812 0.60350968 -542.9314890554019 -0.05976088481881921
2.5117427992623687e-238 542.6765929942098 0.49119547 0.02260581 0.51310662 -536.0604047813791 -6.894278506908524
9.503653011552912e-238 540.9218811173098 0.48736508 0.02222376 0.6189692 -541.8656896047594 -0.8109033894504482
2.243315770064946e-236 537.6171530192134 0.43793073 0.02009128 0.58148821 -540.823774717887 -0.09810639942279945
5.758468511834698e-236 537.0780903596972 0.44757678 0.02040989 0.86858593 -528.8270670365703 -8.790085982643228
2.4928165043563962e-235 535.2878160183565 0.16915335 0.02248196 0.84063327 -530.9522626482392 -6.1258277114579895
5.19723594131457e-235 534.8947339223647 0.464002 0.02217592 0.53432106 -534.7835397584929 -0.5042762598635414
6.169009527044534e-235 534.8671954065086 0.45960041 0.02133553 0.76256136 -534.8372916279762 -0.057442294388519374
6.4403380871157e-235 534.7711584840265 0.25842649 0.02495613 0.82497273 -533.7601628279067 -1.1070325786019188
6.951130187945153e-235 534.6749518489999 0.46320073 0.02215724 0.77006584 -514.4004957831778 -20.37066270084874
1.2033556468563775e-234 533.8122252490938 0.38374608 0.02452665 0.75008086 -534.6304476294586 -0.04450421954134928
1.8527737603853727e-234 533.6025980230097 0.23877564 0.02468838 0.84017342 -518.9651091015011 -14.847116147592752
2.9633121906134284e-234 532.9325944346523 0.45000166 0.02278955 0.40380218 -516.7777812337425 -16.824816789267118
1.0503315254357794e-233 531.4362503993856 0.41235496 0.02382956 0.65656565 -531.5332387949524 -1.3993556396998954
2.035041918092361e-233 531.0863999851509 0.37410911 0.02440606 0.61774746 -523.6987575533817 -7.737492846003863
2.464711892498654e-233 530.9856220683596 0.41560616 0.02033833 0.73112417 -517.6334404519613 -13.452959533189675
3.488740452950255e-233 530.4264859655283 0.38814146 0.0241582 0.57637477 -524.3031923198547 -6.682429748504877
5.879254206267346e-233 529.8949056011297 0.44095765 0.02244042 0.82128222 -519.6232957720563 -10.803190193471973
1.2816247177347075e-232 528.9666032704399 0.34264199 0.02451354 0.84430833 -529.4772523546491 -0.41765324648069996
1.9157454911767806e-232 528.8468111673716 0.4321005 0.0227502 0.62531932 -514.27444421816 -14.692159052279846
2.5858171234127554e-232 528.3779944964077 0.25468169 0.02441933 0.83752668 -527.5869188511132 -1.2598923162584257
4.91529910010249e-232 527.611536792928 0.4318006 0.02183681 0.49664653 -514.7750627010596 -13.602931795348137
7.392780569233884e-232 527.390834997336 0.23851215 0.02413551 0.77398549 -527.5322383988386 -0.07929839408937125
9.288149437518393e-232 527.1214019470373 0.39019974 0.02376202 0.40682301 -516.8156946801628 -10.575140317173188
1.0610644444516744e-231 527.0676220990896 0.19186842 0.02195786 0.88922374 -519.9507005964258 -7.170701350611438
1.2171372813248242e-231 526.8216974674135 0.34297467 0.02432187 0.8465902 -527.0584964766305 -0.009125622459096892
1.3472547703652996e-231 526.809835422453 0.29028974 0.02447345 0.41514831 -514.3014014980007 -12.520295969412807
1.349850580533447e-231 526.7784534596027 0.19451291 0.02247945 0.71346021 -512.5862488218768 -14.22358660057622
1.3790332108716017e-231 526.7278466128218 0.36718644 0.02407318 0.46052565 -526.2796540747247 -0.49879938487801334
1.696402069778381e-231 526.3579642415688 0.24279838 0.02409449 0.4112622 -516.7667110890177 -9.9611355238042
2.0278209267572752e-231 526.2982191634622 0.38975003 0.02037058 0.56988422 -516.1889943912269 -10.168969850341865
2.1381863561405418e-231 526.2132775942971 0.20588477 0.02089821 0.84511593 -519.8696478632469 -6.428571300215348
2.3448292171759062e-231 526.0769445664552 0.41754473 0.02125281 0.44947056 -523.2396885943415 -2.9735889999556266
2.941847930703003e-231 525.7431112826226 0.28109458 0.02435425 0.57083043 -524.6861537174091 -1.3907908490460978
4.826991364013605e-231 525.1159868134612 0.38700765 0.02356697 0.42946931 -512.8680560953219 -12.875055187300774
7.589232013118444e-231 524.7373670356783 0.25196095 0.02404332 0.55362553 -519.4612021281424 -5.654784685318721
9.761464567264657e-231 524.5464315529111 0.41666385 0.02189807 0.53378213 -515.0638702057826 -9.673496829895758
1.0584638264394847e-230 524.5268349428624 0.2414059 0.02016327 0.40720699 -524.5113024013611 -0.0351291515499521
1.1233683065959743e-230 524.3922305586726 0.3585242 0.02011035 0.52557987 -516.3806957838877 -8.146139158974615
1.3657093227906468e-230 524.1116376668044 0.29399644 0.02423402 0.87678719 -515.7751246422707 -8.61710591640189
1.901188866445272e-230 523.711215103954 0.31861642 0.02416405 0.48761203 -512.5286839083655 -11.582953758438974
2.61700322744122e-230 523.414972140449 0.22983172 0.02350383 0.88362533 -512.8489063261541 -10.862308777799942
2.952202821025136e-230 523.4087159141154 0.37546057 0.02048113 0.59804108 -518.2123563576044 -5.202615782844477
3.113819506125963e-230 523.2733383776681 0.39568469 0.02100119 0.41014621 -517.8129356856293 -5.595780228486075
4.207078984118026e-230 522.8148046182024 0.36236817 0.0203467 0.53507643 -520.8206612179765 -2.452677159691624
5.274482384157083e-230 522.731149065204 0.2717488 0.02002765 0.73899858 -516.1987324566666 -6.616072161535847
6.321949989200174e-230 522.433259069229 0.27308767 0.02005052 0.56540457 -513.3515399266522 -9.379609138551773
7.1367483709589105e-230 522.426991444654 0.40522423 0.02209743 0.79891262 -513.2676847217886 -9.165574347440549
8.495041275443076e-230 522.0758596225654 0.35615528 0.02035447 0.73666243 -522.4128242098584 -0.014167234795608906
1.2607178004154717e-229 521.6189061021954 0.39825916 0.02242865 0.85149025 -515.5210315623162 -6.554828060249127
1.5594613098722645e-229 521.560048208973 0.23374218 0.02071816 0.7749216 -521.2243008448844 -0.3946052573109589
1.6481322510578734e-229 521.4698630989907 0.34864994 0.02370032 0.45759107 -517.5553489168334 -4.004699292139542
1.718297990925974e-229 521.4353253378798 0.34775483 0.02370698 0.74879974 -514.7981497749433 -6.6717133240474
2.7637296867617535e-229 520.6353598268872 0.22626367 0.02289229 0.52989595 -514.7106270801927 -6.724698257687148
3.7764770108236114e-229 520.6155038515521 0.26590631 0.02372385 0.60759868 -518.8374121970422 -1.7979476298450086
4.0282087582476644e-229 520.4717568982348 0.24735541 0.02058594 0.78315896 -513.7556068421045 -6.859897009447673
4.448181993831194e-229 520.374741951184 0.35416692 0.02348249 0.61713559 -515.6123052092662 -4.859451688968703
4.776962301256654e-229 520.2890174593575 0.22696428 0.02120274 0.54962244 -515.3207180423381 -5.054023908845881
5.80492417013231e-229 519.9689921899659 0.35965222 0.02070763 0.47572728 -518.7107837949017 -1.5782336644558603
6.672873432337023e-229 519.9453681739066 0.22834541 0.02123028 0.79910248 -515.8992799784515 -4.06971221151435
7.540403094243466e-229 519.6998316073145 0.38163464 0.02135881 0.54456565 -518.4716794554247 -1.4736887184818992
8.91283866680188e-229 519.5611019201823 0.28136134 0.02033568 0.59673282 -518.66681957464 -1.0330120326744878
9.710727532102178e-229 519.48537517431 0.34352893 0.02054594 0.53457625 -512.8576013870288 -6.703500533153444
1.0695512220911716e-228 519.3326991549244 0.30886294 0.02032892 0.60335726 -514.351025777343 -5.1343493969669485
1.1592815503029601e-228 519.2795320450012 0.24656921 0.02079056 0.64633071 -512.5752738649147 -6.75742529000966
1.3466641074709114e-228 519.0107359327452 0.37139846 0.02116636 0.47232907 -515.707906512252 -3.571625532749326
1.6793963922369465e-228 518.7922234519108 0.28299071 0.0204265 0.42572293 -517.2888519490841 -1.7218839836611128
1.846310577265544e-228 518.7698329031143 0.37743512 0.02148224 0.45141005 -512.7920934824135 -6.000129969497238
1.911443243539763e-228 518.6849549591196 0.36760328 0.02291025 0.57084813 -518.0864965980103 -0.6833363051040247
2.0533989985983301e-228 518.5875236273707 0.26552607 0.0234453 0.77089871 -516.8122174098947 -1.8727375492248477
2.140583138484802e-228 518.5600031283559 0.31277402 0.02044005 0.82321243 -513.7872116618321 -4.800311965538665
2.2564119034814098e-228 518.4456038281655 0.37694131 0.02244833 0.59815215 -512.6615166724246 -5.8984864559313195
2.5223261580085496e-228 518.2996383058643 0.37307185 0.02260379 0.81648192 -518.0120907265477 -0.43351310161781376
2.691635920802588e-228 518.2709473902346 0.29891525 0.0204563 0.76235133 -517.4943267317665 -0.8053115740978348
2.9315226168688025e-228 518.096665619685 0.3704439 0.02139425 0.42387666 -512.4931609148446 -5.777786475390043
3.2646000998256005e-228 518.0103879319628 0.23130477 0.02184441 0.40795932 -517.1714136949325 -0.9252519247525198
3.4491970657614586e-228 517.946220771566 0.23145789 0.02213905 0.41501051 -517.9375368063329 -0.07285112562992302
3.5827167985493027e-228 517.8944632815269 0.30212885 0.0235313 0.84950921 -517.9127316033039 -0.033489168262078234
3.62334220320463e-228 517.8834254096373 0.23829253 0.02135702 0.63296486 -512.4974568044491 -5.397006477077721
3.6388249700044784e-228 517.8466379611563 0.23331385 0.02170618 0.49797993 -516.8448132978034 -1.0386121118339184
3.77872005876692e-228 517.7695192517633 0.35539768 0.02102759 0.81898998 -517.6139230526542 -0.23271490850204168
3.915455505464412e-228 517.7347557059343 0.36779675 0.02140336 0.5561275 -515.4423114518809 -2.327207799882394
3.950358668268237e-228 517.7119920190536 0.24221378 0.02124153 0.56511688 -516.8362541967334 -0.8985015092008045
4.004478091876821e-228 517.6682846904006 0.3261405 0.0233981 0.84137798 -516.2800086902373 -1.431983328816254
4.0710648978038114e-228 517.6391388759492 0.25336681 0.02094634 0.85301323 -513.1806682820861 -4.4876164083144445
4.1014435667101254e-228 517.6137593192536 0.35834954 0.02113208 0.81029583 -514.9152576416353 -2.723881234313945
4.297790616624371e-228 517.5086111960171 0.35835429 0.0228815 0.59215129 -515.7508176537783 -1.8629416654752824
4.475114860649846e-228 517.4906104348076 0.25407341 0.02307958 0.71695209 -515.7548750837017 -1.7537361123154487
4.453371973338501e-228 517.4787013172902 0.23821592 0.02150661 0.62358884 -514.8376896369957 -2.652920797811905
4.514837195099421e-228 517.4242945144545 0.28226012 0.02062396 0.42268925 -516.8559043181526 -0.6227969991376108
4.8474076592499884e-228 517.3000622044246 0.37155408 0.02204692 0.8906585 -512.819109224575 -4.605185289879516
5.741131823269467e-228 517.0571269399542 0.27220619 0.02327698 0.7960476 -517.2983492545766 -0.0017129498481079052
6.532394190678394e-228 516.9886755761695 0.36310547 0.02147549 0.43198341 -513.3236680572555 -3.73345888269864
6.713390700773777e-228 516.9618689146346 0.36579605 0.02162361 0.81044368 -516.2880815125266 -0.7005940636428828
6.94178780084757e-228 516.8835147189129 0.35422407 0.02120966 0.45638123 -516.5905881128318 -0.3712808018028108
7.13179252844116e-228 516.8667925944416 0.36444745 0.0215908 0.86255336 -515.331878749374 -1.5516359695389443
7.38521927741571e-228 516.7760609147115 0.36638968 0.02224067 0.83701217 -516.4315079256846 -0.4352846687569547
8.146297883862418e-228 516.6340047971072 0.36613344 0.02200245 0.64762179 -516.6609954653576 -0.1150654493538415
8.600171310123587e-228 516.6230080508765 0.33143543 0.02317297 0.52720878 -516.6332773407045 -0.0007274564027172128
8.571157262986838e-228 516.601246425961 0.26589154 0.02311767 0.51054731 -513.4818213100026 -3.141186740873934
8.545693528432472e-228 516.5892708297336 0.25424403 0.02288524 0.76088221 -513.7541993351707 -2.8470470907902374
8.74435145199727e-228 516.516951613489 0.31199932 0.02073941 0.84602556 -514.8202523859047 -1.7690184438287704
8.991636564454868e-228 516.4927311348076 0.2578411 0.02109085 0.59023975 -512.6419160992208 -3.8750355142682587
9.684388990442178e-228 516.3349743966758 0.24543763 0.02247624 0.45257699 -514.4527352216276 -2.039995913180047
1.0248037908941449e-227 516.3337687733814 0.29187075 0.02075624 0.86700527 -515.8431240792164 -0.4918503174593176
1.1269082382616416e-227 516.1171261332474 0.36164478 0.02206733 0.79146241 -512.5599008299586 -3.7738679434228124
1.2602715378501508e-227 516.0595818205758 0.31371126 0.02321466 0.67661814 -516.1118332987063 -0.005292834541113024
1.3600559524437532e-227 515.9285829921783 0.25208272 0.02140902 0.47474756 -512.6871656549156 -3.3724161656601477
1.489659817594285e-227 515.8357971041498 0.25607135 0.0213037 0.4803774 -515.046508585952 -0.8820744062263605
1.566030223814428e-227 515.7874190287722 0.2480651 0.02235404 0.71355004 -514.6233995578416 -1.212397546308194
1.585396063088538e-227 515.7710927118845 0.35437797 0.02244746 0.78994082 -515.5237607176883 -0.26365831108388843
1.6832547894194175e-227 515.6327387119998 0.34709152 0.02266207 0.44857594 -515.3393279157543 -0.43176479613015767
1.8285511722051588e-227 515.56235473183 0.27080263 0.02297485 0.51443634 -514.6586093182817 -0.9741293937180034
2.0256476115838025e-227 515.3942229735424 0.25008822 0.02223665 0.78939496 -513.4079848680066 -2.1543698638235265
2.17211019981034e-227 515.3761529840352 0.34954988 0.02248076 0.70384473 -515.2833128798992 -0.11091009364319569
2.256015977992002e-227 515.2809963731258 0.34249464 0.02136463 0.56013566 -514.874496606714 -0.5016563773212215
2.404457243676701e-227 515.2081631953024 0.25337204 0.02165983 0.42417993 -514.2660923930408 -1.014903980085056
2.4777014954734105e-227 515.1802458531887 0.32078712 0.02104456 0.87063129 -514.9016339428382 -0.30652925246418466
2.514917685498971e-227 515.1389714474216 0.25169988 0.02187061 0.4307132 -512.9319435924807 -2.2483022607079772
2.5568564391448663e-227 515.1073871623071 0.3399806 0.02268324 0.60906583 -515.0862360697881 -0.052735377633481385
2.5922887233697513e-227 515.0719062939347 0.29658458 0.02306269 0.53957716 -514.0679420526075 -1.0394451096995765
2.612950616323055e-227 515.0516915095371 0.2972423 0.02098069 0.67481525 -512.5029219051211 -2.568984388813644
2.75345038284587e-227 514.9310837897551 0.30347666 0.02303315 0.88204867 -512.4992947662365 -2.5523967433006622
2.9121174120715795e-227 514.8966962334036 0.32565438 0.02116167 0.85762461 -512.505565364134 -2.425518425621086
3.015936251687675e-227 514.8224991815355 0.30778535 0.02104068 0.87449187 -513.1558256408446 -1.7408705925590346
3.0928525273697885e-227 514.8054209099778 0.32688023 0.02120136 0.53271074 -512.5562779144733 -2.2662212670621296
3.205995983660023e-227 514.7130933714026 0.27727183 0.02117927 0.84074474 -513.221843571426 -1.5835773385517802
3.4381899146629713e-227 514.625747356127 0.25783398 0.02175339 0.87212669 -513.0429026934282 -1.6701906779743962
3.557625836134206e-227 514.6034095784634 0.32724381 0.02277976 0.68551834 -514.4577892887369 -0.167958067390112
3.749223103252765e-227 514.4846318770029 0.3284578 0.02131358 0.72180789 -513.2394289594841 -1.3639806189792625
3.920494659030841e-227 514.4709875247553 0.27479663 0.02127879 0.85053961 -513.3054389236202 -1.179192953382723
4.0518875057494033e-227 514.3810706818299 0.34369362 0.02210927 0.65508508 -513.1727893066036 -1.2981982181517437
4.309317885285105e-227 514.3075201949266 0.27395321 0.02134063 0.54657658 -514.362240981275 -0.018829700554916413
4.467694802371715e-227 514.2683117285376 0.25989193 0.02195781 0.56211789 -513.2169130872871 -1.0906071076395236
4.552581905972073e-227 514.2302489068313 0.32167743 0.02275038 0.82683095 -514.2591726273955 -0.00913910114212246
4.619852738102126e-227 514.1992479448367 0.34101255 0.02187 0.72054603 -512.9697114531017 -1.2605374537296268
4.672615875533343e-227 514.1679360362486 0.32402632 0.02134102 0.52246764 -514.1460847384922 -0.053163206344467494
4.684781504743392e-227 514.154244023 0.32510657 0.02136127 0.75116318 -513.0785768233085 -1.0893592129401504
4.723455986576213e-227 514.112281192101 0.29084301 0.02121432 0.84745051 -513.1289044740619 -1.0253395489381718
4.740966427568027e-227 514.1068055358379 0.30970453 0.02282088 0.68068446 -512.5784483369247 -1.5338328551763651
4.815354361315305e-227 514.0425627769838 0.30428154 0.02282476 0.7523525 -512.5912020077673 -1.5156035280706794
4.897954493503616e-227 514.0321795685954 0.33467238 0.02240306 0.8959853 -512.5122141248903 -1.5303486520934533
4.978671348872779e-227 513.971170181079 0.33871677 0.02203827 0.88684453 -513.6854578268469 -0.34672174174847953
5.074246236751663e-227 513.9536904440828 0.33557958 0.02231512 0.73050555 -513.9703817007519 -0.0007884803270979049
5.105295752030453e-227 513.9195786425731 0.26930532 0.02243675 0.58594727 -513.7478916113928 -0.2057988326900335
5.183884614415871e-227 513.8835658780346 0.32568467 0.02257398 0.66897333 -513.5091726386662 -0.41040600390692644
5.257824464580949e-227 513.8515796632322 0.33349383 0.02233855 0.51640468 -513.1583953134021 -0.7251705646324634
5.30578153218683e-227 513.8257126461734 0.27234508 0.02155465 0.67411612 -513.6118072454461 -0.23977241778610722
5.333951469805967e-227 513.8013648452386 0.29316602 0.02128916 0.67667237 -513.3140218453652 -0.5116908008081795
5.358044648824769e-227 513.7770929158979 0.27752229 0.02258342 0.51302859 -512.5392464345413 -1.2621184106973813
5.367861504959853e-227 513.7580420550441 0.33115276 0.02166596 0.76503658 -513.026992725223 -0.7501001906749585
5.440617140597743e-227 513.7110237576654 0.28305571 0.02139622 0.50579645 -513.4618530571195 -0.2961889979247222
5.661597340447076e-227 513.6395344425788 0.32707743 0.02243646 0.83086991 -512.7915850214939 -0.9194387361714992
5.953364723677714e-227 513.5708202881666 0.31732276 0.02259066 0.5541514 -513.2297020944304 -0.40983234814839864
6.043882189804225e-227 513.568570291749 0.32944746 0.02172424 0.67082643 -512.801331246828 -0.7694890413385651
5.980240950113641e-227 513.5524501168953 0.32260601 0.02154115 0.80306795 -513.361873273628 -0.20669701812095018
5.9554634316901125e-227 513.537261421911 0.32723102 0.02237537 0.67322113 -513.0106424131554 -0.5418077037398615
5.950428835708543e-227 513.5146069559523 0.2706275 0.02221798 0.64431075 -513.238844189577 -0.2984172323340193
5.953997072128496e-227 513.4964116685228 0.27617871 0.02160846 0.5914722 -513.4219914990841 -0.09261545686822703
6.0377500015989145e-227 513.4475777531547 0.28580336 0.02258306 0.40894698 -513.0962016862213 -0.40020998230151456
6.150260124991685e-227 513.4194817227451 0.28990416 0.02142971 0.56361762 -512.698436627086 -0.7491411260687617
6.230874693784885e-227 513.3820801659327 0.31819635 0.02153712 0.82644665 -512.5961288741391 -0.8233528486059531
6.229957669642595e-227 513.3798224138911 0.31982949 0.02156616 0.88211838 -512.8311139105668 -0.5509662553659023
6.132024863822504e-227 513.3741706673475 0.29395596 0.02142165 0.5485111 -512.8931141289941 -0.48670828489711887
6.084784394494897e-227 513.3557613428575 0.30542214 0.02261321 0.47517826 -512.5281700087675 -0.8460006585799982
6.076554242583183e-227 513.3372731296608 0.27768279 0.02238507 0.77377242 -512.5242479232276 -0.8315134196299141
6.093565936394449e-227 513.3106564405953 0.30838898 0.02145891 0.62935953 -513.0223426021515 -0.31493052750927575
6.0816017334415e-227 513.3014426829495 0.30337154 0.02143936 0.84711285 -512.5667351705341 -0.7439212700610943
5.998541739239947e-227 513.2985354917951 0.31775675 0.02247225 0.82921825 -512.5048022773474 -0.7966404056020916
5.902038002039004e-227 513.2942772104287 0.27269778 0.02200246 0.76853011 -512.8152436518874 -0.4832918399077238
5.834131709817521e-227 513.2821072664311 0.32678982 0.02185055 0.88964429 -513.2935498389522 -0.0007273714765193898
5.915569369754566e-227 513.2276515849405 0.27391006 0.02197476 0.85828039 -513.2142620173865 -0.06784524904463125
5.96463055934321e-227 513.2252434629078 0.29305719 0.02255805 0.82035143 -513.222815568746 -0.004836016194575836
5.869953275068694e-227 513.2200525071815 0.3268708 0.02200539 0.69298905 -512.5411865087156 -0.6840569541921959
5.8130885297811645e-227 513.2051562571329 0.31585414 0.0224569 0.40395704 -513.2195481414933 -0.0005043656882005765
5.748891608131908e-227 513.2026032995304 0.29567643 0.02256141 0.53783547 -512.7541162374055 -0.45104001972747654
5.701963028947454e-227 513.1820481316742 0.32595647 0.02208533 0.70406903 -512.5099592708902 -0.6926440286401843
5.651717578610111e-227 513.1805949688265 0.3254489 0.02190286 0.5237034 -513.1719621111856 -0.010086020488556117
5.548193637327968e-227 513.1794168784267 0.30877318 0.02151352 0.79267593 -513.1481731174414 -0.03242185138514669
5.457536026489468e-227 513.1739468342536 0.3155648 0.02159257 0.66272926 -512.5732648709422 -0.6061520074844298
5.369480430718781e-227 513.1723373129719 0.30856303 0.0215153 0.46529032 -512.7422465083831 -0.4317003258704853
5.285100478087762e-227 513.1660299152319 0.29018458 0.02152655 0.61610792 -512.5704438929954 -0.6018934199764664
5.213433328268494e-227 513.1600370994249 0.29503037 0.02254201 0.55848764 -512.5906592916187 -0.5753706236131518
5.222458309573917e-227 513.1232939682526 0.27968699 0.02230996 0.43519584 -512.5161448195424 -0.643892279882472
5.240370047831956e-227 513.1132716926189 0.27831187 0.02224704 0.67658122 -512.9246278275607 -0.19866614069189048
5.171312521103709e-227 513.1101971390833 0.32449044 0.02196155 0.45808599 -512.9914721255491 -0.12179956706984177
5.095464785912028e-227 513.1032275035624 0.32260519 0.02221595 0.54403973 -513.1021237246531 -0.008073414430238825
5.0155329746268845e-227 513.1022023924294 0.32269001 0.02221103 0.57311339 -513.0124982943128 -0.09072920924965157
4.935798072497784e-227 513.0956832415403 0.28034297 0.02173272 0.70090169 -513.0159698584179 -0.08623253401152868
4.859636477131785e-227 513.0936889882015 0.28583637 0.02242805 0.56572209 -512.900665631217 -0.1950176103233597
4.784474021620392e-227 513.0872623972251 0.31139336 0.02157923 0.57528833 -512.7002420657324 -0.3934469224691696
4.72677387522853e-227 513.0783595887051 0.2829435 0.02236483 0.64246864 -512.6281864679241 -0.4590759293009359
4.656726035369151e-227 513.0774980734839 0.31327304 0.02160728 0.72052174 -512.7973847115926 -0.28097487711253727
4.599453004812959e-227 513.063553261168 0.28338735 0.02236485 0.85038913 -512.674991330612 -0.4025067428718919
4.666432252221274e-227 513.0096555116191 0.32129106 0.02217255 0.57967915 -512.7825464523683 -0.2810068087997208
4.707309417888058e-227 513.0057822273341 0.32135527 0.02187487 0.80159551 -512.9546633162561 -0.054992195363040924
4.677950776291616e-227 512.9826924879501 0.27842087 0.02203971 0.43154927 -512.9560126411398 -0.04976958619427474
4.68394693698283e-227 512.9635731349514 0.27960752 0.02190402 0.62214121 -512.9817744348686 -0.0009180530814676147
4.660809924276467e-227 512.9529279384014 0.31882116 0.0218185 0.46364512 -512.931786126714 -0.03178700823740209
4.6094247693926355e-227 512.9461234580141 0.28494249 0.02171703 0.71594973 -512.8569911087114 -0.09593682968995541
4.58725542934869e-227 512.9230861269024 0.31181981 0.02167374 0.40842194 -512.7292291099869 -0.21689434802710283
4.550623146307188e-227 512.922421078748 0.32001806 0.02210601 0.40659483 -512.6397797657687 -0.28330636113363306
4.467836906970432e-227 512.9202015947561 0.31698362 0.02178374 0.80805368 -512.9049387776587 -0.01748230108930833
4.3855683289434065e-227 512.9199849106337 0.2798432 0.0220213 0.52192425 -512.7883026680556 -0.13189892670046482
4.309399090828167e-227 512.9156425477006 0.28446746 0.02228853 0.82332791 -512.9199809369957 -3.9736380050109e-06
4.238070264600946e-227 512.9137566970135 0.30597958 0.02161734 0.64936066 -512.745252528482 -0.17039001921862723
4.183041242729849e-227 512.902208717477 0.2804783 0.02196219 0.63109996 -512.5306328615964 -0.3831238354171038
4.1338690489876207e-227 512.8977725592126 0.28036699 0.02200565 0.51108407 -512.8943129955886 -0.007895721888456914
4.068944938952366e-227 512.8942617186726 0.29805726 0.02160918 0.63841438 -512.8972862391174 -0.0004863200952354211
4.005059900174778e-227 512.8898195569848 0.28299725 0.02221896 0.77181347 -512.4954535816898 -0.39880813698273065
3.935678714741329e-227 512.8896019192274 0.28084138 0.02194708 0.49036287 -512.796281440372 -0.09353811661270925
3.8911010253936417e-227 512.8730650388289 0.29315663 0.02164387 0.55054989 -512.877038243443 -0.012563675784334039
3.848913412336982e-227 512.8717313022754 0.2840273 0.02223916 0.56129735 -512.5387672845857 -0.33429775424323077
3.80762419924918e-227 512.8550993998035 0.31175702 0.02232374 0.52689422 -512.7582370298217 -0.11349427245372219
3.76836167355739e-227 512.8527884030674 0.28906805 0.02170131 0.43107613 -512.6370976710921 -0.2180017287114949
3.7174003267707063e-227 512.8427495059212 0.31724111 0.02215744 0.60040103 -512.6128050567673 -0.23998334630002643
3.684501304828974e-227 512.8309714376998 0.31731227 0.02190677 0.5892898 -512.7981171586864 -0.04463234723485941
3.649818230551883e-227 512.8220451282091 0.31762082 0.02209005 0.81652131 -512.8006753513029 -0.03029608639685415
3.609673331893163e-227 512.8134847594168 0.31768228 0.0220019 0.78966074 -512.8104493052575 -0.01159582295158985
3.555659049418922e-227 512.8125754519665 0.3025129 0.02238406 0.78323796 -512.8127103578619 -0.0007744015550148058
3.512045137636471e-227 512.7986118524395 0.28361026 0.02191899 0.81088897 -512.4993833508167 -0.31319210114979706
3.470590279407594e-227 512.7966700733909 0.31320657 0.02179185 0.60059326 -512.7745015987292 -0.02411025371031103
3.4069012044285562e-227 512.7960488484857 0.28301458 0.02203518 0.74457338 -512.6736698502519 -0.1230002231389954
3.356319771542296e-227 512.7870013323128 0.31683551 0.02205352 0.57820074 -512.7955043772926 -0.000544471193126388
3.3096625806150847e-227 512.7844224378471 0.31501069 0.02186449 0.42185353 -512.7843456991435 -0.0026556331692587664
3.263134780075543e-227 512.7757291532332 0.30961338 0.02173899 0.82984761 -512.7272750976491 -0.05714734019795675
3.2213166222181197e-227 512.7706011789512 0.28408236 0.02209311 0.76749087 -512.5891306710872 -0.18659848214599611
3.1811659894981585e-227 512.7612240510092 0.2937618 0.0223317 0.87447611 -512.7579696300231 -0.012631548928115357
3.150534052316569e-227 512.7503551033012 0.30598833 0.02171505 0.7901586 -512.531652570287 -0.22957148072225564
3.1069440804749195e-227 512.7494541590858 0.28431095 0.02198948 0.47244645 -512.53061187224 -0.21974323106126692
3.05042602483241e-227 512.7474673750014 0.28543585 0.0218997 0.65555777 -512.7472529934106 -0.0022011656751795105
3.0033226651903153e-227 512.7409824916613 0.28925629 0.02178351 0.4461449 -512.7132679483943 -0.03419942660704324
2.969664355359272e-227 512.7304200901118 0.30475232 0.02232077 0.86324985 -512.6088236599305 -0.1321588317307183
2.9326662633098278e-227 512.7264272079824 0.30059558 0.02170542 0.59168289 -512.5166626029131 -0.2137574871986953
2.883215693177892e-227 512.7248230237564 0.29464543 0.02172548 0.50357052 -512.49258717951 -0.23384002847237095
2.8299942236562904e-227 512.7240845680619 0.28774613 0.02220282 0.44143366 -512.5198515099964 -0.20497151375994685
2.7778637138034195e-227 512.7224033125287 0.31273875 0.02185862 0.71260431 -512.6451050899773 -0.07897947808466617
2.7401186562344755e-227 512.7118682721856 0.28980931 0.02223835 0.76446863 -512.660861942977 -0.061541369551735364
2.715032093241742e-227 512.7011936990411 0.30094716 0.02231656 0.75888947 -512.5992141682142 -0.11265410397146328
2.6762594330327723e-227 512.7010019170863 0.29477067 0.02174228 0.54276295 -512.4933803988769 -0.20781330016423857
2.6343048545069855e-227 512.6932051342278 0.28937967 0.02182986 0.59750608 -512.5187548283079 -0.18224708877830806
2.5957416006950905e-227 512.6908769770602 0.28641637 0.02195602 0.43817085 -512.6077796862868 -0.08542544794100734
2.552444618761957e-227 512.6872431905458 0.29489458 0.02175157 0.47429331 -512.6812037814369 -0.009673195623277677
2.509356551732317e-227 512.6853197614076 0.30988533 0.02221496 0.50767302 -512.5169829141498 -0.17026027639599467
2.4651354526028073e-227 512.6831973573225 0.3109871 0.02218599 0.87931019 -512.5955047752814 -0.08981498612632147
2.419985492817212e-227 512.6826838683512 0.29015977 0.02182403 0.79749906 -512.6180944127253 -0.06510294459718224
2.375382730088473e-227 512.6807988679841 0.29629707 0.02229317 0.45691577 -512.59194026827 -0.09074360008112706
2.3317413380657057e-227 512.6801642864754 0.3053258 0.02227808 0.76745487 -512.5044683131601 -0.17633055482398052
2.29404296260216e-227 512.6738028238714 0.30134095 0.02174428 0.46434629 -512.5227767566482 -0.15738752982713286
2.261723640758025e-227 512.6689319487616 0.31053543 0.02186086 0.52862791 -512.4941719424667 -0.17963088140475783
2.23275933214998e-227 512.6599896415954 0.28749669 0.0220701 0.65511087 -512.6090872984262 -0.05984465033548115
2.1996619315931927e-227 512.6591758848532 0.30278593 0.02227878 0.68089448 -512.6540596681073 -0.005929973488169392
2.160559837710194e-227 512.6562589662755 0.29363874 0.02224844 0.726299 -512.5009416663856 -0.15823421846750352
2.1277366690718277e-227 512.650194804964 0.28905131 0.0219004 0.87253483 -512.532950931385 -0.12330803489040974
2.0953593384398048e-227 512.6473141077695 0.30682257 0.0218093 0.46555866 -512.6163951156892 -0.03379968927476834
2.0604123456951098e-227 512.6442277172401 0.29996986 0.02227365 0.75730981 -512.5424083856368 -0.10490572213264132
2.0331701555156382e-227 512.6343506660196 0.30863267 0.02218363 0.61020201 -512.4922012863354 -0.15202643090466086
2.0089423319253782e-227 512.628582087524 0.30539467 0.02180928 0.63099156 -512.5710824971685 -0.06326816885113337
1.9752487474219752e-227 512.6285651765286 0.29293947 0.02182762 0.46270379 -512.5236636228203 -0.1049184647036531
1.9372402503534735e-227 512.6278368246038 0.31075429 0.02194506 0.44019125 -512.541112150856 -0.08745302567265699
1.9016245191633826e-227 512.6260723236355 0.30168075 0.02225508 0.59825347 -512.61456594918 -0.013270875423834752
1.866559710490112e-227 512.6254539301798 0.29907519 0.02178315 0.7901515 -512.4954930903571 -0.13057923327842674
1.8311942310179829e-227 512.6247244469007 0.30947009 0.02214668 0.59669301 -512.4928921596843 -0.13256177049555007
1.799145001341934e-227 512.6211652823986 0.30096702 0.02178714 0.42761646 -512.5868028443188 -0.03792160258191982
1.7701521231771527e-227 512.6176113122897 0.30193012 0.02179368 0.85869702 -512.493038598332 -0.12812668406666378
1.7393620085651715e-227 512.6166513084239 0.30434229 0.0222297 0.83807099 -512.4965779053854 -0.12103340690428571
1.7063199796406698e-227 512.6163646306946 0.29571513 0.02180766 0.58090017 -512.5127411532909 -0.10391015513302239
1.6743774370862566e-227 512.6148417650319 0.29192831 0.02217407 0.78840543 -512.5098211696401 -0.10654346105456536
1.6440747217566703e-227 512.6132867409359 0.29233469 0.02218427 0.41098638 -512.5587537583602 -0.05608800667161639
1.6136239630737759e-227 512.6126263920369 0.29346236 0.02183944 0.856795 -512.5495246671543 -0.06376207378167202
1.583910892366979e-227 512.6108532058691 0.30967941 0.02211193 0.61348076 -512.5355874220822 -0.07703896995464674
1.5552956607590935e-227 512.609483568168 0.31011305 0.02208472 0.66062913 -512.5908846012398 -0.01996860462926882
1.5275093576145845e-227 512.6073029210079 0.29911899 0.02224028 0.63876935 -512.5995865614049 -0.009897006763183511
1.4992897508575913e-227 512.6071712123054 0.30741731 0.02186522 0.78361545 -512.4926427386789 -0.11466018232895042
1.4745110208527705e-227 512.6010372145464 0.28997302 0.02207292 0.53435526 -512.5505614127532 -0.05660979955225635
1.4502397371514153e-227 512.600751661253 0.30643644 0.02185531 0.59597197 -512.5944187939629 -0.006618420583541237
1.4220240053833766e-227 512.6007272718596 0.29040441 0.02210097 0.50099034 -512.5366590916477 -0.06409256960529047
1.3959260952846658e-227 512.5981943106109 0.29092944 0.02192239 0.57390524 -512.5852370626626 -0.015490209196993164
1.3731275508643654e-227 512.5940587704366 0.30127628 0.02181449 0.88849339 -512.5756799059133 -0.02251440469763422
1.3492852784010315e-227 512.5936168152049 0.29239968 0.02215406 0.82860675 -512.494264294082 -0.09979447635467843
1.3234961489228591e-227 512.5930499392227 0.29630491 0.02182773 0.88340294 -512.5511471767471 -0.042469638457734826
1.2991347160556385e-227 512.5911691508006 0.29023164 0.02204123 0.6957466 -512.5056993241228 -0.08735061509991994
1.2762927427542121e-227 512.5889227798164 0.29045277 0.02197971 0.59452585 -512.5901042746493 -0.0010648761513213042
1.2539399929158805e-227 512.5869016405214 0.30829754 0.02211479 0.48447093 -512.5850876840736 -0.0038350957427474917
1.2329022131504407e-227 512.5831593562617 0.29297889 0.02188747 0.61208921 -512.5656684756481 -0.021233164873392475
1.2115467333714452e-227 512.5822392516789 0.29069223 0.02199932 0.79262137 -512.5416588271473 -0.041500529114425304
1.1886149069409325e-227 512.5817722442728 0.29397428 0.02187012 0.73861832 -512.5812289909662 -0.0010102607126290107
1.1656424386811792e-227 512.581666547217 0.3070458 0.02189647 0.47842796 -512.5286915818172 -0.05308066245561224
1.1433920286447741e-227 512.5807133667014 0.29223388 0.02191336 0.84762359 -512.5456076836285 -0.0360588635884918
1.123057418997743e-227 512.5779519792869 0.29638056 0.02184384 0.61047792 -512.5538405652989 -0.026872801402542078
1.1026966558655482e-227 512.5776984605758 0.30161401 0.02183315 0.54316612 -512.5046257679332 -0.07332621135368032
1.082152201389477e-227 512.5759611588793 0.29369523 0.02188253 0.52338581 -512.4952039556399 -0.08249450493592453
1.0626330065810962e-227 512.5744970685272 0.30591623 0.02188229 0.84176142 -512.5313033079007 -0.044657850978649646
1.0430457886897732e-227 512.573565026857 0.29382362 0.02188465 0.63920153 -512.5296832211881 -0.04481384733913904
1.0234691000971456e-227 512.5727860300051 0.29128674 0.02205465 0.76974281 -512.5302747475104 -0.043290279346578094
1.0055571661507382e-227 512.5692750087005 0.29675143 0.02218858 0.62734302 -512.5699483807824 -0.002837649222694504
9.879289740078032e-228 512.5685503339763 0.30847154 0.02203758 0.8613653 -512.5021222439868 -0.06715276471362938
9.696517649787878e-228 512.567017819259 0.30536975 0.0221561 0.81146877 -512.5678201145922 -0.0007302193841008065
9.515361895121238e-228 512.5666630870543 0.29171304 0.02206683 0.56748291 -512.5232457837054 -0.04377203555366401
9.332857150237238e-228 512.5661452674544 0.3065771 0.02191259 0.48135822 -512.5614803263961 -0.005182760658131574
9.152262398009702e-228 512.5661379559418 0.30809518 0.02206107 0.4960587 -512.5388826032981 -0.02726266415628239
8.987590318152714e-228 512.5628553727522 0.29341989 0.02212659 0.77741744 -512.5621522017785 -0.00398575416325212
8.830552269389424e-228 512.561784724044 0.30650163 0.02212159 0.69273369 -512.5360083132214 -0.026847059530851595
8.670213045899844e-228 512.559899108606 0.30172431 0.02218479 0.7816027 -512.5373973459009 -0.024387378143088227
8.50880764468891e-228 512.5597616707828 0.30585203 0.02190671 0.46160326 -512.4957338492079 -0.06416525939814655
8.343845875184489e-228 512.5594490223641 0.30773793 0.0219817 0.57090635 -512.5294329881565 -0.030328682626352667
8.183229221638319e-228 512.5590312416056 0.29442155 0.02189758 0.89335678 -512.5559821168013 -0.0034669055628311885
8.031918232008301e-228 512.5571715097174 0.29427355 0.02190377 0.82893645 -512.523621302783 -0.0354099388225503
7.88298238574608e-228 512.5568592967421 0.29218044 0.02205104 0.79039146 -512.5252500187956 -0.03192149092169794
7.730416866231229e-228 512.5566532775831 0.30458918 0.02215268 0.86772331 -512.5545819393317 -0.002277357410473171
7.57965743452035e-228 512.5566435999789 0.2985986 0.02218299 0.73761318 -512.5150575214786 -0.041595756104464136
7.444449517578158e-228 512.5530498153431 0.30598767 0.02192373 0.45720017 -512.4938725634206 -0.06277103655826645
7.322844535701205e-228 512.5499772232872 0.30183846 0.02217099 0.57576298 -512.5311504514608 -0.021899363882329954
7.19141776710673e-228 512.5496632491914 0.29732199 0.02187376 0.85867286 -512.496104022837 -0.05387320045015803
7.054367942900173e-228 512.5488548012887 0.30555574 0.02211973 0.8520874 -512.4991259513046 -0.05053729788683938
6.929269500001951e-228 512.5458452853987 0.29842203 0.02187242 0.74017322 -512.5253543168777 -0.023500484411036318
6.805427608682899e-228 512.5453152023186 0.30701719 0.02201386 0.46892971 -512.4943780826806 -0.051467202718205075
6.676800459636215e-228 512.5444033121636 0.29367637 0.0219478 0.61909177 -512.5452262122756 -8.89900431162668e-05
6.553478555055752e-228 512.542996062753 0.30404804 0.02190227 0.56095301 -512.5320870972203 -0.012316214943338977
6.43084013335878e-228 512.5425792013126 0.29407735 0.02210113 0.61637877 -512.5102452801207 -0.03275078263232053
6.310325278717627e-228 512.5412271480263 0.30079447 0.02187711 0.63331876 -512.5270247155895 -0.015554485723088676
6.197973965035578e-228 512.5389043707876 0.3065872 0.02201137 0.58921914 -512.492978477479 -0.04824867054731027
6.084015479510662e-228 512.5387356319727 0.30264359 0.02214784 0.84628125 -512.538728372514 -0.00017599827356880462
5.967461357664239e-228 512.537985879503 0.29358741 0.02196775 0.41150453 -512.5001148214023 -0.038620810570419196
5.855472974969166e-228 512.5370201271777 0.30639978 0.02200383 0.49812113 -512.5315359650813 -0.006449914421722554
5.743437036712744e-228 512.5370183060446 0.30646031 0.02203174 0.86457895 -512.5364023722123 -0.0006177549653995758
5.63227648539942e-228 512.5365031559201 0.29342761 0.02199853 0.62378241 -512.5366924440073 -0.0003258620373788309
5.527882900543118e-228 512.5348312963805 0.29623283 0.02190893 0.59777895 -512.5354142111029 -0.001088944817146588
5.424073326839845e-228 512.5348128701628 0.30458311 0.02192936 0.42549241 -512.5056804010259 -0.02915089535466583
5.324720633241537e-228 512.532201391715 0.29617936 0.02191584 0.80805085 -512.51540049519 -0.01941237497280079
5.228024989106554e-228 512.5318592826115 0.2939075 0.02205111 0.75767027 -512.5065649235505 -0.02563646816452068
5.126879357889538e-228 512.5316689445738 0.3023143 0.02213878 0.71333264 -512.5295727354372 -0.0022865471742655715
5.0299875322545866e-228 512.5304137255594 0.30536358 0.02207496 0.66736974 -512.4983332662781 -0.033335678295657055
4.9353982929936834e-228 512.5300315886003 0.30236637 0.02213543 0.51446012 -512.5232749952918 -0.007138730267572693
4.84012352425331e-228 512.5297947194588 0.30240279 0.02190549 0.89942492 -512.4985498878683 -0.0314817007319744
4.745886219239242e-228 512.5297504369709 0.30235354 0.02213491 0.85673173 -512.4988078498546 -0.030986869604153217
4.653507095210734e-228 512.5295035483076 0.29398889 0.02203871 0.81578657 -512.4985509215256 -0.031199515445216333
4.5646255778160897e-228 512.5287146404482 0.29923888 0.0218953 0.44948601 -512.5286761786641 -0.0008273696435490228
4.477708946430922e-228 512.5283481132191 0.30482757 0.02195288 0.50169648 -512.491973476012 -0.03674116443614439
4.391760513332225e-228 512.5278720988031 0.29558919 0.02193672 0.78932083 -512.5177043144702 -0.01064379874888341
4.3069482674852865e-228 512.5277439661938 0.30469914 0.02195023 0.64196482 -512.5114853370703 -0.016386761732761
4.223292258694283e-228 512.5274960849928 0.2953963 0.02209819 0.68796026 -512.5162418487588 -0.011502117435043355
4.1414236412036887e-228 512.5272894600342 0.3034857 0.02192437 0.60420817 -512.5130487755623 -0.014447309430521641
4.0612347824614795e-228 512.5269959261219 0.29752136 0.02213254 0.45568233 -512.5056806227857 -0.021608837248532513
3.9835624694472706e-228 512.5263054015473 0.29428503 0.02198288 0.41738314 -512.4970674042593 -0.029928521862618098
3.9106673852383894e-228 512.524328460541 0.30481296 0.02196567 0.68664221 -512.5230486509756 -0.0032567505717484607
3.839832524147941e-228 512.5232580444255 0.30095797 0.02190713 0.49404346 -512.5173547614429 -0.006973699098089687
3.7707000880081586e-228 512.5210602634385 0.2945682 0.02202654 0.54367931 -512.493156336288 -0.030101708137436334
3.702547773237979e-228 512.5201308260613 0.30459424 0.02197434 0.64767437 -512.5209590778435 -0.00010118559504002869
3.6321739859699926e-228 512.5198344284986 0.30328405 0.02193869 0.59582445 -512.5152054584236 -0.004925367637746236
3.561688474321007e-228 512.5197188333556 0.29895946 0.022126 0.87872856 -512.5042132712963 -0.015621157202329532
3.4924180010147323e-228 512.519509960838 0.30279016 0.02193142 0.73254176 -512.4931676626952 -0.026551170660403915
3.424327830262821e-228 512.5194918374676 0.29734297 0.02192501 0.49467894 -512.5009686930501 -0.018541267787904263
3.357223239611219e-228 512.519486672158 0.30322792 0.02193854 0.67299803 -512.4981710256676 -0.021320811799996408
3.2914191563999196e-228 512.5194773613355 0.30240779 0.02192651 0.78247652 -512.503806780707 -0.01567989145097854
3.227306556937309e-228 512.5192232741645 0.29634515 0.02209702 0.74446772 -512.4988230596944 -0.020654301641069232
3.165563123523974e-228 512.5185061075148 0.29760798 0.02192595 0.79014691 -512.5052065336246 -0.014016740539893503
3.1058307974974385e-228 512.5177174758086 0.30217191 0.02211221 0.67698724 -512.4976051251848 -0.02090098232997859
3.047997106637552e-228 512.5164941888844 0.30440095 0.02205656 0.69612085 -512.4976267693645 -0.020090706444037872
2.9900695850048614e-228 512.5164879048172 0.30373337 0.02208118 0.52124287 -512.5133355337229 -0.0031586551614853926
2.931483117576004e-228 512.5164652969585 0.30440587 0.02198439 0.56840681 -512.5076447560244 -0.008843148792697085
2.8742576138027833e-228 512.5163107736981 0.30453098 0.02199242 0.81733419 -512.5134687126055 -0.0029965843530113867
2.818543757731455e-228 512.5160081913167 0.29902344 0.02211922 0.6081363 -512.5145136048566 -0.0017971688416032017
2.763898097782528e-228 512.5158621336283 0.30222143 0.02210719 0.89464834 -512.4927451573463 -0.023263033970387766
2.710047909413827e-228 512.5157543824498 0.30331469 0.02208932 0.82239942 -512.4978998790245 -0.017962254603703806
2.657825507584702e-228 512.5151729673672 0.29638669 0.02195441 0.81197481 -512.504399066416 -0.011355316033845757
2.6079294507670304e-228 512.5140527920688 0.29951955 0.02211593 0.7350435 -512.5050059893944 -0.0101669779728311
2.5585357509731854e-228 512.5138103538417 0.30363635 0.0220744 0.64901982 -512.4923054573735 -0.021747334695343547
2.509099447883121e-228 512.5134699907763 0.29827121 0.02193115 0.70918254 -512.5068170067971 -0.006993347044624979
2.4606749620041937e-228 512.5131815229947 0.30289327 0.02209001 0.77674015 -512.4948169465418 -0.018653044234543965
2.4129133337157465e-228 512.5130663537277 0.30196761 0.02210342 0.52438774 -512.5016002414914 -0.011581281503392497
2.365843869597515e-228 512.5129764578978 0.29764167 0.02210212 0.57902645 -512.496624296206 -0.01644205752167518
2.3209855082735116e-228 512.5117472561842 0.30043237 0.02211009 0.86630194 -512.4970423820614 -0.015934075836447216
2.276987762295372e-228 512.5116477699439 0.30407383 0.02199796 0.52481504 -512.4925683891121 -0.019178867072127837
2.2324542975802754e-228 512.5116456999799 0.30095062 0.02210819 0.58989219 -512.5105000305883 -0.0011477393555815983
2.189212825644889e-228 512.5111616204957 0.29664366 0.02207846 0.74094094 -512.493266893027 -0.01837880695296431
2.1469027501291646e-228 512.5110720222114 0.30214529 0.02209596 0.51334732 -512.5030862239728 -0.008075396522943428
2.1055547625794257e-228 512.5104509495063 0.29850576 0.02210362 0.61264379 -512.4974375517536 -0.01363447045775449
2.0651050309485607e-228 512.5102624601011 0.29696928 0.02195772 0.81209745 -512.4939272075018 -0.016523742004549962
2.0251676948852917e-228 512.5099028746484 0.30399258 0.0220098 0.85272872 -512.5010957751231 -0.009166684978021108
1.9862139070019398e-228 512.5095016977045 0.29647697 0.02197054 0.55229651 -512.5096570349411 -0.00024583970732063634
1.9479111153628584e-228 512.5092429800753 0.29724328 0.02208596 0.55563983 -512.5037216073488 -0.005780090355744836
1.9104242787894072e-228 512.5087609297386 0.29612743 0.02199204 0.77069023 -512.4989615046605 -0.010281475414785272
1.87345886004471e-228 512.5087156133993 0.30386528 0.02202182 0.54321938 -512.5069131423685 -0.001847787370185372
1.837016970788962e-228 512.5084423645516 0.30231151 0.02208545 0.71172685 -512.5087077941904 -7.819208939996405e-06
1.802174646614599e-228 512.5074085509488 0.30011572 0.02210149 0.43530068 -512.4983189438036 -0.010123420748009392
1.767966642044717e-228 512.5071648101876 0.29605685 0.02202178 0.63129281 -512.4917172822344 -0.015691268714331113
1.734415132169278e-228 512.5061232316492 0.29990697 0.02194321 0.75252389 -512.5071573501413 -7.460046382185912e-06
1.7015783557067507e-228 512.5057872967794 0.29863684 0.02194887 0.79503244 -512.4921896252141 -0.013933606435137644
1.6688641402118057e-228 512.5053440487636 0.29953652 0.02209549 0.49439798 -512.4938330805718 -0.011954216207610908
1.6369330455091858e-228 512.504819747055 0.29807187 0.02208385 0.55445428 -512.4918799111759 -0.013464137587671586
1.6054245152251804e-228 512.5046110958291 0.30276881 0.02198007 0.87296489 -512.4951853265062 -0.009634420548779436
1.5742993837399507e-228 512.5043702550568 0.29669228 0.02198888 0.51421604 -512.5008444581017 -0.0037666377274332224
1.5446747076510094e-228 512.5030002851719 0.29857858 0.02208198 0.73453903 -512.5020822851748 -0.0022879698819867444
1.5158924816902792e-228 512.5023825879176 0.29964859 0.02195444 0.7330126 -512.4939225577783 -0.009077727393541535
1.486820840720626e-228 512.5021233236558 0.30133293 0.02196241 0.58209063 -512.4922256601395 -0.010156927778115905
1.4578728669743387e-228 512.5021008038186 0.30200914 0.02197279 0.5686511 -512.4942860792585 -0.007837244397374923
1.4295221952556814e-228 512.5017944397526 0.29987185 0.02208606 0.40588397 -512.4968350226242 -0.005265781194438385
1.429806140158778e-228 512.5017035633927 0.30290831 0.02202179 0.60147787 -512.4914823226952 -0.010312117057444567
1.4298832892821608e-228 512.5016865251704 0.30281549 0.02200452 0.66096191 -512.5016959819002 -7.5814924894078035e-06
1.4300461770210408e-228 512.5014757537879 0.30258804 0.02204666 0.76994882 -512.5011203438665 -0.0005661813038263046
1.4303345116167787e-228 512.5012833118232 0.29950129 0.02208139 0.80488588 -512.4997968115285 -0.0016789422593130557
1.4305995047983796e-228 512.5011052536174 0.29745279 0.0220541 0.78257069 -512.4923772356958 -0.00890607612730412
1.4310451459010253e-228 512.5006604372974 0.30273929 0.0220214 0.55943164 -512.4983579738994 -0.002747279718033695
1.4313729239224233e-228 512.5006471606612 0.30037326 0.02196133 0.8833889 -512.5006557831186 -4.6541787601764025e-06
1.4316305167953905e-228 512.5003005754721 0.3009543 0.02207535 0.44984064 -512.4925124507564 -0.00813470990471994
1.4319621062681097e-228 512.5001839543571 0.29883502 0.02207482 0.59672829 -512.4930609113803 -0.007239664091817099
1.4320559867278362e-228 512.5001694549925 0.29758731 0.02198363 0.51034783 -512.4930836912438 -0.007100263113371071
1.432158359262915e-228 512.5000409907291 0.29732449 0.0220476 0.48967988 -512.4970439549729 -0.0031255000195129718
1.4323400119169905e-228 512.499915794101 0.29728963 0.02203693 0.80189367 -512.4982410672247 -0.0017999235043223258
1.432557776361568e-228 512.4997369498307 0.30021416 0.02207601 0.77842989 -512.4992382035834 -0.0006775905174633209
1.4327197541312513e-228 512.4996896615945 0.29918802 0.02196576 0.81821646 -512.4923240615745 -0.007412888256149276
1.4328011101441454e-228 512.4996233849599 0.30106638 0.02196993 0.86422754 -512.4927383655692 -0.0069512960253640356
1.432971995020046e-228 512.4994511495514 0.30231368 0.02199838 0.83444333 -512.4936997503903 -0.005923634569660021
1.4331260756208415e-228 512.4994083391622 0.29708105 0.02202495 0.45392883 -512.49834702155 -0.0011041280014483198
1.4332688407000236e-228 512.4992519292358 0.29748858 0.02204289 0.67819633 -512.4993503316986 -5.8007463609584366e-05
1.433526852286438e-228 512.4990483434432 0.30173875 0.02205727 0.70472882 -512.4980143861575 -0.001237543078375933
1.4340145894188412e-228 512.4985716198568 0.3009512 0.02206662 0.87488941 -512.4957652499885 -0.0032830934546524393
1.4343757899464372e-228 512.4985445889416 0.3011006 0.02197446 0.60127348 -512.4934357258426 -0.005135894014177857
1.434477000023699e-228 512.498430507179 0.30191933 0.02199164 0.84674952 -512.4936437778285 -0.00490081111314165
1.434587808274994e-228 512.4983900991693 0.29931106 0.02196959 0.63812837 -512.4965303543486 -0.0019001528304262811
1.4347376684355644e-228 512.4982216004333 0.30133777 0.02197913 0.55329004 -512.4923845674891 -0.006005531680251873
1.4351976707345794e-228 512.4977490152687 0.30154508 0.02205354 0.80683084 -512.4942746340014 -0.003946966431962172
1.4356061244512613e-228 512.4976524328453 0.30149625 0.02198443 0.4448712 -512.4950904939265 -0.0026585213422517617
1.4357728121198048e-228 512.4975168117934 0.30002012 0.02197032 0.44171167 -512.4946627116273 -0.0029897212180405213
1.435912434701158e-228 512.4974579473794 0.300743 0.02206363 0.741163 -512.4916839194517 -0.005832892341688908
1.4361056142317044e-228 512.4972477713902 0.29781007 0.02203596 0.75574569 -512.4929608192954 -0.004497128084039198
1.4365455270180405e-228 512.4968454237772 0.29767462 0.02200475 0.44480024 -512.4966458173445 -0.000601954045658818
1.4372788877638953e-228 512.4962270811079 0.29937686 0.02206065 0.64326427 -512.4962959554957 -0.000549468281527954
1.4382037237999012e-228 512.4955589273158 0.29951607 0.02205757 0.65909504 -512.4923217495907 -0.003905331517256329
1.43877958509809e-228 512.4954263278805 0.29819958 0.02200658 0.67117622 -512.4922236144807 -0.0033353128350134906
1.4390623045013298e-228 512.4951659795638 0.29795982 0.02201485 0.44170615 -512.4950008428918 -0.0004254849887270351
1.4393053490042785e-228 512.4950885591892 0.30096019 0.02199334 0.75758721 -512.4951032257222 -6.27538416152824e-05
1.43961869250537e-228 512.4947306481318 0.30046412 0.02205073 0.68636745 -512.4934088369644 -0.0016797222248739942
1.4399980760448274e-228 512.4945615426026 0.2988228 0.02199449 0.55986978 -512.4924988813802 -0.002231766751658284
1.4401962096384178e-228 512.4944554768109 0.3012923 0.02202846 0.80611499 -512.4930238886894 -0.0015376539131432727
1.440275718762026e-228 512.4944511285489 0.29851477 0.02200313 0.56135217 -512.4942863449564 -0.00016913185444159017
1.4405265928631788e-228 512.4941071671715 0.29863681 0.0220077 0.71889343 -512.4937787649853 -0.0006723635635597251
1.4408087924264748e-228 512.494059337355 0.29860604 0.02200789 0.64217883 -512.4937494824101 -0.00035768476144164854
1.440849387027846e-228 512.4940508176701 0.29896118 0.02203985 0.81736276 -512.4937130165674 -0.0003463207875604821
1.4409151855265035e-228 512.4939680082058 0.30080097 0.02200002 0.67446029 -512.4931200519746 -0.0009307656954924323
1.441070337924768e-228 512.4938354793644 0.29977804 0.02205075 0.43511661 -512.4930250258965 -0.0009429823092904015
1.4414103244315153e-228 512.493496235481 0.29880872 0.02202469 0.8258447 -512.4916010043684 -0.002234474996045336
1.4421074098922466e-228 512.492868555938 0.30031224 0.02199954 0.43121297 -512.4934443471661 -5.188831482078965e-05
1.4425659511833722e-228 512.4928603058528 0.29913976 0.02201251 0.72717871 -512.4918796709571 -0.000988884980831327
1.4428423869199238e-228 512.4924853721855 0.30022399 0.02201251 0.81555535 -512.492727700003 -0.00013260584974998218
1.4432976798430568e-228 512.4922292811017 0.29967993 0.02201336 0.65231994 -512.4923527621058 -0.00013261007961760758
