4.9016421306213974e-139 313.1614899510994 0.33131489 0.02394327 0.41005312 -27.05882701541535 -13.614074311813171 -16.109564766116918 -0.08156480727495433
2.1301841600357405e-138 311.94086159207694 0.19199273 0.02447031 0.42004263 -20.04740240374018 -59.52671471123422 -224.84689012143014 -8.74048271469486
1.3618777669894282e-126 284.4886888996788 0.21938484 0.02112436 0.40760253 -32.810537362969725 -77.99667172796067 -186.9465120998524 -14.187140401294116
5.006538048726217e-124 278.5743850725812 0.28978554 0.02101139 0.40668245 -26.11505242807584 -77.77628241488088 -178.70188586495328 -1.895468191768753
7.210157835007686e-122 273.5987015586644 0.1615622 0.02071988 0.43537046 -18.92459290428398 -66.61239089042702 -190.6335813956953 -2.4038198821748873
2.0348064021176805e-119 267.94269639275655 0.10333835 0.02093267 0.59074632 -43.470835786522386 -78.49378008248293 -147.63994408628707 -3.99414160337198
4.612556773572021e-116 260.2035541370014 0.10843547 0.02498566 0.62866523 -75.96911039135905 -46.86590477104053 -142.31399371618215 -2.7936875141748136
7.856341671916793e-115 257.41790572705304 0.10526191 0.02486519 0.73649004 -72.37177796103649 -37.69753053212036 -129.3517251497415 -20.782520494103032
1.7696602413171093e-110 247.32574371296067 0.31349648 0.02060217 0.42134628 -74.61069358299727 -24.085897843452326 -139.59298634223728 -19.12832795836617
7.702784757769625e-106 236.6346400080988 0.16538708 0.02075077 0.45707903 -19.14719573939541 -57.50076244681751 -165.9277085362319 -4.750076990515837
1.691387225540556e-102 228.93081043836995 0.34048078 0.02153623 0.43518215 -41.93014447957361 -69.69379536935932 -121.20411847872082 -3.80658168044505
4.1138827602955966e-100 223.43049784068728 0.1123709 0.02380337 0.70563982 -20.73589586538544 -48.96171920895262 -158.68017695443334 -0.5530184095985474
1.6027871965675462e-98 219.77955865322105 0.45031928 0.02067197 0.4615483 -69.71116016309634 -25.357512582356456 -120.84672288965035 -7.515102205584128
3.949310646740357e-97 216.57954372661527 0.29573828 0.02252345 0.44182663 -38.93067111094365 -29.97678542912681 -146.5781812665982 -4.2939208465523935
1.5073996828880476e-96 215.4768816606906 0.11384471 0.02327176 0.71379412 -18.87038021281182 -52.38200417428368 -144.72824235250866 -0.5989169870111142
1.296849671187573e-95 213.11848648350673 0.12216063 0.02413042 0.83144869 -68.73618116138258 -24.162834878895058 -118.87534958435447 -3.7025160360585176
3.561581575784126e-94 209.7388124451122 0.12934225 0.02444561 0.87310684 -63.48079122679473 -17.931614066451388 -121.18180375790587 -10.524277432354753
2.5962446682741925e-93 207.84973952279887 0.42505265 0.02090571 0.46207496 -59.25309394818723 -19.004039313448278 -117.5791252340182 -13.902553949458468
1.395872713340955e-92 206.19124600304076 0.15562138 0.02124836 0.49411178 -33.318669484045465 -31.792026726082366 -139.80512951308071 -2.9339137995903157
5.0279127342499906e-89 197.81797529048782 0.4304312 0.02071933 0.46989163 -46.014189910220104 -59.490018326175736 -99.28008305104112 -1.406954715603805
2.3303382138079478e-88 196.51445630807197 0.12303541 0.02233083 0.79720699 -34.44941139120656 -29.206742045766724 -130.16430677340722 -3.9975150801073296
4.1322137164608533e-88 196.26968017786749 0.12712562 0.02026113 0.61040292 -62.94794397196783 -17.641155199897778 -115.6970612945847 -0.22829584162165675
1.0127534500648142e-87 195.0419978141684 0.49026851 0.02066313 0.88176174 -60.505212728276575 -36.44181663498934 -92.01256465080185 -7.310086163799724
4.368641074055331e-87 193.50875689729978 0.17602016 0.02475363 0.51121535 -49.203510530773414 -84.90432583406532 -56.583775343903774 -4.350386105425917
4.6740463732294246e-86 191.0123824233214 0.44284063 0.02206517 0.48218164 -37.96300438230873 -49.891513068871056 -87.9965810956876 -17.6576583504324
1.9236026666915993e-85 189.75987929553665 0.3210606 0.02076617 0.45289609 -37.19018228974515 -25.178698428642885 -128.6386799977054 -0.004821707227951251
9.188603901875791e-84 185.64845921531224 0.15992641 0.0248415 0.5446157 -19.455093055493883 -45.24281718177921 -121.34719090056501 -3.714778157698529
4.2952855829306304e-83 184.31380520806704 0.38294448 0.02205885 0.47002078 -44.17436028380561 -44.03296888772529 -78.62998810625866 -18.81114193752268
1.0816017175558461e-82 183.51953966286268 0.17678313 0.02431275 0.51338449 -25.74809914326473 -33.19851279207763 -125.36362593141628 -0.0035673413083788883
1.91420265206909e-82 183.0524967623388 0.37056103 0.02308231 0.47445149 -37.69556125087134 -49.10308748724395 -84.2996070020301 -12.421283922717294
2.807647779657024e-82 182.70887790563413 0.49889535 0.02485762 0.54600406 -23.993253389639953 -33.106992558311035 -123.28566337252173 -2.6665874418660906
5.912054854136935e-82 181.739977362551 0.16572731 0.02154846 0.50512016 -51.64958401279913 -12.065561407897789 -99.96701900774664 -19.026713477190555
1.3977433298755486e-81 180.9096523265118 0.13847641 0.02183802 0.57005813 -41.8053997382167 -53.862993749777445 -85.54617846928774 -0.5254054052691471
9.794135200642793e-80 176.29828421955222 0.43453993 0.02314999 0.49767214 -54.24698057065869 -42.525051014320425 -84.05937083925633 -0.07824990227635782
2.891936652845857e-79 175.59921049330003 0.17456749 0.02034122 0.50152635 -35.334556706569764 -22.157176916891977 -115.78933790603955 -3.017212690050932
8.00120391461125e-79 174.44128022554654 0.4164618 0.02466216 0.51060062 -38.47771250457242 -53.084299111874046 -77.3777024825855 -6.6594963942680705
2.0145811659561435e-78 173.59032566774314 0.44274037 0.02036548 0.89963031 -31.581016535896367 -20.55517978135963 -105.80931868049905 -16.49576522779151
3.0641662981225257e-78 173.41454689216968 0.140466 0.02056403 0.83026103 -37.14972201104354 -77.8543200119713 -52.11785181280173 -6.468431831926555
8.465244642977506e-78 171.99607923780582 0.13156913 0.02146482 0.7648579 -53.2438725477813 -15.741820250998561 -99.4197768197694 -5.009077273620413
1.464231562301593e-77 171.83914766701326 0.33575742 0.02003722 0.46629801 -57.992240400067956 -17.09095413535326 -96.18455747473085 -0.7283272276537504
1.9059851860187325e-77 171.4755596891302 0.34560451 0.02490115 0.49739425 -20.360702611738237 -39.18519894139455 -103.00347716568169 -9.289768948198803
3.019598925749734e-77 170.93761792915726 0.13035685 0.02311498 0.72367447 -21.182637930107003 -29.30352285168879 -101.37454637240468 -19.614852534929728
4.5544274763274596e-76 167.7965120661911 0.35047307 0.02185121 0.47355228 -58.66849865041759 -19.81158257565627 -89.62441609477384 -2.833120608309539
9.058701922808428e-76 167.7050896985786 0.14158467 0.02408302 0.82842948 -21.651942672334613 -35.38942228942563 -110.68782420977189 -0.06732289465897075
6.457335736128829e-75 165.1579754208881 0.22269777 0.02198435 0.47911111 -52.67471482567231 -15.570469559230293 -89.40309368087874 -10.056811632797263
3.797049925346104e-74 163.47082087985393 0.49226074 0.02225311 0.52868182 -25.480130184062816 -51.01347280006583 -88.66136857221548 -0.0030038645439714323
4.427488100300288e-73 160.90924584186155 0.4360175 0.02461376 0.8879453 -49.77482184223198 -14.137409613778821 -99.43018201909676 -0.12840740474638188
1.1487146631728141e-72 160.30892358909892 0.13780335 0.02068068 0.74463914 -35.64337139496366 -70.05447614262064 -39.31448089850277 -15.896917405774486
3.21800509913738e-72 159.09053814383216 0.13488814 0.02216051 0.68283818 -54.618254993331284 -17.039058682109662 -84.41300458408983 -4.238605329568153
6.505365134782429e-70 153.51628247714325 0.33872934 0.02411801 0.4995998 -56.16479495270729 -23.086220674622155 -79.79287015017135 -0.046652366331351613
1.6158346382965307e-67 147.991544349408 0.46625918 0.02242577 0.53182296 -20.590188167930144 -29.415335901085697 -93.10993107866835 -10.40082732945905
6.006350421397408e-67 146.97294201729494 0.4898634 0.02345867 0.81246528 -42.8334320440292 -14.48583769862583 -90.28322144669715 -0.3890531600558127
5.452416469349184e-62 135.23853997790096 0.41389338 0.02303192 0.88804046 -49.092665848205584 -52.44013171889544 -40.549379519350076 -4.8907649308438295
2.505587455453406e-61 133.94618231732457 0.35763571 0.02235195 0.50317989 -31.06841235914382 -63.24876917300779 -38.50176177767293 -2.4195966680764305
5.5239528467115715e-61 133.337394158807 0.34442982 0.02109288 0.49649849 -22.41116169295278 -26.713806415989957 -84.56083275571154 -0.26038145267029966
3.9451980487690764e-60 131.02114632745574 0.32431344 0.02302852 0.50452758 -21.075691607040966 -29.651836142940855 -80.57879742979148 -2.031068979033693
1.0469700865729433e-59 130.35603030221526 0.16156561 0.02392489 0.82052083 -19.620104803980272 -29.628075836572897 -79.36956697946327 -2.4033987074392837
1.8239888011559845e-59 129.84657643850863 0.49082706 0.02339272 0.58854265 -43.51420232494491 -13.671982572681769 -64.59561624328181 -8.574229161306764
2.781374459275146e-59 129.46439101485646 0.15976498 0.02485565 0.73071195 -49.369979875833366 -9.68762593596476 -66.33634682920042 -4.452623797510093
4.248923083583174e-59 128.99705072807672 0.18622132 0.02060701 0.89209578 -44.26026241456054 -14.571687260574715 -51.632125119196985 -19.00031622052422
7.019394618208746e-58 125.7335100897457 0.37666289 0.02226729 0.51508131 -34.5935326908226 -20.09241548132055 -69.59335772313744 -4.7177448327961
6.840896363383228e-57 123.51216846777353 0.40919997 0.02251418 0.53079325 -24.82681836363537 -22.37480893255405 -78.38738671794651 -0.14449607560978042
3.2809287315046485e-56 122.03754051641805 0.41992533 0.02229991 0.5358046 -30.187509229521773 -17.148528678654984 -75.59907266512711 -0.5770578944696808
1.09722462196263e-55 120.88990813464471 0.49472259 0.02038749 0.73024848 -32.266924134876994 -15.75661602023588 -73.82886775196272 -0.18513260934246023
1.9326370917351777e-55 120.59453092284463 0.49252443 0.02105917 0.74816771 -50.454197240950464 -26.505838822821723 -37.63236638341055 -6.297505687461984
3.278072564753334e-55 119.907339649325 0.37186241 0.02008503 0.88120565 -49.83601577680964 -30.96098467853378 -37.61605846647935 -2.181472001021863
7.140417218591388e-55 119.07156534883917 0.17646445 0.02438943 0.6138098 -24.156249534355908 -48.736673832900195 -38.16724116144939 -8.847175120619507
1.112683443133969e-54 118.84346898628665 0.16072523 0.02328215 0.77637358 -37.81851972774325 -25.65009440380283 -42.33692733333715 -13.266023883955954
1.770266024105538e-54 118.20897632472612 0.44593562 0.02268245 0.822613 -43.86073760834938 -12.98228335641619 -58.23623207175885 -3.764215949762228
3.270521031466012e-54 117.59093880904592 0.41052838 0.02456024 0.84249326 -37.88538967926247 -45.78100195308781 -33.50562611727343 -1.0369585751024177
7.844578290489386e-54 116.58725339704712 0.31627344 0.02224245 0.51082305 -30.426921029338487 -44.53624010335909 -27.38011097318977 -15.247666703158568
1.1993588529146815e-53 116.48273402832947 0.40715566 0.02460614 0.84327198 -19.246181487255964 -28.883433385375053 -68.34071556955064 -0.11692295486546803
2.5118229983312283e-53 115.37728751662729 0.15817119 0.02270035 0.72152304 -29.798034333443926 -44.01198923775438 -26.868990356199486 -15.803720100931692
4.8451899199705795e-53 114.9115213825986 0.41087582 0.02472542 0.57528661 -44.936004619755444 -15.370686050695936 -53.97684443028038 -1.0937524158955245
6.705319954571081e-53 114.66853092409644 0.1681546 0.02432707 0.66832437 -30.500215445645782 -10.98475174921562 -56.13142030096638 -17.295133886770813
1.1630599760084587e-52 113.9143639130357 0.39382366 0.02010663 0.85117752 -40.87804741071967 -18.895334031114707 -42.318200933156774 -12.576948549105296
2.185598158200003e-52 113.33171210306283 0.39938842 0.02339478 0.86398157 -27.460778507377636 -43.59629946031508 -34.206565279966966 -8.65072066537601
4.129394400944585e-52 112.65172043832577 0.47898384 0.02113779 0.59140782 -28.40681942365168 -49.539820774877114 -30.919023590505457 -4.466048314028573
7.573715560700015e-52 112.06898850609915 0.46885856 0.02480888 0.67858743 -46.14155342584544 -9.476709916825987 -55.19437202296465 -1.8390850726896841
2.91021585723018e-51 110.45000570746119 0.38568698 0.02384619 0.55079335 -43.48783872673831 -13.7138225318974 -36.48872228937337 -18.378604958090058
1.723507950243642e-50 108.63088643278203 0.43120087 0.02008719 0.56008764 -26.16246335695631 -15.12922370695873 -61.27799808691745 -7.880320556628698
4.180017870805528e-50 108.0174378094079 0.44594449 0.02151864 0.79896424 -34.606953478300206 -12.015802089375999 -53.180742066102496 -8.827388799003337
1.0616762514936082e-49 106.9341646772719 0.48522416 0.02081769 0.62366312 -37.88796253732185 -37.70756998188708 -31.82794092154829 -0.5939643686506781
2.2984523592422985e-49 106.27835479828826 0.16712404 0.02074535 0.68349225 -47.82352655657834 -9.962743787598312 -45.73215904829463 -3.415735284800605
3.880589975446585e-49 105.81444152028686 0.48027619 0.02346218 0.70713428 -41.27789059664901 -17.34342858875202 -43.81789287827764 -3.8391427346095934
5.513863689840862e-49 105.52363688622378 0.42775598 0.02128871 0.81576274 -46.481348801174995 -19.450035052171625 -34.96842233600906 -4.914635330931189
2.074505177203354e-48 103.79356531844759 0.47073223 0.02214525 0.60514204 -33.86618923748573 -39.355394926632336 -31.038388040623968 -1.2636646814817387
7.645806874955476e-48 102.5749950988779 0.46739111 0.02173485 0.60114868 -43.97379726074879 -9.174362122740703 -50.608335466667 -0.0370704682911118
1.7647104929858767e-47 101.87171465942691 0.42499325 0.02466431 0.6100273 -43.11643897078614 -9.150993331998603 -50.115434216101264 -0.19212857999190774
2.559243784584147e-47 101.69799562781306 0.35477275 0.02463807 0.86686016 -33.295973799771325 -8.564580288091308 -43.48857472310132 -16.52258584846297
2.797918146087023e-47 101.66620395066025 0.47633499 0.02249629 0.72472588 -22.090172902817017 -39.73141915394479 -23.68009433628832 -16.19630923476292
3.5199147802081273e-47 101.25974165432534 0.45046479 0.02028574 0.7545905 -45.43210750982133 -22.61009287264347 -33.08795256159873 -0.5360510065967264
4.714202672580022e-47 101.03373791960544 0.45620963 0.02095489 0.75826679 -38.947615912745384 -25.913430732492422 -29.291792758407617 -7.1069022506799024
6.011384554252144e-47 100.75966813695396 0.27377908 0.02282521 0.53050553 -40.325543073527996 -27.747475443435906 -30.280036881070394 -2.68068252157116
1.5213011275655745e-46 99.50710930115946 0.25192755 0.02280737 0.5363392 -19.46554429521972 -28.921343805079342 -50.840716105475224 -1.532063931179678
2.5482057258538316e-46 99.34564687101478 0.33296123 0.0211004 0.52723395 -21.18882642498253 -30.338772355569304 -46.51458269345097 -1.4649278271566533
6.997870547636418e-46 97.92645994633328 0.21242652 0.0211874 0.87767027 -20.156354687290285 -23.372839362719784 -53.81819856761116 -1.9982542533935335
3.106403843159933e-45 96.40737183953759 0.29286454 0.02383103 0.54604227 -27.609142842768243 -19.58229920054437 -49.09697999455787 -1.6380379084628067
6.613580132864665e-45 95.92430922240139 0.44167229 0.02008183 0.59618188 -18.888050697279613 -23.24195906171236 -46.52730194757119 -7.750060132974432
1.0160269078802286e-44 95.51297652465644 0.37260888 0.02175797 0.85972424 -36.91588611499298 -9.091875016649153 -41.04009338679768 -8.876454703961583
1.9391326485850987e-44 94.72215902991313 0.3108811 0.02091153 0.89210229 -24.257092762922177 -41.506726007591425 -29.586912645161643 -0.16224510898117817
2.7923576805881843e-44 94.61425796502034 0.189264 0.02122966 0.59926144 -19.06389670177301 -37.70362209004155 -35.051275372449446 -2.90336486564913
4.3755591752246846e-44 93.91940524094026 0.30971156 0.02380065 0.89576899 -33.64439375458399 -26.15810302426804 -33.33578159905581 -1.4759795871125039
1.5671902924667968e-43 92.43254628320068 0.20514481 0.02220661 0.57506187 -19.032395615262143 -38.53935620985033 -28.855451680170912 -7.492201735656877
2.7293179438489498e-43 92.28704628260259 0.32645576 0.02208374 0.89042576 -29.300428672550904 -28.43205691020312 -34.61777767295142 -0.08228302749523865
4.072838213545743e-43 91.69357142147452 0.31296538 0.02223323 0.89707049 -19.736665722858277 -40.68912369406579 -31.851655228786868 -0.00960163689164834
6.106000895954021e-43 91.39299356325236 0.34181272 0.02278523 0.54603787 -19.126739986937146 -39.66231562414918 -32.79708079459341 -0.1074350157947755
1.063378150195542e-42 90.66968066885474 0.30766312 0.02189781 0.8961413 -20.844396490070537 -18.809070623118537 -50.35583680046418 -1.38368964959911
1.8485252370036384e-42 90.1949900507968 0.18674227 0.02430122 0.68453846 -18.98381749108633 -38.198734597003586 -33.451847062715395 -0.035281518049435336
2.5814884600311182e-42 89.94197405612734 0.26414742 0.02051879 0.53921209 -34.42305221081188 -14.542145240212246 -28.933131214325723 -12.296661385446958
3.885858783395181e-42 89.41087496758558 0.18199981 0.02157459 0.64098873 -20.079015937156125 -28.062586548818516 -36.475190789105596 -5.325180781047093
6.358127583692534e-42 88.92583805148509 0.18673328 0.02433195 0.71597949 -35.93883068713842 -20.362536667886413 -32.64072159972064 -0.4687860128401014
9.532195761254604e-42 88.55671562341081 0.26008681 0.02455988 0.87991577 -34.42747474603602 -12.211126657459767 -29.6570558957325 -12.630180752256804
1.2517329337460743e-41 88.33901354368807 0.43033102 0.02270677 0.59949261 -20.41113331038935 -25.343284379121137 -27.558934408600695 -15.243363525299634
2.1040120883242174e-41 87.61473151723196 0.43655831 0.02182174 0.60022986 -34.41863287299174 -8.958548263959617 -43.8473269365779 -1.11450547015881
2.894444731541118e-41 87.55377129172203 0.40587251 0.02006711 0.57966114 -35.77099144353964 -8.926070178138657 -42.824788095342164 -0.09288180021148816
2.971058304298044e-41 87.541688598306 0.20652872 0.02093659 0.5827894 -29.56990510575892 -10.695666006757742 -38.27643794494043 -9.011762234264928
4.195329080868942e-41 86.93451119408769 0.24451046 0.02220245 0.55083748 -28.96395108081752 -26.623280717191346 -29.180890727065318 -2.773566073231813
