0.0 832.604099168765 0.10711942 0.02489013 0.70456369 0.88195558 -705.503024782225 -23.665877096789924 -1.2896061813534625
0.0 828.4548467772073 0.4863294 0.02034179 0.41623479 0.60546098 -812.168454475556 -0.9704744173601795 -19.465170275848774
0.0 824.2060084251902 0.10423311 0.02080233 0.81325831 0.67782535 -731.9276280536337 -89.87226757175182 -6.654951151821819
0.0 816.508476367223 0.13793426 0.02362933 0.54661537 0.62732715 -815.7859196497852 -4.916504994683638 -3.5035837807213346
0.0 806.5999039728584 0.40409399 0.0243251 0.42506138 0.55766648 -778.593389358327 -31.79520587838642 -6.119881130509519
0.0 803.1696761872943 0.27251067 0.02002928 0.4219211 0.59200985 -709.0352248976774 -85.00918181542471 -12.555497259756425
0.0 797.7188424297192 0.42874293 0.02165422 0.42892026 0.71324955 -707.0815329673893 -86.72384717126256 -9.364296048642343
0.0 796.5962030511608 0.12573942 0.02149434 0.81420776 0.91711473 -714.4770992273989 -82.92559322488752 -0.31614997743281925
0.0 793.5278354361836 0.31684824 0.02186417 0.41310487 0.67519261 -790.9019471275427 -5.041339476779807 -0.6529164468382871
0.0 789.9495925675185 0.20590522 0.02476724 0.51773966 0.5553369 -701.8412498835908 -91.62920844550239 -0.05737710709051187
0.0 789.8754917350474 0.49677285 0.02175762 0.48858522 0.74149292 -730.0022409845262 -42.113381634302286 -17.833969948690022
0.0 788.7020409418345 0.14006138 0.02351326 0.64932067 0.82171883 -735.7130543494568 -53.99976721528875 -0.16267017030176129
0.0 780.4116892299293 0.17053389 0.02384897 0.8934448 0.84372284 -776.6066433286319 -6.826409487908003 -5.268988125294644
0.0 780.116785013076 0.3933559 0.02204342 0.44794868 0.8968809 -751.532389889646 -20.97490150157696 -7.904397838706373
0.0 778.9188736615291 0.14831509 0.02087335 0.82555714 0.67875792 -707.0861751504344 -73.02931423649912 -0.001295626142482047
0.0 778.0990333363769 0.14721869 0.02275924 0.82577577 0.54406487 -769.1573271487038 -6.654733368983671 -3.106813143841692
0.0 777.6315020730932 0.40855514 0.02423167 0.48364886 0.83162046 -770.1197190336215 -6.688008348447322 -1.2913059543080383
0.0 777.6163465265774 0.47939779 0.02332774 0.51264089 0.98149716 -709.9147469966505 -56.15842159495693 -11.558333481485713
0.0 777.5944615335085 0.21840822 0.02071662 0.49923877 0.92243007 -729.489548005835 -44.08570285891996 -4.041095661822508
0.0 777.1060372056754 0.26817775 0.02451931 0.48776164 0.5167374 -724.0951112575523 -49.48517656825242 -4.014173707703758
0.0 776.246568112899 0.19800959 0.02037821 0.53517162 0.81120213 -707.9887721757477 -54.35697577459616 -14.760289255331434
0.0 775.5232753909235 0.4667012 0.02457366 0.53765235 0.58159929 -734.1660587183181 -35.711241431727274 -6.369267962853632
0.0 774.2967225305786 0.15465895 0.02377048 0.67627838 0.71430726 -725.2709692720847 -34.84303808276008 -15.409268036078624
0.0 773.6351053163116 0.26921285 0.02281358 0.46566148 0.62787174 -763.749289081446 -3.3069085772991533 -7.24052487183334
0.0 772.267476096209 0.19758743 0.02016829 0.55282997 0.84499835 -707.7648254183428 -64.38217670744018 -1.4881031905286806
0.0 765.1154498187681 0.18412824 0.02241829 0.57740059 0.97454146 -734.4014553320534 -29.7638374053478 -8.102183358807824
0.0 764.9348531737993 0.1657107 0.02337356 0.8179107 0.65368376 -742.3515576599123 -22.389037115454283 -0.3748550434015254
0.0 762.3181426070457 0.37328154 0.02134199 0.48164734 0.77813334 -755.0624957267859 -5.543159191241203 -4.329198255772206
0.0 761.360337950896 0.43657591 0.02451157 0.55138555 0.73755636 -704.1861692841974 -57.04573560936698 -1.0862377134813683
0.0 761.1853482503741 0.15875799 0.02202532 0.76744882 0.89599642 -716.4613787921863 -30.229992782675257 -14.66896637603441
0.0 760.9808867697407 0.19246692 0.02286725 0.89703289 0.50990933 -760.432475256581 -0.7528061981627796 -6.679563024385865e-05
0.0 759.8124338559156 0.2245313 0.02473932 0.58308639 0.80707304 -737.3302923202197 -21.95439292173192 -1.696201527789113
0.0 758.8543725709721 0.4798259 0.02191439 0.55460407 0.86116907 -721.5073194750486 -20.83179438885645 -17.473319992010573
0.0 755.6989154007872 0.18595836 0.02448388 0.750056 0.70309953 -729.6317781657827 -29.196239269092708 -0.026355136096634486
0.0 755.662961700165 0.3262371 0.02380149 0.50635411 0.57909421 -741.2279753927216 -0.12616937958731053 -14.344770628478233
0.0 753.9505199998536 0.23033553 0.02489278 0.60552341 0.97858999 -701.5839714086749 -46.57970491298137 -7.499285378508798
0.0 753.8536232994682 0.30832228 0.02464512 0.53649506 0.85980623 -719.2149462376365 -15.234416500615577 -19.501157261601566
0.0 753.2137356104133 0.29535408 0.02140734 0.50087909 0.71524325 -702.3232095897231 -35.24673597272993 -16.283677737015232
0.0 752.5176057416879 0.24246903 0.02308626 0.53747324 0.8665283 -703.5192235685149 -48.80757422765153 -0.8869378142467985
0.0 751.6394521093544 0.20030156 0.02450597 0.80661022 0.62558987 -714.9257983021183 -34.90536649334338 -2.6864409462262415
0.0 750.2620690588402 0.18834549 0.02099183 0.64195107 0.95093455 -732.9500104853718 -4.086252204782939 -14.603189419199705
0.0 749.1269135053407 0.18853672 0.02120054 0.83330245 0.94135529 -739.7559397774656 -8.008156982350384 -2.497972299024284
0.0 748.9804871906588 0.1861831 0.02097926 0.65956248 0.93566157 -739.6559962918209 -7.884164732709178 -1.5867524808105604
0.0 747.9038321316644 0.39579201 0.02136652 0.5249618 0.77435913 -741.0804197176211 -5.340663007529091 -2.5594044655085404
0.0 747.0971567018861 0.49361445 0.02252153 0.8554985 0.83405849 -707.49782631525 -39.39694045541816 -1.0090653609962204
0.0 745.5460385202267 0.45942254 0.02010512 0.86460172 0.73252829 -734.518521191767 -11.984286253646736 -0.5943492564723232
0.0 745.1891887349191 0.48714161 0.02172341 0.616601 0.59437251 -722.9684800210902 -13.913190412927277 -8.664368086209214
0.0 744.652238401641 0.2780826 0.02105752 0.53316169 0.92381688 -732.1881803277207 -12.793156864498508 -0.20785154269980335
0.0 743.6782187587056 0.22691632 0.02254899 0.89883564 0.6673208 -706.0407651467273 -36.42251183134377 -2.188961423569978
0.0 742.8277792847888 0.20962302 0.02402265 0.66081101 0.89365434 -720.5620512801936 -22.454951673941185 -0.6612158045707884
0.0 742.4379886090229 0.4061491 0.02428759 0.89306442 0.6564987 -728.178944618733 -5.171996707119585 -9.476837958936228
0.0 741.925576695952 0.42745411 0.02351821 0.57708588 0.72139692 -709.4154092159318 -20.872374885679594 -12.150204507411473
0.0 740.4360938468515 0.49849622 0.02158625 0.80292627 0.83644829 -714.1447475750754 -22.476870238405844 -5.303958882470865
1e-323 738.0780680992989 0.38351203 0.02002474 0.5747389 0.82070458 -736.3323110032962 -3.6592188939117998 -0.4445639496434181
2e-323 738.0627985396735 0.19372405 0.02263531 0.71227026 0.61741495 -705.5337008907203 -23.13731569354808 -9.407051515030448
2e-323 737.8880987646484 0.42467706 0.02472568 0.82859819 0.73812079 -736.5935059701745 -0.5746695328505282 -0.894623036648487
3e-323 737.3504072861805 0.34322931 0.0233659 0.54820163 0.89368942 -713.4645889631362 -7.125027087219222 -17.298482714292913
5e-323 736.8713735568647 0.40099924 0.02321036 0.56799449 0.87786766 -701.7997276829559 -31.270331013858346 -4.280348589366246
8e-323 736.3639603532234 0.34972329 0.0243162 0.57952382 0.80532357 -708.4347564560916 -25.088431008890993 -3.3481860918821034
4.6e-322 734.2307088042829 0.24812668 0.02429562 0.8388079 0.60322327 -702.104308278022 -21.80095320488007 -12.45869887032127
1.126e-321 733.6368440841546 0.26730978 0.02498043 0.81185646 0.61788775 -713.1729644155872 -8.821382955806184 -12.236361432889515
3.286e-321 732.3513846928706 0.22173335 0.02345501 0.66359207 0.86440922 -708.1924993423513 -4.735049033198297 -20.709295708605094
8.246e-321 731.5329708013512 0.21637869 0.02367896 0.73525121 0.57116897 -722.679424956518 -4.806023963761396 -4.86593577259125
1.26e-320 731.3129824095114 0.20725977 0.02190314 0.78516141 0.56865644 -725.023224921929 -0.006558877441524322 -6.503187001980727
2.2954e-320 730.4585080603683 0.38329936 0.02128124 0.57288461 0.81860135 -729.3499870855574 -1.9307278862650668 -0.032267437688863414
4.027e-320 730.0196243013081 0.30856024 0.0230293 0.56726087 0.55651609 -705.503024782225 -23.665877096789924 -1.2896061813534625
5.854e-320 729.655830708615 0.44346801 0.02330664 0.83055004 0.71204353 -702.3070966248455 -25.305426740507713 -2.4071009359548308
1.00597e-319 728.9772957835569 0.47520765 0.02264619 0.7390437 0.96812144 -718.3087863004617 -7.435338232583128 -3.9117061755701097
1.3759e-319 728.8793113758087 0.39992712 0.02315531 0.88041653 0.88159716 -728.049818555524 -0.0009455726360697781 -0.9265316553968386
1.456e-319 728.8229583381683 0.27093238 0.02485954 0.68594281 0.60078066 -708.227304368558 -17.606310192697677 -3.045696814552983
2.5662e-319 727.9078806043999 0.39676338 0.02472862 0.79593112 0.5693809 -707.4181548849563 -2.3523877814814265 -19.052415671730667
3.9008e-319 727.7496663310926 0.41773094 0.02450808 0.77611358 0.90482411 -707.6585946197505 -2.913207515309532 -17.33607846933994
5.86896e-319 727.1373412332902 0.43891867 0.02399193 0.76978428 0.54484784 -711.8607360651483 -1.260976598888255 -14.627953667056028
8.1162e-319 726.9758950541012 0.45265414 0.02192574 0.65475509 0.85148296 -717.0720651963853 -0.8769449431730376 -9.188331093731803
9.0068e-319 726.8850542627456 0.2639414 0.02362026 0.85496855 0.94259197 -720.9395231718761 -6.015377705340834 -0.020994176884282408
1.247313e-318 726.3529907136459 0.29952487 0.02434022 0.62771668 0.69301363 -708.9575476456939 -11.876425188255022 -6.051081428796726
1.591544e-318 726.2890920431262 0.35879048 0.02471251 0.65191546 0.56611935 -703.0745562950525 -10.557648070490732 -12.720786348102651
1.64639e-318 726.2450846495974 0.22018075 0.0209145 0.74131251 0.70930603 -702.7259147013974 -6.432767150028999 -17.130410191699713
3.448163e-318 725.0880274403045 0.30677311 0.02242579 0.89813293 0.97844908 -723.3477162634277 -0.009524937657646624 -2.88784344851206
8.46633e-318 724.2586749101638 0.40032128 0.0227204 0.60745883 0.92805059 -702.4397622932138 -22.25916345956774 -0.38910168752292706
2.535554e-317 723.038536146866 0.34201881 0.0249889 0.71507871 0.72655912 -708.3069682344865 -14.792532588568701 -1.1591740871085585
3.9452683e-317 722.9844337434139 0.45267577 0.02111032 0.74802729 0.70467768 -701.7545268397482 -0.4560638831302815 -20.82794542398758
4.289154e-317 722.8365188381516 0.44314544 0.0210628 0.68490605 0.7566534 -720.9417507338961 -0.08727997166649405 -1.955403037851281
4.5637165e-317 722.8153799190072 0.30601621 0.02240677 0.58633721 0.79778141 -718.224508468997 -2.4470201753628555 -2.1649901937918177
7.2646385e-317 722.0208677169903 0.3957583 0.0222403 0.86690923 0.65782301 -702.4952390307777 -19.966668878902226 -0.35347200932737133
1.1331925e-316 721.7509008188887 0.41991491 0.02022933 0.692246 0.63138222 -707.4811926557555 -14.424991167610804 -0.11468389362408704
1.41309697e-316 721.5334097094698 0.33064799 0.02492552 0.732221 0.86926184 -712.3568611801992 -1.8172126413827008 -7.57682699730673
2.204181e-316 720.9069100823538 0.44113047 0.02317669 0.7473367 0.77338701 -701.5563054659132 -0.02899034319117462 -19.948113900365414
2.887186e-316 720.8579886413609 0.33632063 0.02454362 0.807576 0.83909964 -717.6697609852484 -0.07567180043589176 -3.1614772966694367
3.9199596e-316 720.3252401756864 0.35857633 0.02037738 0.62420641 0.8193604 -701.6070203981366 -4.202100469572367 -15.048867773651967
5.66508654e-316 720.0330398377099 0.44949827 0.02208829 0.7353504 0.91521672 -702.7091155642698 -11.240435143835468 -6.375689467581037
6.5788937e-316 719.9663867526384 0.41523976 0.0239057 0.7550791 0.52822061 -720.0159246878617 -0.006094073148096397 -0.011021076700089345
7.10212523e-316 719.8430686255524 0.33818674 0.02359012 0.85738974 0.72887625 -711.3108666528814 -0.25320801449884445 -8.402312085258222
8.01880885e-316 719.6863261990667 0.40140213 0.02390159 0.68105133 0.80002146 -701.6445242849721 -12.37318677940396 -5.825357561176341
8.57890113e-316 719.6624383643808 0.32876105 0.02455746 0.68032821 0.95993182 -708.5053312988399 -2.815235006363624 -8.365759893863148
1.387809614e-315 718.8465601150185 0.24224253 0.02074672 0.73620323 0.73892453 -701.5609164643489 -2.8871833550750283 -15.214338544956805
2.172996885e-315 718.5815806455428 0.329195 0.02105134 0.60740213 0.97737741 -715.0128186872738 -0.0028024289844229516 -3.830938998760307
2.71919541e-315 718.353923927885 0.26811875 0.02238654 0.63052934 0.94927922 -701.5590463735568 -14.80538437990159 -2.217149892084333
3.676382075e-315 717.963691393507 0.41694305 0.02216276 0.82272647 0.78325879 -708.0104640679368 -10.025991206715503 -0.317468653232742
6.068141535e-315 717.3630960136971 0.36534789 0.02185292 0.86492659 0.80460685 -711.6841322358058 -6.231402336573393 -0.04815682112776449
7.743300197e-315 717.347738850803 0.39280716 0.02260698 0.84292024 0.56260051 -703.3124477973827 -13.984686564478357 -0.06596165183610513
1.3916513576e-314 716.3775594684363 0.33700969 0.02287629 0.86049582 0.58738432 -706.9778201758661 -9.555778885256483 -0.8141397896804603
2.079253658e-314 716.2808127456398 0.38795149 0.0217994 0.84517979 0.79896711 -701.6195796101025 -13.025370561649574 -1.7326092966842603
2.213734375e-314 716.2114732141856 0.39999245 0.02296953 0.82002769 0.98029045 -706.1940249100857 -9.971795526509098 -0.11499230904497033
2.551137476e-314 715.9707418361329 0.30374248 0.0201495 0.81404023 0.79168481 -708.2402902430507 -5.840748896211656 -2.1304340749232953
2.923904946e-314 715.8864300917046 0.38632956 0.02031084 0.79716032 0.57713472 -702.6841542664846 -5.019198627850285 -8.267388941798014
3.0452971853e-314 715.8483652783895 0.34770168 0.0243371 0.70133727 0.68587328 -705.9455820071279 -3.0381450707095197 -6.902703013867169
3.240404383e-314 715.7260040848241 0.3746635 0.02315764 0.6400947 0.81436274 -701.9950103575168 -1.1668017621134705 -12.686553158759239
3.77638633e-314 715.5104715974337 0.39558962 0.02059662 0.79937774 0.91721164 -704.3471133367328 -8.320701373786413 -3.0581893743048805
4.649577005e-314 715.2728707551422 0.41406961 0.02239387 0.80491468 0.5561435 -707.4529435306938 -3.270162761534119 -4.787365305205802
5.6287929373e-314 715.0835002645001 0.31171425 0.02391557 0.80989588 0.59142712 -711.0557897378039 -3.886782851401619 -0.3302981659367206
6.1612842383e-314 715.0439246698185 0.34060108 0.02028528 0.82268086 0.67377274 -702.1059832179783 -4.48699502367812 -8.490522022843724
7.209781358e-314 714.7506260702369 0.25926816 0.02097091 0.68928107 0.53722329 -701.7085219486592 -6.224695129422516 -7.110707591736755
8.3101253104e-314 714.6994720317599 0.39018039 0.0204708 0.68456683 0.99348595 -710.0896497658589 -2.0603592614831965 -2.6006170428947493
8.971316849e-314 714.5619738556423 0.36245357 0.02372465 0.81124373 0.74807912 -706.5499844580036 -2.4783889219701103 -5.671098651786206
9.966458969e-314 714.4480038320833 0.36271017 0.02413022 0.76953211 0.89341068 -703.0388274107415 -4.6568095789712824 -6.866336865929549
1.0621327538e-313 714.392612693397 0.36647261 0.02278746 0.63298759 0.88998443 -703.0626780967425 -0.8630852128525478 -10.522240522488252
1.0797060192e-313 714.3748903877763 0.29033754 0.02048446 0.81124148 0.83085231 -703.42827711324 -9.572575148838977 -1.3917604313180254
1.1041903537e-313 714.3091616809002 0.26050797 0.02315513 0.69664291 0.7288378 -704.146791253674 -4.656522670465954 -5.5715764636363625
1.1250366782e-313 714.2968366716973 0.41981309 0.02292275 0.74472278 0.6651125 -709.779708838787 -1.4847299774181728 -3.044722864695058
1.21522004914e-313 714.1228570840965 0.35067733 0.02011877 0.67519639 0.5652196 -712.3319205464262 -0.03923240644167149 -1.9256837188294162
1.68153010423e-313 713.6544685512062 0.33344547 0.02182228 0.85554109 0.99415498 -702.1577353988706 -3.423865313421575 -8.541256371804206
2.2192074845e-313 713.4814790803886 0.27652613 0.02152255 0.82496739 0.87667918 -701.5691153303799 -11.992975372182281 -0.09237784864400429
2.82627357983e-313 713.1509605835577 0.40760557 0.02320267 0.75055517 0.62228785 -706.3313737346176 -6.565388508569118 -0.5847168372018743
3.25633742876e-313 713.1314933858935 0.3225465 0.02282509 0.84504408 0.88219834 -709.7090392679846 -0.13683358846748647 -3.305087727105472
3.60286326646e-313 712.9201543094823 0.40159322 0.02301191 0.68935196 0.70294526 -701.6533589427092 -9.94655911228556 -1.531575330898664
4.13112265653e-313 712.8101271309164 0.3554865 0.02050459 0.81322906 0.60051958 -708.5409072443999 -2.054367935498585 -2.324879129583739
4.2788506248e-313 712.8072556901432 0.29310412 0.02379997 0.69602924 0.96260342 -702.4710230071399 -4.9126833917532675 -5.426420732023153
4.42207193603e-313 712.7071749643088 0.36556993 0.02322387 0.82077572 0.73149735 -703.7916344998266 -1.52911899366952 -7.486502196647065
4.7125553253e-313 712.6390631375657 0.31020138 0.02076905 0.82612813 0.50292715 -703.3348078348097 -5.947760374008003 -3.424606755491116
4.8508117492e-313 712.6088074335886 0.40565467 0.0216232 0.68005853 0.82208129 -702.1995279008144 -6.741811712094017 -3.697723524657333
5.1954977311e-313 712.4669621166913 0.32579495 0.02047561 0.66029824 0.69229493 -709.3225185009084 -2.914248334236018 -0.37204059844423526
5.48417795327e-313 712.4560565372891 0.28281652 0.02376358 0.74339151 0.83453784 -701.590020872118 -5.2409406687780695 -5.63600057579526
5.48244718286e-313 712.4281530604571 0.26962412 0.02313249 0.78366936 0.93077235 -705.2472762878314 -0.025232985924384117 -7.183547263533314
6.10625316915e-313 712.2123529610018 0.38019174 0.02345545 0.68674351 0.70781347 -707.6931772057599 -1.8104951435501446 -2.9244807111471562
8.8020251603e-313 711.708417963404 0.26212691 0.02117458 0.76500972 0.77834961 -705.0628952149831 -2.2805800511671097 -4.868877694851541
1.08283540858e-312 711.6955893595244 0.37118333 0.02033322 0.70341472 0.65449334 -709.3862483396307 -0.6332679742467423 -1.6889016495265812
1.121711362557e-312 711.6004867560866 0.28399228 0.02249672 0.65483381 0.81578017 -703.9341553536293 -1.038317264099367 -6.723116741795677
1.282351376607e-312 711.3964353018998 0.40313006 0.0230453 0.7283154 0.66551876 -705.0594635720229 -6.004005979358765 -0.5370172047049971
1.533675402683e-312 711.2019848088748 0.41078575 0.0225071 0.72004647 0.6248714 -708.8310158999781 -0.08141614243851604 -2.4840032594832016
1.652048984254e-312 711.198696362212 0.26728839 0.02151154 0.68548586 0.62306045 -710.3615384167515 -0.27979979830685947 -0.560646593816464
1.66558522221e-312 711.1467314229131 0.38249449 0.02045974 0.74164319 0.59356544 -708.1939234896577 -2.393866745243527 -0.6109061273108188
1.67755297203e-312 711.1440985861115 0.33756251 0.02055078 0.80929644 0.53303356 -705.3828553881324 -0.011521560325227893 -5.752354474455545
1.66000653751e-312 711.1282167463207 0.39034237 0.02178417 0.66664124 0.54346571 -701.6309350484079 -4.4124842655693985 -5.100679272134164
1.690090335554e-312 711.069374861233 0.31152304 0.02208803 0.83948869 0.50832059 -706.5765989415063 -4.420202193848077 -0.13141561096625837
1.8336014814e-312 710.929624451045 0.36965712 0.02333182 0.79777108 0.54583923 -702.1175075502489 -8.940931867596708 -0.010935443387274733
1.95013944802e-312 710.9018462781762 0.31555906 0.02357309 0.7996578 0.92633657 -703.7621112837953 -3.1012000422121218 -4.066313125037625
2.1095012956e-312 710.73932126584 0.31607238 0.02059801 0.66941452 0.93774113 -701.9021012297545 -3.300073067321698 -5.699671981100001
2.277922893353e-312 710.7023612759918 0.26506539 0.02211262 0.7858324 0.80423342 -701.8779684217482 -4.083305678921014 -4.778047165170835
2.2905198683e-312 710.688393708369 0.35852641 0.02377072 0.70875999 0.64691904 -708.6960334785329 -1.9860577813541898 -0.020270016104904816
2.30232346417e-312 710.6527449280028 0.35090241 0.02387666 0.75770317 0.76499331 -702.7037421399292 -0.7421683421775703 -7.242483226262126
2.315223793885e-312 710.6373548958937 0.34963338 0.0218077 0.83657123 0.57775482 -702.1702078056898 -0.33699203324506394 -8.145545089067937
2.39147841073e-312 710.5501693825747 0.34474376 0.02079524 0.660998 0.82896766 -702.0965732882158 -8.434277347071971 -0.10650426060586188
2.913571638284e-312 710.2269231303347 0.37346226 0.02186824 0.6550604 0.7981539 -701.8587144051636 -5.146968524016736 -3.544486453394401
3.977278194847e-312 709.8903128797791 0.36254846 0.02237813 0.65121699 0.62029578 -704.2011677325255 -5.97133480534471 -0.054420592464572294
4.569895050677e-312 709.88135898463 0.3500293 0.02213817 0.83236275 0.9919614 -703.0496634031646 -6.53757946352901 -0.30307001308548265
4.51017632589e-312 709.8770003125001 0.37955608 0.0205847 0.73178698 0.67767575 -702.1189092558732 -7.729452383298008 -0.03299734545870285
4.46835003356e-312 709.860451503376 0.30357079 0.0237547 0.73028597 0.73146544 -704.9756258857359 -0.03350839939515137 -4.867866027368982
4.78215065573e-312 709.7074323040192 0.30881562 0.02067478 0.67785023 0.87778676 -702.6982644307861 -0.05165474693706505 -7.1105323256528
5.12779032332e-312 709.6756813386094 0.32559166 0.02129767 0.64916887 0.65975056 -702.2907650810131 -3.1406207273077875 -4.276046495698373
5.349210739196e-312 709.5850781720549 0.26259706 0.022316 0.72696237 0.72600081 -701.5930022964936 -6.8498005243852385 -1.2328785177304755
6.447949273946e-312 709.2831086354688 0.28030872 0.02084935 0.759022 0.99774729 -709.2722934234333 -0.10575456657327184 -0.20703018204821655
7.495573114725e-312 709.2225775566608 0.4014555 0.02150609 0.72813223 0.51040494 -705.6612822270723 -0.3836151175839263 -3.2382112908125706
7.637960733657e-312 709.2050284040799 0.33039733 0.02024374 0.72307304 0.83277677 -708.51398247224 -0.08452511040520096 -0.6240699740155923
9.49667554895e-312 708.7900245766593 0.29894745 0.02318826 0.79090684 0.62198052 -701.5563021395736 -0.19341504318644132 -7.455311221319866
1.1339428757803e-311 708.768103463949 0.32959462 0.02289584 0.65914342 0.60296213 -703.1351836969841 -2.429803529193014 -3.22503735048228
1.152832990778e-311 708.7178864548407 0.35129721 0.02364072 0.75711578 0.85803864 -701.5576249434062 -5.397882075470222 -1.8125964450726568
1.3227427074683e-311 708.4684164652265 0.34005239 0.02149213 0.82194836 0.70887823 -702.1938697537447 -0.31719883492359463 -6.206817866172457
1.6206774688993e-311 708.2666491323271 0.34525411 0.0215188 0.65631175 0.69288174 -701.6925091018622 -6.117472124699775 -0.6584352386644744
1.7795779187365e-311 708.231889045357 0.33816361 0.02084742 0.80001835 0.62362871 -701.880569270477 -5.792509427594988 -0.5935704342550229
1.8348185330982e-311 708.1666663918278 0.37897369 0.02300206 0.70423334 0.99644594 -701.6441787935587 -3.3387811358009007 -3.248929115997441
1.9314827711366e-311 708.0900045820604 0.3776242 0.02281921 0.69170513 0.56941241 -704.8979728630084 -0.9897461547245933 -2.2789473740947996
1.982818824321e-311 708.0731998420397 0.31358995 0.0234423 0.7765898 0.99372274 -704.7202837914322 -1.8604295762406404 -1.5092912143875217
1.99026668189e-311 708.0430575398121 0.32823509 0.02347131 0.77959619 0.65105687 -702.0003866467525 -1.2926848459662188 -4.780128349321029
2.0350218325906e-311 707.9896058295184 0.32050544 0.02044137 0.71677151 0.97944014 -701.5640282886877 -1.5019472475881317 -4.977082003536283
2.112034881565e-311 707.9293548386999 0.28019275 0.02153265 0.69389581 0.66403284 -701.7097810228483 -0.39118813259065965 -5.888636674079437
2.20029004525e-311 707.8681547652011 0.38909144 0.02125031 0.72763662 0.95846488 -705.6796009016721 -1.6885238741116528 -0.5612300629161764
2.5238661555e-311 707.6287075495928 0.38438059 0.02236827 0.69393576 0.62230877 -706.3750461301657 -0.09322882748665016 -1.3998798075487195
2.7896688648743e-311 707.6140416765621 0.36707706 0.02076285 0.75924087 0.60477513 -705.6566385044757 -1.685466716199591 -0.28660232891755477
2.780111721214e-311 707.5959935322621 0.35852609 0.02290011 0.79740127 0.77609512 -703.4879230234417 -0.39164469347114206 -3.7344739596493897
2.824781628483e-311 707.543172527604 0.31603553 0.02067118 0.77764122 0.94313213 -702.7027321507085 -3.0629429927173577 -1.8303183888363055
2.8504652733684e-311 707.5375962721336 0.28865393 0.02284236 0.78045407 0.76760213 -701.8801062398667 -1.3640853386959209 -4.2989809490414626
2.8244238081353e-311 707.5219762007949 0.32996866 0.02359906 0.72880299 0.64154983 -704.3750552277019 -1.5645378966827947 -1.5980031477488446
2.87633135765e-311 707.4623948429955 0.38218603 0.02275625 0.76916208 0.93765464 -701.5567019060334 -0.07342448947210926 -5.89184980528945
2.911879415385e-311 707.4569249289884 0.32791689 0.02212686 0.65581292 0.73573096 -705.3385885593192 -0.8429471456609974 -1.2808591380152734
3.067266598398e-311 707.3232686180605 0.31126803 0.02061301 0.76230915 0.90965143 -701.5664720920619 -5.8634687926637925 -0.026984044262824934
3.304288406205e-311 707.2648416278174 0.38898221 0.02159387 0.71454145 0.98761341 -702.1325282867746 -0.5129640966150429 -4.677776234670853
3.5259309471053e-311 707.1559274504225 0.31543533 0.02260249 0.80956875 0.78221158 -706.3580623228574 -0.477694146424503 -0.42908515853549983
3.8115792916765e-311 707.0683891588167 0.35428335 0.02159798 0.8080632 0.77474261 -701.9079467676238 -4.446255115643228 -0.8017255671555277
3.95360805823e-311 707.041418953654 0.34087628 0.02208691 0.65976556 0.69197902 -702.3863822216823 -4.261156303904076 -0.42085063323032
4.067803231333e-311 706.9728289529384 0.38158692 0.02174837 0.78018026 0.64321254 -701.7177955023283 -5.313045436789449 -0.010578014536292079
4.1442347077867e-311 706.9634298000408 0.30296109 0.02332737 0.75210883 0.80605699 -705.2540645769312 -1.5444218449578815 -0.1743425310491738
4.126490490265e-311 706.9418992133848 0.38818539 0.02205626 0.70948493 0.86147269 -702.7518176001794 -0.17279435709245156 -4.038817842768883
4.1061133129894e-311 706.9336265062203 0.34437671 0.02074976 0.77637488 0.71168122 -706.2329686071653 -0.7058240382718155 -0.0031065679477496554
4.2927861977445e-311 706.8167705942042 0.2960311 0.02268505 0.68625218 0.56344148 -701.8426303532818 -1.278326031911552 -3.8126701210269105
4.545288288353e-311 706.7767004045105 0.33454325 0.02331387 0.77579619 0.9049835 -703.4471392034856 -2.3245107932714766 -1.0451205974472337
4.556341804033e-311 706.7719118735262 0.35321347 0.02219157 0.80909781 0.92945994 -701.5808196357691 -1.2400627227882541 -3.955818045953164
4.499769721235e-311 706.7621011662087 0.36195667 0.02227237 0.67345986 0.59318404 -702.3144202010684 -4.387933051276713 -0.06955862118106342
4.441999250305e-311 706.7581298308295 0.35772303 0.02333893 0.73499775 0.90641177 -702.9957746626129 -3.6158249208989313 -0.15050158269689815
4.6969675475187e-311 706.6159186375592 0.30855436 0.02292073 0.6855292 0.79888056 -702.6397452934483 -0.007824246114280772 -4.11056029126691
4.9399834274824e-311 706.6125858448252 0.28422144 0.02259024 0.76869828 0.97548265 -702.308925857728 -2.389917396860965 -1.9170753829701683
5.1050258616275e-311 706.513058905368 0.33658697 0.02343841 0.72498591 0.86321328 -705.0261851094683 -0.8180419071555209 -0.768358828201375
5.317100611551e-311 706.4892417408835 0.36905427 0.02170142 0.68378644 0.67206509 -701.612059187519 -0.14701951533166183 -4.753980202517369
5.552101115071e-311 706.389310793367 0.34703057 0.02268319 0.80048264 0.87946501 -703.6981141491892 -2.551310600329312 -0.2398169913648776
5.770052967906e-311 706.3702224160783 0.30047359 0.02109387 0.69839717 0.85377205 -701.9610905382233 -3.388959114385628 -1.0392611407580252
5.7947937853913e-311 706.3412667866543 0.30862613 0.02221261 0.67054497 0.90719251 -702.982035265388 -1.3614442719222961 -2.026742878767896
6.3811099992574e-311 706.1470577259549 0.34978687 0.02157275 0.80212091 0.87175558 -702.3037945481474 -3.949810380708023 -0.08766185779877513
6.865231139355e-311 706.1459920184147 0.28710821 0.02272242 0.75909861 0.57007637 -702.1053899461469 -3.5690026898327933 -0.4726650899752021
7.03615576877e-311 706.0601109935457 0.31899608 0.02335415 0.74840676 0.59911681 -704.5937042263425 -0.386416248189178 -1.1658715438829412
7.3737854605327e-311 706.011398139693 0.342779 0.02280569 0.7945086 0.52563438 -701.7601829578459 -0.09401095952046211 -4.2059170761792775
7.4370378325434e-311 706.002847991405 0.28204328 0.02238867 0.71910746 0.99048673 -701.7808480556453 -2.771893642135985 -1.458656441911751
7.3250438750884e-311 706.0021217090098 0.38444777 0.02164754 0.73483413 0.67334106 -705.3718460230056 -0.30983344202193996 -0.3211685263775175
7.290776845934e-311 705.972835105735 0.32617233 0.0228016 0.6797588 0.61839121 -705.6656140058662 -0.00870026939114377 -0.32780743375231297
7.3227581989996e-311 705.9536402320348 0.33544278 0.02078456 0.70853036 0.57510506 -701.584818190658 -2.9444772388564915 -1.4435396762205657
7.326128467894e-311 705.9323309807718 0.36848942 0.02211205 0.68680623 0.93364762 -701.5931901107748 -0.7538710746011755 -3.606579046658757
7.5979723789303e-311 705.8430453396023 0.30318764 0.02115861 0.77754823 0.68222432 -703.6373076968641 -2.2750020578089267 -0.020021226098742684
8.222063830029e-311 705.735731430108 0.31263527 0.02153303 0.79797753 0.54931915 -702.7320641081237 -1.3576928880193522 -1.7532883434593103
9.1860040937066e-311 705.5845512646171 0.28742841 0.02205179 0.70346185 0.63035946 -702.0527117000842 -3.1226593166469443 -0.5603604133768758
1.01049664140415e-310 705.5014516468999 0.371944 0.02162613 0.77383272 0.7154246 -704.5466739016663 -1.0354894686923481 -0.002387894258390449
1.0526157265064e-310 705.4619378293754 0.36550494 0.02219908 0.78668409 0.59508236 -704.0203161500082 -1.1145691898083765 -0.3665663070834373
1.06447925139047e-310 705.4391707063432 0.33423965 0.02267941 0.68086051 0.86660121 -703.3287422905734 -2.0574133095551903 -0.07578222924688283
1.09876843848846e-310 705.3603473938889 0.33250465 0.02223819 0.67284254 0.93141817 -701.5775732332424 -2.834132660346229 -1.0274648127545971
1.1355857678126e-310 705.3322920214125 0.35174381 0.02304766 0.71137809 0.92534206 -701.5625272246041 -3.6853250289692956 -0.11249514031554309
1.1381068308242e-310 705.3161751188015 0.31349355 0.0218597 0.79918672 0.82274138 -702.2215909720817 -0.6152137829149459 -2.495487266415903
1.1853903734354e-310 705.2138275581847 0.36297499 0.02123999 0.7098396 0.95702916 -702.0056212545315 -3.2498390480305868 -0.0607148162394488
1.24534373003646e-310 705.1756379778626 0.3354267 0.02313503 0.76526 0.55632248 -703.0878050616476 -0.6883752142388994 -1.4376472822980975
1.26415912752933e-310 705.1441149307956 0.32868823 0.02285841 0.78505354 0.57234312 -701.5927508576522 -0.6450588499784548 -2.9378282702319676
1.26932087051345e-310 705.127701993342 0.31941358 0.0227623 0.78695151 0.50689717 -701.5612053778503 -1.9219057458849247 -1.6610038070603446
1.2621768931139e-310 705.1157661201828 0.36994522 0.02153174 0.70846401 0.52701197 -701.7456319156391 -2.080078523174452 -1.3019915545283722
1.278891948258e-310 705.0624592162252 0.34158029 0.02307265 0.76649074 0.84876819 -703.7951646811237 -0.7572696216218352 -0.5633318174373452
1.33366163526733e-310 704.9927951079418 0.29498348 0.02162982 0.70295849 0.80158898 -701.7395408404146 -0.7046198765113195 -2.618298499299259
1.3819096644789e-310 704.9510014038907 0.29073805 0.02141813 0.7395431 0.84942971 -703.5671685641912 -1.065891997575441 -0.3597345461750585
1.4650913575979e-310 704.8389859472371 0.30905628 0.02118162 0.7057367 0.96335532 -704.0929590381231 -0.0020669835142911232 -0.8559753822533024
1.66424761089477e-310 704.6612380540089 0.35139046 0.02250797 0.78477594 0.84054805 -702.2745392339572 -0.9035769993116821 -1.6608697139682298
1.78746526395377e-310 704.6486810562396 0.34436181 0.0222904 0.79308497 0.63805514 -702.1992956151141 -1.8992957527019942 -0.5626466861928393
1.7706494929763e-310 704.6405143302981 0.30520568 0.0211773 0.71650243 0.87898288 -701.8419271447971 -2.6339881808996255 -0.17276573054292205
1.8402422364679e-310 704.5347526322169 0.36146103 0.02265926 0.71131751 0.5162598 -702.5613192548817 -0.40116814283771557 -1.6780269325786847
1.91605699033946e-310 704.5174444653936 0.3013709 0.02120091 0.74437238 0.97495925 -702.9511156618859 -0.6180165934668036 -0.9656203768642055
1.9072297330872e-310 704.5043506190154 0.34110609 0.02103122 0.71474171 0.66104436 -702.8968574862193 -0.03524929710459041 -1.5853376820697216
1.974599714658e-310 704.4105665771592 0.29625013 0.02190296 0.70482566 0.77542084 -701.7245782891941 -0.46957282009942714 -2.3101995097219072
2.07618789145097e-310 704.3627825501691 0.36377057 0.02130763 0.73649588 0.84126002 -703.4228681803996 -0.9553273698584032 -0.0323710269011896
2.1638011616381e-310 704.2890821690124 0.29208124 0.02240322 0.74305536 0.81463625 -703.1616885164643 -0.0019638673609578823 -1.1991301663437886
2.2104686112408e-310 704.279168113843 0.33493652 0.02293272 0.70910734 0.60970008 -703.9198744695291 -0.022184587306517227 -0.34702311217688736
2.2689090677748e-310 704.1988744867499 0.3062986 0.0221867 0.69428941 0.73032452 -701.5860482176587 -0.7246406938470271 -1.9684792023372293
2.38984008809727e-310 704.1351130807551 0.30887 0.02181473 0.6931208 0.7815643 -702.4746891835345 -1.6585206142759683 -0.06566468893946399
2.44520420138017e-310 704.1125756415579 0.31036253 0.02143045 0.77363549 0.71746811 -702.2871634625325 -1.7483878669254203 -0.09956175129722165
2.43087055021037e-310 704.1071465995741 0.29344808 0.02217966 0.71950469 0.5900687 -702.1889455346949 -1.102333181710763 -0.8212969251523399
2.42003087679053e-310 704.0820586558928 0.36765111 0.02247507 0.73081863 0.61305981 -703.7499670039441 -0.29694127958429156 -0.06023831604571915
2.45730703322583e-310 704.0373130009593 0.293522 0.02194409 0.75603045 0.7550063 -703.5479463071496 -0.044767403145633364 -0.48934494559746766
2.4651429679136e-310 704.0355861319892 0.33317602 0.02100181 0.73334767 0.73399056 -703.7414940794806 -0.2822023479610376 -0.013616573517633266
2.43005984751033e-310 704.0263959542394 0.36223145 0.0226537 0.72983566 0.70247515 -701.5671040041893 -0.018788311563665717 -2.4496938162362887
2.3996019074971e-310 704.0211925992174 0.31212384 0.02177687 0.69246091 0.69175526 -703.0196404084434 -0.05786150542488097 -0.9488940403711991
2.39356878851186e-310 703.9920312841018 0.29401663 0.02219676 0.75450001 0.53825401 -702.0813276244884 -1.8001812745543524 -0.1396837001747298
2.420482085763e-310 703.9592803796977 0.32108107 0.02299667 0.74183234 0.65468986 -703.6818754299359 -0.23632850151666004 -0.07382735264925636
2.45349790281353e-310 703.9253497099361 0.32238195 0.02110864 0.75675675 0.94223751 -701.6925478712417 -0.01274897291379612 -2.2539835355423157
2.51007523097106e-310 703.8744392092897 0.31252867 0.02193904 0.78354044 0.83796589 -701.6573360353577 -0.3053956178691103 -1.9626180567092395
2.53366010158553e-310 703.866408254394 0.33344003 0.02236046 0.78627883 0.86595684 -702.0586638663863 -1.8002877991586244 -0.015487543744810981
2.50845574715403e-310 703.8548464774584 0.36121444 0.02159753 0.76210318 0.94266648 -701.5692066312702 -2.0233033183816396 -0.2738983047421126
2.47653195498237e-310 703.852387387859 0.35067001 0.02284731 0.74750973 0.93102087 -702.9287904055593 -0.5043085629218618 -0.4217475089771691
2.4740723552701e-310 703.8175307547973 0.30300942 0.02254109 0.76021234 0.89726275 -702.1565727625022 -0.07850253131524708 -1.6173120940415697
2.47194296449816e-310 703.8142032766448 0.34017468 0.02267039 0.70211114 0.61901074 -702.747615040515 -0.4282880515813727 -0.6416276627008719
2.516246253274e-310 703.7436397909019 0.35048738 0.02223831 0.77936625 0.81914218 -701.6965833817414 -1.1180643174017524 -0.999555577501647
2.6076899179816e-310 703.7023858573187 0.33367169 0.02130354 0.77052112 0.50366158 -702.1456363160436 -1.4853874890125913 -0.11261598584567747
2.6355039473734e-310 703.6824887179916 0.31780193 0.02261166 0.7032152 0.96030168 -701.5713755729303 -0.9180757680124776 -1.2129345163759646
2.61916823660195e-310 703.675130395833 0.36526703 0.02232027 0.75142198 0.89277041 -701.8049747004759 -1.050332105961919 -0.8271819115537483
2.61505965774207e-310 703.646218670884 0.31862738 0.02265565 0.70547996 0.80861344 -703.3057071225011 -0.15637990129767598 -0.21304337203419338
2.60966788073027e-310 703.6394555045401 0.29632539 0.02194357 0.75357388 0.98721197 -701.7734404724442 -0.9180146447817242 -0.9547635536580524
2.57185989031896e-310 703.6357926045689 0.29697291 0.02235999 0.73329221 0.61907834 -703.4151075469395 -0.21054307510539588 -0.013804882495284096
2.5624757720864e-310 703.607359874517 0.29795855 0.02241461 0.7365228 0.63386657 -703.3434125496219 -0.019238977166405834 -0.27314107778057256
2.56255448624645e-310 703.5959563267197 0.33889176 0.02291827 0.74362797 0.64978709 -703.2375125847374 -0.0018941895814258128 -0.3679531001982144
2.5949735762111e-310 703.5432724731002 0.36197522 0.02154591 0.74225766 0.57842128 -701.661843570654 -0.027494790451735095 -1.906617965613878
2.6375345793863e-310 703.523221216006 0.35186755 0.02270329 0.75283882 0.74787447 -702.996429299613 -0.015735794767764058 -0.5311073787192909
2.63256591560206e-310 703.5074004911578 0.32607237 0.0212659 0.76379346 0.94514384 -702.2288495133574 -0.19113774611314283 -1.1032339565355092
2.64460331040226e-310 703.4746966161352 0.35806 0.02192317 0.76810386 0.53032072 -701.5861607499105 -0.5775196551098722 -1.3437200861373844
2.63881655836446e-310 703.4719108698991 0.36318456 0.02162836 0.73976193 0.98136124 -702.6658740364197 -0.7866684786599984 -0.022154101055578735
2.6066946590866e-310 703.4596222511391 0.35189366 0.02186445 0.77474687 0.81659159 -703.1067856455295 -0.0026947746762449013 -0.36243044969341137
2.59243521479456e-310 703.4433050912426 0.35146725 0.02230883 0.7033622 0.91727941 -702.2302837769745 -1.1721637877418265 -0.05717468642275477
2.62312877740276e-310 703.3969473980738 0.33508658 0.0214105 0.70525017 0.89551673 -702.204710231664 -1.0414733894828814 -0.1971214700957022
2.71271707207816e-310 703.3368980764795 0.35247289 0.02266464 0.74806715 0.73529521 -701.5880997144194 -0.9310342372429917 -0.8778134464114802
2.7909908534626e-310 703.2998912844515 0.31133254 0.02248104 0.71023194 0.64676414 -702.2669697956006 -0.08797527225956528 -0.9819530086193283
2.83747101449955e-310 703.2642353057151 0.32878223 0.02277352 0.75841643 0.9273511 -702.1282986870424 -0.6693275041472255 -0.5022650932618876
2.84291140010726e-310 703.2561535374758 0.3487657 0.02224783 0.70267383 0.70701637 -701.5607220963008 -0.36183222376231466 -1.341680985652018
2.80139350601894e-310 703.2540382287705 0.36301629 0.02215633 0.7497108 0.64364923 -702.0502197234978 -1.0832796655017798 -0.12265414847631152
2.84594131554317e-310 703.1861454882963 0.34885444 0.02265635 0.7521891 0.82246796 -703.0910731455087 -0.11904752051767492 -0.04391756274401937
2.9356833756727e-310 703.1514883371113 0.33382467 0.02209153 0.78048137 0.80311642 -702.054534859028 -0.17476621238509643 -0.9568444168832669
2.9338028950907e-310 703.1475254253373 0.32417749 0.0212173 0.74096166 0.69691576 -701.5728465876216 -1.5665513160177424 -0.012090433472056223
2.904485053778e-310 703.1320259845672 0.31891204 0.02126931 0.73144874 0.87226988 -701.6173974779014 -0.00761409827593336 -1.522513849160038
2.8846594327255e-310 703.1215858962033 0.29964297 0.02189688 0.74296629 0.73844482 -701.763148735046 -0.037256069906335156 -1.3316211796148791
2.88558102743333e-310 703.0919738312981 0.34657868 0.02227495 0.7719195 0.92416745 -703.0643588280806 -0.021409742443154755 -0.0358173256795734
2.95208907341067e-310 703.0369447757031 0.33323904 0.0219707 0.77906313 0.8367307 -701.9396593972072 -0.9987261400270868 -0.15358829406388044
2.974738796494e-310 703.036325407986 0.30412018 0.02167395 0.74883503 0.6204337 -701.5675046091609 -1.4636982075095728 -0.0057419590326336
2.9880214683832e-310 702.988989120997 0.35239979 0.02171388 0.71388272 0.85477611 -702.6514462009101 -0.10190794025594595 -0.2829712668200317
3.00622676624837e-310 702.9840176550374 0.32798434 0.0215373 0.76961415 0.70289771 -702.2626564818869 -0.5048986518349211 -0.22143398727524444
2.9883494921912e-310 702.961434189404 0.30996759 0.02171389 0.7133829 0.73906012 -701.5658639444887 -0.8675820181888787 -0.55057169235985
2.9632924352042e-310 702.961125456393 0.3338368 0.02179953 0.77629926 0.89154417 -702.2139811122811 -0.5260429884655964 -0.2214100886572803
2.94669375634465e-310 702.9332574177943 0.3249127 0.02211751 0.6991992 0.92315666 -701.5729785309527 -1.2732929424667385 -0.1148539829735861
2.9308532492599e-310 702.9321067607565 0.31162671 0.0214444 0.73134458 0.82891477 -701.6039309119637 -1.3068592139160558 -0.022467291914524543
2.9023798413481e-310 702.913265690535 0.32304357 0.02193046 0.77599051 0.8157905 -702.1107751340643 -0.03845019913417615 -0.78288142755795
2.88594447015685e-310 702.9037928273882 0.30595027 0.0216474 0.74720004 0.98231047 -701.6414729878308 -1.2528462944799168 -0.018946408224331728
2.88629173687613e-310 702.8736248737424 0.32483475 0.02160118 0.70663686 0.9810874 -702.5022677795982 -0.07347287177175156 -0.32805217601818065
2.88693906509446e-310 702.8635369930246 0.30227067 0.02215144 0.73475917 0.5774407 -701.6052800311475 -0.853859708024363 -0.4144851345705908
2.8834306800152e-310 702.8366074727015 0.35244281 0.02221884 0.76147226 0.61895967 -702.8135934161888 -0.009117183487431912 -0.040826393348295416
2.89272767458727e-310 702.8174044408927 0.31982869 0.02223725 0.70449486 0.51624467 -702.2649325255185 -0.47825250510287565 -0.09342244208021827
2.86920870573225e-310 702.8132415818928 0.30367812 0.02201658 0.74995321 0.8731851 -701.7314094067099 -0.974474159247463 -0.11152087493525374
2.8218796123818e-310 702.8110622160353 0.32923231 0.02225913 0.70212502 0.83665805 -702.6891868748198 -0.12402705168750222 -2.7655385617842805e-05
2.77057786435936e-310 702.810329830783 0.33694436 0.02138587 0.72132509 0.60021464 -701.5587435900381 -1.117200088380018 -0.13511853761708603
2.734357492148e-310 702.7978148354924 0.31785765 0.02179597 0.70622503 0.57397225 -701.6187831951206 -0.24136520814797224 -0.9501814275144123
2.71431971496004e-310 702.7854340033258 0.3211978 0.02151008 0.714438 0.84063967 -701.8027885794394 -0.8764309173101087 -0.11859533874291055
2.70549836152007e-310 702.764788267814 0.35837376 0.02219634 0.73844529 0.74330506 -701.6891116738097 -0.4819164982384141 -0.6144058312775948
2.6962676121764e-310 702.7525947228103 0.32082803 0.02157455 0.76393036 0.6811622 -702.6911405318411 -0.00017212405025191928 -0.07347561192259867
2.67530465105594e-310 702.7407910516622 0.30419804 0.02218621 0.74394594 0.92434189 -701.7000652183531 -0.5836662835053831 -0.4688632209518362
2.6505990922362e-310 702.7315312230246 0.31163 0.02150748 0.73748685 0.78639192 -702.6448266129516 -0.03068936094628143 -0.06527507776419336
2.6216355816409e-310 702.7231564874153 0.32862507 0.02249947 0.76469 0.89771862 -702.110616000218 -0.0002285777675993019 -0.6206866450390239
2.58378731617273e-310 702.7209938362005 0.3203954 0.02200658 0.70393358 0.92399574 -701.5615769474422 -0.618364604584878 -0.5432149353883331
2.54489110571377e-310 702.713899472036 0.35738026 0.02182433 0.74145894 0.61984146 -701.7131715250445 -1.0073965366782411 -0.0004257744778260768
2.51607304406016e-310 702.7041766151494 0.35845575 0.0220021 0.74057174 0.82006285 -702.6130404049516 -0.010385650166825773 -0.09047341691757516
2.48129085098965e-310 702.7021125312496 0.32066753 0.02191969 0.70451057 0.91936977 -702.6976783186071 -0.005741188406595335 -0.0007571081358103557
2.442015194371e-310 702.6964888646876 0.32943694 0.02235437 0.70626406 0.67167175 -701.7047770617196 -0.973560887798812 -0.023774581731145317
2.4152106654827e-310 702.6846088186994 0.33140101 0.02224236 0.77211617 0.68267317 -701.5580164146802 -0.874279453844118 -0.2641929961632637
2.3823600334187e-310 702.6842381774566 0.33293445 0.0214394 0.75727574 0.52072386 -701.5574311644522 -1.0103414129229673 -0.11683624132432964
2.3445943424259e-310 702.6769751345084 0.3272751 0.02270379 0.73780062 0.82384809 -701.5651805130161 -0.32252972209260117 -0.796527942347948
2.3129236735331e-310 702.6718263919839 0.32784351 0.02221761 0.77215387 0.79950997 -701.5720931249983 -3.450768636506704e-05 -1.1048475018238195
2.36206285351114e-310 702.5967270126855 0.34123848 0.02188906 0.70712676 0.53976852 -701.5669742587517 -1.0125750894553895 -0.0922770437768474
2.40507392579605e-310 702.5947218670701 0.3230525 0.0213848 0.7383322 0.78540457 -701.728820978967 -0.8273930229513051 -0.040513010767221976
2.3818598237331e-310 702.5766008851135 0.31004568 0.02236347 0.74810826 0.89712496 -701.6412238668966 -9.579621580724945e-05 -0.9534022039578484
2.3596373217881e-310 702.573783887059 0.34856494 0.02161067 0.75064199 0.66254472 -702.2091504125447 -0.08869521450561237 -0.2787552580632978
2.32634337104686e-310 702.565431614397 0.34104454 0.02261185 0.73381525 0.7792917 -702.039138742921 -0.13873251832780997 -0.39591262581013237
2.2917481284186e-310 702.5641271477713 0.35575124 0.02218542 0.7411495 0.61976825 -701.7225326978041 -0.015201499039838978 -0.8276974175530104
2.2761543212134e-310 702.539631111666 0.35422508 0.02199809 0.75138937 0.63914096 -702.4908575632244 -0.00861053549108215 -0.06465904905577852
2.28868296678167e-310 702.5135633388072 0.34032237 0.02150121 0.75227999 0.70494175 -702.3828755845312 -0.1556207876224842 -0.0011347395122717394
2.2771531462816e-310 702.5099601967522 0.35541635 0.02201015 0.74504917 0.978022 -701.7005868907769 -0.177012186163562 -0.6359642618668006
2.23978251950763e-310 702.5070514958751 0.32614441 0.02187361 0.70631951 0.59217746 -702.4665966297794 -0.043134379043677756 -0.00022918792926936044
2.2226996129095e-310 702.4857785053093 0.32076197 0.02252874 0.75208398 0.72178798 -701.5851895347299 -0.871226679972802 -0.050635281172360345
2.21748796522484e-310 702.4720750361832 0.31048463 0.02233574 0.72999787 0.58761073 -701.7020261045773 -0.17218617306698228 -0.6115662276651322
2.19465540639614e-310 702.4668331023869 0.34381907 0.02219717 0.76367704 0.68413955 -702.1809238999228 -0.05558509838962594 -0.23556603787071034
2.1590953010909e-310 702.4651351370645 0.32949899 0.02263762 0.73536929 0.69015227 -701.8203398899236 -0.5723181913238815 -0.07417502113940722
2.1383188774331e-310 702.4466512252595 0.32766187 0.02248118 0.7588007 0.82718295 -701.5577833383425 -0.0060074821817788174 -0.9013443165403151
2.1255895384314e-310 702.4374073427401 0.32104579 0.02244337 0.71878975 0.89931965 -701.5685046241692 -0.3755807696670808 -0.5025658314232554
2.11271439762116e-310 702.4192582123105 0.33284602 0.02231639 0.71069864 0.75956942 -701.6935285250817 -0.32034183252401177 -0.42353698513446597
2.0997367693869e-310 702.4100640270025 0.34891834 0.02169173 0.72741518 0.74840095 -701.5646633564285 -0.6470177897505367 -0.2075770661314935
2.07260139901515e-310 702.4056516042742 0.32958061 0.02178423 0.70926564 0.56191512 -702.0581741669787 -0.09725554006345849 -0.2546343199603855
2.0545147635703e-310 702.3880609369219 0.33913916 0.02169312 0.7147979 0.6780405 -701.5575815570899 -0.7167215420627886 -0.13134850512159219
2.0325635697216e-310 702.387452798676 0.31564544 0.02164894 0.72424129 0.89209491 -701.6682697037769 -0.46730667239006923 -0.25248456075483205
1.9999645964262e-310 702.3808033634983 0.32594361 0.02208716 0.7079814 0.8918411 -701.8977795679388 -0.1643246483434879 -0.3253485823937451
1.96956955184555e-310 702.3784667779499 0.3262649 0.02155948 0.75639518 0.7365354 -701.5879255844325 -0.7822189783036151 -0.010658800762251376
1.93341204088357e-310 702.3782541121375 0.32881689 0.02205733 0.70737075 0.63008668 -701.5836074555369 -0.2937350279907478 -0.5011242944223565
1.89612481771564e-310 702.3778097715362 0.33249005 0.02225102 0.76618339 0.5737246 -701.5605946635063 -0.8143673741635786 -0.003292074467650671
1.86838607208965e-310 702.3681466294437 0.35334849 0.02188363 0.73745818 0.79903177 -701.5621943200265 -0.6894993056032673 -0.12611614590645503
1.85328850479473e-310 702.354454767199 0.32207654 0.02231498 0.76160593 0.97660541 -702.3239489148709 -0.00025483649029441096 -0.04394287808242922
1.83196558444163e-310 702.351640789963 0.32757916 0.02241949 0.71639281 0.89340847 -701.6651388989008 -0.48371504754994565 -0.20560082074829292
1.8018984275426e-310 702.3479483199845 0.35321157 0.02213417 0.7364009 0.76523145 -701.5692537303277 -0.4052697990637674 -0.37711726057157063
1.77031257748314e-310 702.3474015268181 0.33595656 0.0221214 0.70916219 0.8146407 -702.3149254979304 -0.0022197111085380233 -0.030803110945596558
1.73705223618813e-310 702.3462764450754 0.35262325 0.02186364 0.73431464 0.70082761 -701.6012119248983 -0.7218916636508637 -0.024297938268947116
1.7075533870625e-310 702.3420563705566 0.33695306 0.02149159 0.74654825 0.73267923 -702.2767171447836 -0.011789849254170325 -0.05776945103775805
1.68315108243355e-310 702.3354653930412 0.31997393 0.02242676 0.72215929 0.57603428 -701.6188465683032 -0.06343101041723595 -0.6597787918361252
1.65618270426687e-310 702.3347449901943 0.34417731 0.02158494 0.74579778 0.78916152 -701.7266872052915 -0.21781957222631185 -0.39095861552349553
1.62686532594623e-310 702.3315831643772 0.33877902 0.02160594 0.72045173 0.89824035 -701.8347184017944 -0.052782452588804075 -0.44724413581110795
1.6085997285508e-310 702.3177669252682 0.31296835 0.02197695 0.75594173 0.95263731 -701.6591545697961 -0.2673104871403224 -0.40511810744075266
1.5921754190184e-310 702.3124628165558 0.35281694 0.0221188 0.73748152 0.69537806 -702.033956244312 -0.2794321101830557 -0.004378570773112875
1.5767161220126e-310 702.2977229304738 0.3459086 0.02197966 0.71694539 0.88842504 -702.2891658685935 -0.0002333538907948392 -0.02306359407145488
1.57183748096004e-310 702.2790880108391 0.31671303 0.02241597 0.74620973 0.56360325 -701.9090713554207 -0.38480603013114273 -0.003845544921980502
1.57149589622914e-310 702.2585707777855 0.31633078 0.02226387 0.72098336 0.95312709 -701.850092255454 -0.05850669333006519 -0.3704890620550694
1.5565553695108e-310 702.2584828858623 0.33808753 0.02170457 0.71706106 0.88764909 -701.866676616512 -0.2513593982195425 -0.14053476305397103
1.5526379564707e-310 702.2242974512734 0.34365616 0.02233105 0.72354243 0.73500377 -701.6427936556576 -0.38058947179120245 -0.23509975841359113
1.5557807574296e-310 702.2145649195498 0.32780451 0.02169476 0.75939391 0.85122605 -701.8142307912191 -0.18144215045908144 -0.22862450959517866
1.53571768085174e-310 702.2106317798869 0.32662653 0.02175329 0.71489474 0.95532781 -701.5672997658709 -0.3973086704026921 -0.24995648327622957
1.52170918013246e-310 702.1933577002201 0.34644674 0.02202394 0.75529832 0.95275312 -701.5791278925562 -0.46341423348831895 -0.16808965384237967
1.50526828634227e-310 702.1926780793864 0.34907672 0.02218192 0.74659674 0.72218762 -701.9335710510613 -0.2597498902062304 -3.6758952519897615e-05
1.4811682661214e-310 702.1860433356428 0.31507089 0.02229599 0.7283386 0.57947728 -702.0665702686081 -0.06415278071114759 -0.0619550300671572
1.462723013332e-310 702.1781401730957 0.33114483 0.02167872 0.75796651 0.88414006 -701.9250301812165 -0.08102667680590936 -0.17998647762041606
1.4464030748676e-310 702.1688837657241 0.31856509 0.02176814 0.72126189 0.56576585 -701.5568577889048 -0.34606049330924465 -0.27522189088163557
1.42525472374373e-310 702.1679722765723 0.33655052 0.02225481 0.71584057 0.84939075 -701.7757985534685 -0.2431982121853686 -0.14988700007032552
1.4035928227955e-310 702.1599250926024 0.34946279 0.02185536 0.74105539 0.75659741 -701.6114349560736 -0.42625014615084555 -0.13028717434777012
1.3829973886152e-310 702.1579160154492 0.32245088 0.02157453 0.74420253 0.55464134 -702.0877734212517 -0.008103664260671804 -0.06404800709000265
1.357795208054e-310 702.1571008966118 0.32578763 0.02246545 0.72737038 0.76248045 -701.6555991614891 -0.033395297785835436 -0.46892155617420334
1.3372208650112e-310 702.1488650215738 0.34413143 0.0221054 0.75655407 0.91541883 -701.5901405983936 -0.09808057294128701 -0.4688797252769128
1.31747890488504e-310 702.1472263342173 0.32529578 0.02167293 0.7554715 0.85554343 -701.8328022755234 -0.2988313017814656 -0.017231444269011964
1.29451319493836e-310 702.1444316014857 0.31657375 0.02236198 0.73427973 0.93022478 -701.597620670375 -0.2649767755539418 -0.2846288882883351
1.2774728831861e-310 702.134147361938 0.31557742 0.02220697 0.72482858 0.88015249 -701.8560717781105 -0.012014259623571283 -0.27634556375166786
1.2621397251733e-310 702.1289573220516 0.33763397 0.02167684 0.75384879 0.92366653 -701.9009507364569 -0.15059570853410476 -0.08260091694693025
1.2424015807235e-310 702.1260618892616 0.33876418 0.02165786 0.75147119 0.66429392 -701.632652649505 -0.21804172683757103 -0.27826294570906057
1.2365964749093e-310 702.0989012660896 0.32374006 0.02157321 0.73908525 0.56004504 -701.658639592234 -0.15752869947592243 -0.3098935975516996
1.2342890826877e-310 702.0900272319719 0.33186158 0.02248636 0.73357112 0.84522822 -701.6261919630438 -0.0010223737565523007 -0.4716869292892548
1.2190021858502e-310 702.0842098232674 0.32955225 0.02239867 0.7232937 0.85966061 -701.5590824960502 -0.017026927728376322 -0.5139178081933067
1.1989716598106e-310 702.083550434336 0.32688722 0.0216838 0.72136141 0.58263068 -701.5576419092091 -0.18773886926682457 -0.3388290447914619
1.17664360750265e-310 702.0822014232992 0.31719834 0.02169941 0.73464086 0.98593845 -701.5761468039932 -0.24031478630616845 -0.2670888440366336
1.15442256505343e-310 702.0820761482661 0.33334912 0.02159739 0.72773318 0.81633368 -701.8295410543528 -0.009795005727444425 -0.2428653632188796
1.1354468931189e-310 702.07575408372 0.34584003 0.02228717 0.7392148 0.51519925 -701.5685628649371 -0.09149959174858627 -0.42201369158033913
1.1175199453744e-310 702.0742902698797 0.31257173 0.02199934 0.73353466 0.86927326 -701.9058017158528 -0.0012810185190174793 -0.16867134934821898
1.0969793279701e-310 702.0732516802832 0.32396286 0.02215635 0.71632805 0.91411168 -702.0559737835407 -0.017308378895177404 -0.001008107443836643
1.08950153183925e-310 702.0485177941317 0.32460139 0.02240725 0.72812034 0.54510535 -701.6216160569604 -0.4077027460202722 -0.043932877302533695
1.0880477316134e-310 702.0362019340985 0.32872611 0.02194836 0.76109631 0.60654358 -701.6094331028977 -0.08472882796939021 -0.35435586326469515
1.07459471314786e-310 702.0337589896145 0.33753026 0.02160785 0.73946182 0.56137711 -701.5610181623297 -0.4630549650193351 -0.012128806749482503
1.060443048497e-310 702.0231369709775 0.32719351 0.02162665 0.74787371 0.99100773 -701.6305169406558 -0.0018549530615414999 -0.40138709589721105
1.04809548622134e-310 702.0175575039855 0.34397568 0.02203077 0.75282126 0.74923607 -701.572902773445 -0.08462680848057051 -0.36560738905188145
1.0353990381818e-310 702.0079227368841 0.34700755 0.02210217 0.74403464 0.70664377 -701.826597767015 -0.19068554729095796 -0.00027418967958532805
1.02609206250546e-310 701.9960232898809 0.33680863 0.02238991 0.74607543 0.94807519 -701.9603576421765 -0.03161184979198769 -0.015953244915600157
1.0121245534281e-310 701.9956937753532 0.32809879 0.02160747 0.73226666 0.75589438 -701.6160894618455 -0.056608093052015564 -0.3233257349833925
9.933965400199e-311 701.9937729287254 0.3227897 0.02175174 0.72374529 0.51953771 -701.5650307610742 -0.028533983303227296 -0.40212903097573915
9.7977501247214e-311 701.98372673674 0.32759752 0.02181867 0.71883439 0.81268031 -701.6473396196155 -0.1763860514875999 -0.17004725762227552
9.6576874541865e-311 701.9829397068411 0.33537129 0.02181525 0.75633822 0.75528773 -701.5690894219227 -0.3188545653255132 -0.09578274949169478
9.5071206124517e-311 701.9755612767556 0.32014443 0.02202001 0.72088097 0.6250359 -701.5919644616248 -0.2919188139823478 -0.09905643123392707
9.3566717917804e-311 701.975223683545 0.34364277 0.02177061 0.74211142 0.89819092 -701.7211677427687 -0.2543935337942243 -1.9274693483812094e-10
9.1751712751857e-311 701.9751331719069 0.33585815 0.02206765 0.75865504 0.99972234 -701.8135868736726 -0.014673411777497515 -0.14696339809478356
9.032308718912e-311 701.9670209877979 0.33192806 0.02213856 0.71723194 0.74001821 -701.5994289812144 -0.37033920820031946 -0.005364982492240422
8.913763053476e-311 701.9619409452861 0.32984511 0.02194263 0.71678057 0.98275196 -701.5594010225934 -0.3744032047113372 -0.03321676049310918
8.780726759382e-311 701.9574888650374 0.34310556 0.02183902 0.74800974 0.96135484 -701.5569414139294 -0.39085419750501793 -0.014145333851612433
8.6938650431884e-311 701.942271763281 0.32236107 0.02217484 0.72179996 0.78746837 -701.7931167214832 -0.08697479381077289 -0.07739734974336102
8.6007072414204e-311 701.9393741643978 0.31844478 0.0220573 0.72460331 0.50862304 -701.657806259864 -0.22781360748664922 -0.05665189593049858
8.4547680398185e-311 701.9368937277188 0.32119848 0.02172388 0.7448336 0.76311142 -701.7802962467212 -0.1557909655765384 -0.003286952100110036
8.3006507109104e-311 701.9365606727241 0.32718935 0.02226896 0.75381687 0.62658838 -701.6891549910639 -0.0405365540210847 -0.20720218263389628
8.223015763362e-311 701.9161860007409 0.32481098 0.02237762 0.74108611 0.52401686 -701.5729427746451 -0.2171642818217258 -0.14645361625729011
8.189861634772e-311 701.9049631652764 0.33927601 0.02213969 0.75315928 0.82932068 -701.6057144093867 -0.008267437248161175 -0.3022041541061317
8.087237914989e-311 701.9017713056813 0.33071967 0.02235239 0.72814253 0.5996793 -701.6716289083864 -0.1994825377462122 -0.03385171914374656
7.957942305107e-311 701.8975933097295 0.33540054 0.02237853 0.73927018 0.57524048 -701.5563531091742 -0.08434869931561771 -0.26106949719154604
7.835535545161e-311 701.8931690520069 0.32998347 0.02167521 0.74600355 0.73989566 -701.5924510269713 -0.0014004847448764416 -0.30374179801336687
7.702733360118e-311 701.8921713678587 0.32012308 0.0220939 0.75146308 0.63354668 -701.5566535070674 -0.05560493385801321 -0.2809106110814732
7.5659349051757e-311 701.8894041132477 0.33572611 0.02167045 0.73994631 0.64661237 -701.7219281956559 -0.15733891953636203 -0.012904252666417235
7.4338940181885e-311 701.8877770749885 0.34364602 0.02184414 0.73905605 0.87401014 -701.5973978314634 -0.003288316393786592 -0.288717965390615
7.3241583601355e-311 701.8795582176941 0.33003722 0.02190308 0.75629972 0.6096123 -701.8137329902966 -0.000968084728427855 -0.07307599996351453
7.224808210236e-311 701.8754742234119 0.3305341 0.02237895 0.73387687 0.98712147 -701.5565592939329 -0.29069421658321254 -0.032304707177987876
7.1129452873354e-311 701.8711620112493 0.31821583 0.02190967 0.74584093 0.90312979 -701.5562705660568 -0.014757094007696167 -0.30444656334742376
6.989705488148e-311 701.8708203127205 0.33482728 0.02174447 0.74910054 0.75018829 -701.7890316002464 -0.05336815850472667 -0.028762252498195987
6.86746453963e-311 701.8668475662969 0.33971776 0.02213018 0.75134928 0.93439382 -701.584471149578 -0.1069635781623553 -0.17938558498017385
6.7555506464913e-311 701.8640740166044 0.33588091 0.02174341 0.74780603 0.6701353 -701.6834711244742 -0.15469028887341343 -0.028686152949273278
6.6431979370673e-311 701.8607851335248 0.3313412 0.02166397 0.73587226 0.9927484 -701.5998331086956 -0.083470740926221 -0.18077016698248397
6.5281894978576e-311 701.8593941792435 0.32509661 0.02172076 0.73064489 0.69689266 -701.5573408376811 -0.003929929795651274 -0.29951436604818454
6.410540174274e-311 701.8575524587709 0.32425952 0.02219663 0.7519122 0.78002056 -701.6008497274917 -0.046959724974677826 -0.21158472677708615
6.2939190682927e-311 701.8565075454867 0.32700807 0.02167996 0.74112218 0.8291858 -701.6158225166173 -0.1680116141746477 -0.07371832797884093
6.182704860924e-311 701.8536052061778 0.32939859 0.02212118 0.75567986 0.92445286 -701.5748302390908 -0.008461811190643653 -0.2732154952052708
6.078579377825e-311 701.8508717364921 0.31823554 0.02187882 0.74222645 0.5356098 -701.5580796357624 -0.27133448962845724 -0.0241910807869781
5.9800798610817e-311 701.846676665562 0.31998276 0.02188705 0.72849082 0.97326859 -701.7882672397947 -0.015505957726860175 -0.047098538970499725
5.897274456255e-311 701.8391634641822 0.34036454 0.02216804 0.72807959 0.92228839 -701.7264160821577 -0.07849348345425775 -0.041767099949945354
5.8043542086385e-311 701.8388211804111 0.33999996 0.02178482 0.74239379 0.68078832 -701.7019489807637 -0.08542929698110632 -0.05178518643727776
5.715668726423e-311 701.8303701524702 0.32540246 0.02212098 0.72243321 0.72514359 -701.6913742814581 -0.01675818500473244 -0.13068871394822204
5.640768524423e-311 701.8255857604523 0.34015909 0.02208842 0.74969132 0.6620392 -701.5959248040709 -0.21035160582543294 -0.024093742573927383
5.5485080704224e-311 701.8237425125559 0.33576414 0.02208009 0.7221837 0.70914693 -701.6958713633052 -0.11865183779695342 -0.011062559350220349
5.464556717744e-311 701.8164849646193 0.33579707 0.02204977 0.72223269 0.67908411 -701.5980628714215 -0.21714871580864115 -0.008530925325778628
5.3846506173883e-311 701.8135873442338 0.33082999 0.02189061 0.75383366 0.56054998 -701.5985847993514 -0.21580556751355356 -0.002094597754306168
5.2979838537236e-311 701.8093343022002 0.33900009 0.02181786 0.74545344 0.58988783 -701.5564008482368 -0.21762559425059455 -0.039560901746474746
5.2107176266995e-311 701.8071962237952 0.33382266 0.0218934 0.75304263 0.91934778 -701.6645625349624 -0.04822376324510585 -0.09654800399269191
5.128497413151e-311 701.8015456313926 0.32523073 0.02176558 0.74558408 0.83271958 -701.5728975923105 -0.19642432997031098 -0.037874301514445236
5.0435144662484e-311 701.8010021818582 0.34291495 0.02208971 0.7399806 0.95191794 -701.5986615217569 -0.0499291167282799 -0.1529549929074188
4.9577636442843e-311 701.7962427518279 0.34203813 0.02212872 0.74191301 0.95690278 -701.7861154675628 -0.0034051934501787657 -0.011481520845183066
4.8731882652355e-311 701.7958040391798 0.32796591 0.02224175 0.74943923 0.98507049 -701.7550206347942 -0.013291392752951594 -0.027930724280751034
4.7881957336465e-311 701.7918308568034 0.34014596 0.02220582 0.73389037 0.94097052 -701.5660183073154 -0.11359017456148986 -0.1161955573028852
4.7177545490474e-311 701.7858452182709 0.33622045 0.022284 0.74224589 0.50175806 -701.6955761804281 -0.014660621335234192 -0.08159405503999569
4.6395309074125e-311 701.7856560375654 0.34022513 0.02218623 0.74309697 0.84958255 -701.6055052559858 -0.015648916507799447 -0.16469104577732388
4.5504807586524e-311 701.7850008119888 0.33446036 0.02181035 0.74879935 0.64935133 -701.6978082512485 -0.02255134051476311 -0.06529644580228437
4.4713446517426e-311 701.7811418151839 0.32672386 0.02196683 0.75304472 0.84633384 -701.5798997335471 -0.10123788472603715 -0.1038631937155695
4.400604240891e-311 701.77729018592 0.33628101 0.02228779 0.73679116 0.76138183 -701.5779838421554 -0.1964788721200916 -0.0066791009083904986
4.323918756573e-311 701.7766924378019 0.32779371 0.02207548 0.72274499 0.87126933 -701.6065700519191 -0.0012684817095310757 -0.1694516522914387
4.251739977001e-311 701.7713595621702 0.34153789 0.02204999 0.74397237 0.75924018 -701.5674106055159 -0.20200987988999838 -0.007271952396030138
4.1874744193517e-311 701.7675447459002 0.32945836 0.02198377 0.72257574 0.71054909 -701.7382716880066 -0.030962806118424543 -0.002125068045163532
4.113249587865e-311 701.7675195060003 0.34018994 0.02199574 0.7469386 0.84169053 -701.5579258202104 -0.20651725650941463 -0.0031016691803670195
4.037154320929e-311 701.7652873414111 0.32512404 0.02211976 0.7252381 0.56747173 -701.6967726939855 -0.06935638122681423 -0.0013904307879974269
3.9661565644077e-311 701.7633990208154 0.32213042 0.02221494 0.73462208 0.52444945 -701.6003940000319 -0.14137683095561052 -0.023516510423515855
3.8988911995255e-311 701.7598948672986 0.33553211 0.02203199 0.7242094 0.84707558 -701.6637000486662 -0.00990479108985701 -0.08979418105935949
3.8340755473964e-311 701.7573200656112 0.32642911 0.02176775 0.73258636 0.7777389 -701.5944680200105 -0.16508731219870376 -0.0003395350894789548
3.764627730018e-311 701.7568467496025 0.32090169 0.02217258 0.74015017 0.97577494 -701.5815222118484 -0.02544056147643936 -0.15035729228629532
3.69540609116e-311 701.7548328262392 0.33057156 0.022285 0.74413125 0.68901503 -701.6978209253439 -0.004013215424877103 -0.05501260883371801
3.630945050551e-311 701.7524369008505 0.32849569 0.02203228 0.72321698 0.74476452 -701.5562596763057 -0.03263216530771247 -0.1659409846257454
3.5733661879093e-311 701.747202780703 0.33098896 0.02193107 0.75207279 0.82332894 -701.5623773796605 -0.1897029446094216 -0.00035657658062743035
3.5174747206225e-311 701.7443562990261 0.32300223 0.02201454 0.74883417 0.73360116 -701.5566007739875 -0.1719126775324678 -0.018689329183075754
3.456881268797e-311 701.7423495233659 0.33676604 0.0217882 0.73828732 0.71735219 -701.6423941225278 -0.10189170115330827 -7.047534499150306e-05
3.393665980672e-311 701.7416622914718 0.33533332 0.02188328 0.74905348 0.73240335 -701.6153183435375 -7.166010185908913e-05 -0.12695951972649172
3.338813138551e-311 701.7353448307007 0.32750265 0.02228457 0.73790779 0.94749837 -701.5914352406941 -0.10605854773916337 -0.0441685030385969
3.2844954189716e-311 701.7348518350605 0.32080044 0.02213919 0.73728379 0.52125175 -701.5699327252725 -7.381583088301655e-06 -0.16540472384521965
3.230682491072e-311 701.7287879602735 0.33369647 0.02219951 0.74765791 0.68342941 -701.7008376889773 -0.0004452735515344645 -0.03356887253148572
3.1786714239557e-311 701.7276978732618 0.32187919 0.02198468 0.73007849 0.5532622 -701.5716732386198 -0.08096801928525582 -0.076146702368438
3.1435771810413e-311 701.7114522621783 0.32336762 0.02220067 0.73843918 0.7498497 -701.6702796239433 -0.054470705354746775 -0.002947543963768887
3.107880608288e-311 701.710867452277 0.32887755 0.02198788 0.7510656 0.86405306 -701.6341509084064 -0.00016743110224207733 -0.07713392266975189
3.0486628934433e-311 701.7103228333225 0.32498649 0.02180838 0.73655615 0.56849484 -701.5602441556175 -0.14818561431015467 -0.002437682349290746
2.991250642344e-311 701.7092854404221 0.3385177 0.02216296 0.73491488 0.77565465 -701.6026959645706 -0.001809649201322966 -0.10581721955071417
2.935074684365e-311 701.7086347673364 0.33737881 0.02217938 0.73305591 0.69720287 -701.6527300205919 -0.00826214355536559 -0.04829327627483638
2.8800386884114e-311 701.7075387234011 0.33377636 0.02178123 0.73862775 0.79289817 -701.627394416057 -0.02121877394304353 -0.060021577336488
2.8272710619375e-311 701.7060133344637 0.32427897 0.02188253 0.73072663 0.66125648 -701.5724778208075 -0.0003420792710584723 -0.13471882332247628
2.778799694029e-311 701.7025217102318 0.32818562 0.02205467 0.75048405 0.95331804 -701.6154338941409 -0.045921806150720876 -0.044657634172017624
2.731954107084e-311 701.7004099997341 0.33408297 0.02211307 0.72704052 0.73289078 -701.5643937225799 -0.13528782832231356 -0.0028401593295623905
2.6816932554475e-311 701.7000528457672 0.32338752 0.02217597 0.73480527 0.99552172 -701.5756815261025 -0.1042622518111263 -0.020466221820483223
2.6302291814044e-311 701.6995596203428 0.32491182 0.02220907 0.73441962 0.90120887 -701.6337107085247 -0.008859650731251929 -0.057482486511306594
2.581719244335e-311 701.697679279943 0.3306531 0.02177606 0.73893977 0.64180481 -701.6039662505339 -0.011127682852461044 -0.08446568695652205
2.5387025613876e-311 701.6935625244572 0.33946817 0.02193836 0.73909415 0.8080143 -701.5562962678115 -0.0007666394673836199 -0.14061637266414084
2.5030014048233e-311 701.6864077345978 0.32638437 0.02199342 0.74887475 0.88361521 -701.6767746259071 -0.001039211458679299 -0.01574868709149309
2.467025552313e-311 701.6829023012823 0.33710375 0.02213125 0.73194687 0.95237469 -701.5820812935575 -0.10265649710520541 -0.0016699439351402009
2.425597848279e-311 701.68067098421 0.3374866 0.02213236 0.74294814 0.82322724 -701.6218508665745 -0.03180583577186967 -0.02924559893591963
2.3808626001586e-311 701.6805261478748 0.32677163 0.02201236 0.72710986 0.6977767 -701.6295872792184 -0.02125358050624748 -0.029830124485358593
2.334732676658e-311 701.6801966712411 0.33363248 0.02181121 0.73535107 0.76363499 -701.5774410763082 -0.10294709920702973 -0.00013797235959426144
2.290504019366e-311 701.6791721486634 0.3393732 0.02204139 0.74010458 0.80980224 -701.5710975134349 -0.006091018940348999 -0.10300813886585383
2.250112817229e-311 701.6761764641514 0.33544605 0.02184698 0.74176831 0.75142902 -701.6742461444758 -0.003844833820084421 -0.0010811703676107843
2.2104326944064e-311 701.6751490549532 0.33498126 0.02183151 0.74031752 0.66291252 -701.5931152337231 -0.012326520366568589 -0.07073471006179671
2.168599778819e-311 701.6747841582065 0.33880507 0.02209731 0.73695763 0.81296153 -701.5865380560823 -0.004662219118013185 -0.08394877975287524
2.126522900088e-311 701.6747307507854 0.33646737 0.02199879 0.74657672 0.87441738 -701.6597169879182 -0.0009431787020833814 -0.014123991586357687
2.085277253118e-311 701.674351704894 0.33779002 0.02199868 0.73145673 0.92049986 -701.6098136199963 -0.06385428631692484 -0.0010628444722685382
2.0476141125986e-311 701.671580487557 0.33797108 0.02213107 0.73964897 0.8801198 -701.6361124248374 -0.03716522723384665 -0.001074052822779549
2.011246077462e-311 701.6705863750896 0.32686978 0.0221082 0.72865139 0.89057665 -701.6400688841339 -0.0023603355732762076 -0.029151267849829472
1.9732530710194e-311 701.6701170071628 0.33193525 0.02206597 0.72696446 0.67265994 -701.5763376741812 -0.0758650916675978 -0.018383609240701263
1.9356007591875e-311 701.6695126322787 0.33497048 0.02215558 0.73124137 0.53137458 -701.5594094447109 -0.10571461128047978 -0.004992951171358467
1.899983838755e-311 701.667657257742 0.32283244 0.02204844 0.74272655 0.56042151 -701.586423584483 -0.03965192602135056 -0.04343712177428437
1.864613679491e-311 701.667489506004 0.33135885 0.02213375 0.72842914 0.8875724 -701.6463531468168 -0.019392619452788352 -0.00191149147250137
1.8287819541267e-311 701.6668595810528 0.33846244 0.02208121 0.73524347 0.73807201 -701.5574013831605 -0.07951514350342621 -0.030572979340152375
1.7948864198587e-311 701.66530156369 0.33612018 0.02217864 0.7395259 0.7659854 -701.6514106464443 -0.006595906165727282 -0.008853028442828028
1.7630367122406e-311 701.6630630067145 0.33858903 0.02204553 0.73514421 0.82475842 -701.6038106165045 -0.002021145799886396 -0.059469801385684556
1.7308432395275e-311 701.6625531522633 0.32323409 0.02198699 0.73286658 0.66863593 -701.6544429401962 -0.007079435188862137 -0.0015406313294415662
1.698596291043e-311 701.6610712613877 0.33738084 0.02208668 0.73283831 0.63811485 -701.6371034579946 -0.022875025396327506 -0.002574668872402924
1.666903056026e-311 701.6606169032808 0.32755994 0.02221247 0.74005524 0.7786348 -701.627437216019 -0.02312761576165939 -0.010506429607135121
1.6354075175864e-311 701.6596170607089 0.33832014 0.02198774 0.74124262 0.64027501 -701.5694127698976 -0.003666691388256787 -0.08753744199503528
1.6043696109863e-311 701.6593336305183 0.33877258 0.02201453 0.7386413 0.95982906 -701.6480312986332 -0.009127247747537051 -0.0024585143281742935
1.573743654592e-311 701.6585592146649 0.33838177 0.02204947 0.73515969 0.81052453 -701.6589059003113 -0.0003569975205178498 -7.073268647540347e-05
1.543757727021e-311 701.6582037527812 0.33330568 0.0222007 0.73414952 0.63589754 -701.6495036589021 -0.007002920711883868 -0.0020526350509612085
1.514452743714e-311 701.6572848961723 0.33004922 0.02217947 0.73115967 0.52625645 -701.5681742653295 -0.012869944998982693 -0.07715954245269566
1.4864745378926e-311 701.6558925997799 0.33111374 0.0218579 0.74452687 0.77195907 -701.5565787801902 -0.040616460871913035 -0.06008965511024155
1.460663790564e-311 701.6527141844219 0.33277311 0.02207617 0.72833104 0.84803213 -701.5568225893552 -0.036979244189125446 -0.06209076623564272
1.4344215500545e-311 701.6525434599573 0.33433177 0.02215225 0.74414773 0.84503669 -701.5641061458568 -0.08115342009791802 -0.007454618467141795
1.4068658942287e-311 701.6519034381859 0.32843148 0.02182904 0.73985238 0.72386476 -701.5784062600462 -0.032807812968362604 -0.04132938694276082
1.3800369568856e-311 701.6514465174666 0.33518257 0.02209458 0.73048987 0.72817229 -701.562760534363 -0.0029785792240454552 -0.08616432459878436
1.353601527934e-311 701.6509810665607 0.33135702 0.02215904 0.74543118 0.59684642 -701.5893440880595 -0.048960149878768504 -0.013142279528334218
1.328202164587e-311 701.6497267356979 0.33355256 0.02197699 0.74729739 0.79849166 -701.5573629240698 -0.04793609906965195 -0.045682043421231486
1.303415797128e-311 701.6490513667758 0.32638537 0.02214443 0.73208248 0.90161867 -701.5703191332426 -0.07503605024982991 -0.004371552205334818
1.2822626678773e-311 701.6428552213737 0.32302534 0.02200463 0.73871881 0.85226685 -701.5820695264181 -0.030396690081490287 -0.036585150276183726
1.2612587667846e-311 701.6424685177695 0.3317233 0.02201535 0.74783157 0.93937937 -701.6418484177138 -0.00044851689005646076 -0.0005582867697946577
1.2374427931453e-311 701.6413767411909 0.32357745 0.0220346 0.74160107 0.65981624 -701.5585113514221 -0.08390601920409084 -5.114714339558325e-05
1.214649459841e-311 701.6400463314499 0.33741002 0.02195224 0.73683723 0.66649146 -701.6296166370697 -0.011256675694275487 -0.0005034284268816088
1.1920471204956e-311 701.6393380220616 0.33409248 0.02216331 0.73383648 0.70425952 -701.6280219708007 -0.0011736320786610596 -0.010850728570538008
1.169586291811e-311 701.6384851511635 0.32815912 0.02184634 0.73625987 0.83508341 -701.5757632713127 -0.015047651874477676 -0.048527098874332555
1.148993350332e-311 701.6352629373648 0.32752085 0.02185358 0.73823936 0.55776209 -701.5645920844473 -0.0026285070593698476 -0.07126455965678086
1.129118439666e-311 701.6337759039855 0.33499519 0.02205534 0.74512885 0.64714193 -701.5697666747051 -4.9731858499397774e-05 -0.06544653080114604
1.1080505704805e-311 701.6333270960228 0.33521347 0.02202317 0.73091902 0.77724595 -701.5867102036592 -0.044114981242176915 -0.0029507190841077447
1.0867424668768e-311 701.6330057637284 0.33175178 0.02184331 0.73716933 0.73165649 -701.5897787525641 -0.043524565013236996 -2.3778445270419215e-05
1.0656795703905e-311 701.6328657588033 0.33202412 0.02200094 0.72887974 0.91464024 -701.5586402272221 -0.0005989746841312877 -0.07376656182214807
1.045337937702e-311 701.6319456587406 0.33086218 0.02188337 0.73198931 0.53900498 -701.5598033217979 -0.0722041653503405 -0.0008582716551650754
1.025325341983e-311 701.6319207916393 0.33529455 0.02201343 0.74486669 0.68142156 -701.5564727459475 -0.03136146992534265 -0.044111442867806556
1.005379943582e-311 701.6316293165476 0.33102713 0.02210437 0.7461839 0.59101969 -701.5908887189491 -0.04093004978905785 -0.00010202290120888277
9.85882937329e-312 701.6314818804996 0.32365878 0.02205215 0.73684884 0.69141312 -701.5566698671785 -0.058139071947933364 -0.016820377421107636
9.66703827092e-312 701.6313149721834 0.33408508 0.022173 0.73861672 0.67548407 -701.6278899149735 -0.0011503158517472487 -0.002441649674282825
9.486370611175e-312 701.6296091192826 0.3367244 0.02202172 0.73383689 0.80531568 -701.5756687739294 -0.00033016268354313805 -0.05531603557053165
9.31495147302e-312 701.6281801035946 0.33367047 0.02187751 0.73482608 0.8326872 -701.6145574765152 -0.015044663538175993 -6.979229161159493e-06
9.146462554363e-312 701.6265112425071 0.33275273 0.02190209 0.7321505 0.80731294 -701.5714599654276 -0.008744575799009644 -0.04797556236796783
8.97868051537e-312 701.6256028847371 0.32506831 0.02205171 0.74302306 0.99378871 -701.5639569252689 -0.029701967504543795 -0.03285234973364124
8.807336529275e-312 701.6254415180056 0.32457356 0.02193982 0.73740519 0.91741714 -701.6013255270999 -0.02190200778403728 -0.0023753498530676323
8.636511352015e-312 701.6251703381937 0.32855225 0.02193911 0.73058874 0.80955411 -701.6099444099187 -0.000307116882656296 -0.015189991204080811
8.47095017003e-312 701.6245484208447 0.33317039 0.02215423 0.73385509 0.6520842 -701.5620306135922 -0.04767955144890145 -0.015460173152556992
8.477705293576e-312 701.6235762217932 0.33547305 0.02192434 0.73488688 0.70793587 -701.5670571721023 -0.014913471019236329 -0.042577777723153715
8.487566903644e-312 701.6222235131064 0.32666155 0.02206798 0.73137738 0.69014079 -701.5935415667108 -0.008412789469346444 -0.02162186561304949
8.501093782304e-312 701.6203916831855 0.33624147 0.02202863 0.73393873 0.97699382 -701.5787125834763 -0.038072091448667675 -0.005438838181419946
8.51321767803e-312 701.6193726514942 0.33468815 0.02214424 0.73755184 0.77238096 -701.6058979914756 -0.014317660115997841 -0.00017603159387650849
8.52160340921e-312 701.6184225691314 0.32969927 0.02193459 0.73088516 0.60032 -701.5827267752026 -0.0001743476075590484 -0.03647152868419194
8.525997472873e-312 701.6183414170034 0.33147537 0.02213126 0.73198848 0.71288745 -701.5572420972551 -0.04394183649740481 -0.017238635378904223
8.52966549636e-312 701.6175624715131 0.32481898 0.02209123 0.7380381 0.77407553 -701.5577183124803 -0.03137015016644076 -0.029252954356565986
8.535001980156e-312 701.6170904360595 0.33055401 0.02189893 0.73250825 0.56706628 -701.6055731529545 -1.2601669747901929e-06 -0.01198805839153047
8.544952768975e-312 701.615232876495 0.33415171 0.0219147 0.7418167 0.75166303 -701.556275653141 -0.026179982356407082 -0.03463480056195887
8.555772728675e-312 701.6145588093327 0.32758566 0.02195234 0.73169078 0.51421087 -701.5763851320069 -0.012645129268767754 -0.026202615219426517
8.56293899352e-312 701.6135585259976 0.32996656 0.02205578 0.7458764 0.87812044 -701.5691875361431 -0.03455399398903018 -0.010817279200680645
8.57153660199e-312 701.6125517224797 0.32516835 0.02209124 0.73698974 0.83990139 -701.5566806271049 -0.05385210101845623 -0.0030257978742126435
8.582968025654e-312 701.6108934385298 0.33276018 0.0220265 0.74534407 0.94223267 -701.5996719608191 -0.0008859551310555147 -0.011993806529565124
8.590697554587e-312 701.6107507186871 0.33169179 0.02202765 0.73024689 0.93622118 -701.5639747230922 -0.04681882957398063 -9.988586366856269e-05
8.59209635137e-312 701.6105678144796 0.33471728 0.02203794 0.73245443 0.50367279 -701.5584330342379 -0.05217950297152836 -0.00013818147768096002
8.60329866552e-312 701.6081462888861 0.3337031 0.02207222 0.73212899 0.68558372 -701.5831117555152 -0.02669557760265145 -0.000760481361772937
8.61556496704e-312 701.6077168910025 0.3338919 0.02210858 0.73377119 0.855936 -701.5717813626715 -0.029920777475536318 -0.006444148739049429
8.618888904213e-312 701.6073748087324 0.33520291 0.02194628 0.74038449 0.64061185 -701.5736530832887 -0.015523327849826744 -0.018540479864003815
8.624316736893e-312 701.6064579480587 0.3333842 0.02196166 0.73216432 0.92220353 -701.5895966627157 -0.0049355686207674596 -0.012842577395909991
8.62944322377e-312 701.6061861254844 0.33247222 0.02189272 0.74057643 0.72483697 -701.5688537891285 -0.02956172381481006 -0.008042435115394196
8.63307486496e-312 701.6056165016676 0.32755415 0.02196962 0.74389398 0.78666655 -701.5621454338626 -0.005762151200834584 -0.03827854042096816
8.63634805665e-312 701.6054279059263 0.33434591 0.02212649 0.73778419 0.62131986 -701.569462890227 -0.030155404005341023 -0.005998207435300522
8.653823995045e-312 701.6015772221681 0.32680253 0.02202757 0.74329685 0.61142713 -701.5785892452599 -4.042711403851853e-05 -0.026798233552328594
8.670667248696e-312 701.6015353097099 0.33099856 0.0219187 0.74287827 0.58105945 -701.5770871133067 -0.02435468000010116 -0.0001354288613471405
8.67352573158e-312 701.600918080093 0.33114335 0.02197315 0.7446901 0.61018754 -701.5566313611625 -0.020657554016399078 -0.024246394530938808
8.678789470984e-312 701.6003219229702 0.3353113 0.02208093 0.73867641 0.70940645 -701.5568787044224 -0.03885196644532534 -0.0051874092252812845
8.68418576374e-312 701.5996749234873 0.33515517 0.02205011 0.74114936 0.90830301 -701.5911514839686 -0.00039715911287462134 -0.008773279888830086
8.694255446327e-312 701.5980047741409 0.33496077 0.02196281 0.74015038 0.86077918 -701.588922904411 -0.008609755824016933 -0.0021422632522477064
8.702199115984e-312 701.5978477290516 0.3344363 0.02210259 0.73955018 0.90924804 -701.5862632946229 -0.004014010158197467 -0.007727469359776489
8.71181266813e-312 701.5957975847706 0.33477708 0.02202571 0.74169865 0.8317877 -701.5796422715168 -0.0020859926135321535 -0.01611946492133546
8.727768973604e-312 701.5941875344412 0.33092765 0.02213179 0.74105937 0.72884138 -701.5838453943454 -0.011875039003980443 -7.715142129207815e-05
8.73490556583e-312 701.5941622290517 0.33103464 0.0219274 0.74245277 0.91870516 -701.5565349816202 -0.008124778238999413 -0.029527774581978573
8.73750718548e-312 701.5935920207373 0.32575829 0.02198515 0.7375777 0.9647239 -701.5566886725786 -0.017211098841949258 -0.0202624576311105
8.752403890476e-312 701.5907572306836 0.3276797 0.02202706 0.73293436 0.69156849 -701.5905672076499 -0.00015480721141069664 -0.002870005876015729
8.76808167524e-312 701.5900108463322 0.3291799 0.02210141 0.7422186 0.82021372 -701.5683646605041 -0.02227491985972399 -0.00011765031979325272
8.779655013207e-312 701.5881198469474 0.32742766 0.02210449 0.73884856 0.65391642 -701.5589000639383 -0.015448458932416783 -0.015662323461551525
8.788983574536e-312 701.5878860536576 0.32994071 0.02211174 0.73439846 0.65872197 -701.570626670767 -0.0006250527274416356 -0.01686812345307431
8.797974233337e-312 701.5860758055078 0.33448935 0.02206953 0.7380022 0.95800529 -701.5567397840717 -0.011259644405565185 -0.01988662518032162
8.81322182742e-312 701.5844227574471 0.33361229 0.02195077 0.73959287 0.74293222 -701.5802798083453 -4.214875755452224e-09 -0.005795992947719183
8.82392002532e-312 701.5836489834109 0.33110246 0.02191343 0.73803865 0.7467853 -701.5708953909946 -0.002202458825748633 -0.011324907626741681
8.828853175527e-312 701.583304818602 0.32755273 0.02195905 0.74041152 0.60573179 -701.556813802774 -1.2969913461557863e-06 -0.026833883645508927
8.83975316811e-312 701.5811824277025 0.33287158 0.02210259 0.73858192 0.76627407 -701.5694773705068 -0.005048113382328878 -0.008779334712781112
8.858473171085e-312 701.5790738692771 0.33070629 0.02193485 0.73545784 0.54331782 -701.5647705213896 -0.00029395147627986166 -0.01611795483668245
8.868958232987e-312 701.5788154936675 0.32788401 0.02200499 0.74165817 0.97980011 -701.556331434021 -0.0056098697069316365 -0.01713256554912773
8.87289691894e-312 701.5781859529809 0.33236342 0.02194384 0.73615497 0.88437797 -701.5666662689493 -0.0116165166752312 -0.0005327080430139738
8.8916518688e-312 701.5745956094722 0.33299378 0.02205648 0.74058238 0.73648693 -701.5615251810297 -0.0029549928508469906 -0.01370577910038486
8.911642730787e-312 701.5736914356291 0.33066413 0.02210283 0.73916569 0.80724073 -701.5656629409236 -0.005788795729904922 -0.0031438728186284413
8.918097458186e-312 701.5731473979316 0.33300203 0.02200035 0.74073856 0.9072379 -701.5563012226978 -0.0011795475347318295 -0.01621066539654196
8.92323623443e-312 701.5725393481812 0.3320977 0.02197897 0.73488476 0.95823418 -701.5657247794867 -0.006510165551978228 -0.0009124528929775415
