0.0 14318.088296567696 0.22391376 0.02055331 0.76905263 0.78439522 -0.26977292 2.72370139 -127.3761787496949 -1035.7881479749215 -277.422305622358 -617.0999836266592 -9.194033744671813
0.0 5393.527850931873 0.11008466 0.02173407 0.88063066 0.74597115 -0.53804536 2.23578262 -241.67821896831828 -9919.96856691012 -3373.7158559139802 -777.6425476072063 -5.08310716807136
0.0 4981.451376864527 0.15341925 0.02035454 0.5291522 0.56896394 -0.13393672 1.88734349 -77.36302909218247 -3680.197667819866 -994.8412766513288 -640.9326885124242 -0.1931888560712117
0.0 3957.0929116120824 0.44795394 0.0208498 0.62348767 0.69727117 -0.12191349 2.40541623 -281.70824023663573 -3328.4995315219317 -646.6997436664686 -717.9896185913407 -6.554242848151494
0.0 2066.8806497183054 0.18638043 0.02399254 0.53426692 0.57991695 -0.42688839 2.10093859 -306.79389457316364 -1377.228467370307 -1447.594190317128 -822.2405902169642 -3.2357691345194306
0.0 1994.061332173764 0.49188583 0.02353511 0.42800123 0.63304215 -0.2453335 2.26549101 -127.3761787496949 -1035.7881479749215 -277.422305622358 -617.0999836266592 -9.194033744671813
0.0 1505.1494310286741 0.22655114 0.02402014 0.47326456 0.70975051 -0.92304043 2.82549441 -244.28186632139054 -433.05439099733354 -249.19603173772222 -1062.104773279006 -5.424269838311632
0.0 1223.3976068678026 0.16743019 0.02289238 0.42428419 0.97904385 -1.71787807 -1.74666895 -29.170103056141542 -592.0769522122915 -101.26941745167875 -773.1798591072601 -9.453099201302123
0.0 1035.3248207780464 0.30317629 0.02206999 0.40737972 0.66313932 -1.93841765 2.93147738 -302.6566868110955 -27.89110946602084 -113.32205950381112 -777.7294553661407 -1.7982957207344745
0.0 1012.4131188124143 0.17815385 0.02122863 0.4489919 0.6068185 -1.19144984 2.8003901 -78.16401298083731 -6.948573177840383 -75.75409684447561 -874.4522336787566 -0.005904096136722671
0.0 980.1045832052794 0.18438727 0.02376808 0.5941076 0.59349509 -0.7225788 2.1644343 -37.35587401824594 -203.57088880146466 -57.778770151743004 -712.2277553731029 -1.4798304678577567
0.0 968.0286411902539 0.46836214 0.02022 0.59226669 0.71028178 -0.1881677 1.25383348 -39.871778318581 -340.4531297478123 -113.8997793018533 -478.65921170561387 -7.220684131418872
0.0 965.9249030820783 0.14780735 0.02148728 0.43380822 0.82667232 -1.42858739 -1.91159662 -229.58345924211707 -85.77370853907664 -154.59027241411164 -490.4252502279278 -7.6559507670206735
0.0 945.7309499898986 0.12221328 0.02487621 0.56438875 0.85036921 -1.96704311 2.50970587 -238.97544208247447 -13.982426227897845 -111.18988239158868 -601.1065630975945 -0.6705892825227154
0.0 897.1263477156222 0.29687785 0.02020176 0.4018772 0.86166227 -1.85074914 2.61488722 -442.7956826774855 -21.785551805083024 -69.38460456816435 -392.48830958577844 -19.276801353387295
0.0 878.1412869883053 0.30505744 0.02235457 0.40836945 0.96006184 -1.99010152 -0.96578819 -73.94082747173707 -10.924520704059336 -78.56778685093683 -725.881270523397 -7.811942165491941
0.0 874.4649454670013 0.15483062 0.02394386 0.49244242 0.5206719 -1.88651882 1.45967249 -105.22197472270591 -22.931169199975525 -84.80547507676656 -664.918168472894 -0.26449951596336485
0.0 871.1562134449812 0.19881549 0.02248276 0.46450843 0.8869937 -1.35279282 2.60727752 -328.1380820102707 -5.542303276458709 -86.70154698368114 -445.3371363307803 -8.74587686581035
0.0 867.7619644128622 0.15649196 0.02496585 0.6738229 0.87359843 -0.8501023 2.03192911 -57.07954498999689 -122.24561794768869 -50.56652395385321 -640.7585013526476 -0.5060252007947558
0.0 830.950384647242 0.36402726 0.02242687 0.49186587 0.70384987 -0.93526344 2.35199905 -21.45121519867821 -396.7762599394423 -69.95651972110345 -359.0722595846449 -20.505709968993415
0.0 792.5528013588779 0.21861502 0.02130056 0.41771727 0.87233825 -1.52693707 -1.58842285 -42.71765750702854 -88.37034201546955 -39.54677182045866 -659.9244474309414 -0.39116587334377195
1.4062783e-317 724.0613029791879 0.46091442 0.02345887 0.70970035 0.98260397 -0.11692991 0.58495639 -137.19914306938355 -15.097188144667633 -96.24732054162116 -542.7861038934342 -1.2230457097713097
7.8557814e-316 720.0463475668397 0.11109139 0.02203562 0.41358104 0.51592889 -1.45481241 1.05124254 -235.03851133079388 -28.98608247406865 -162.72311594662133 -292.42143972683084 -4.892153500873134
6.795415765899e-311 708.6506016245077 0.22840417 0.02360068 0.72980269 0.62650958 -0.4627469 1.32819986 -232.18271236048176 -3.1485893213999643 -114.92773717214182 -369.7867320546964 -0.0005766581197300946
4.141721795710284e-286 651.5711493643583 0.27424346 0.02185408 0.54155294 0.58850221 -0.51679963 1.53984323 -94.05359588969108 -87.57745949291069 -150.9274707217094 -370.1881082299087 -5.903967290287865
9.057330927745575e-273 620.8451299415788 0.29144845 0.02257761 0.48083413 0.95815134 -1.90812246 -1.7623204 -91.37240814518148 -84.07371323050599 -56.564290442577295 -419.49568888782403 -0.06504865826959016
1.9334118691432903e-268 610.8665887564016 0.20651139 0.02105892 0.54443165 0.70579021 -1.81101446 -1.10882089 -113.71327664784384 -24.541352858806768 -60.03255493900717 -421.8232303235326 -0.7347151723883512
6.193416906029531e-263 598.179468979068 0.12057692 0.0234645 0.79139046 0.85690253 -1.52522159 -2.04341173 -223.60148701835837 -22.306235404276467 -59.47257047718564 -303.3036984151876 -2.182597441393483
2.109844525036838e-261 594.6707128958826 0.34111148 0.02124834 0.71140183 0.78982276 -0.86097542 2.06439684 -360.32803877103396 -21.034712159600247 -39.642876961866456 -172.2433284868756 -4.93051259969173
3.2191948437838518e-260 591.9712425293875 0.25636485 0.0226239 0.4008654 0.61053704 -1.17425421 -2.35065323 -44.06997955717491 -88.85850858516261 -88.8827513966645 -371.4524213428767 -1.407052014003967
1.3285427958652456e-255 581.268360870925 0.35408907 0.02079032 0.74558307 0.51884133 -0.83625932 1.38442957 -49.27590306601148 -7.454207226710803 -88.74565827283581 -445.633722759147 -0.8617512046823651
9.211937849242046e-254 577.0337672111832 0.16149398 0.02499764 0.76851398 0.69246684 -1.93275746 -0.617394 -42.1606846856651 -324.4132386210304 -46.101556154368375 -165.0198374339388 -3.5730439759223245
1.2582589349884846e-246 560.579525695512 0.43552499 0.02387221 0.66113592 0.79516865 -0.84055243 1.96088821 -377.3319108557763 -13.706251609196102 -27.238718300028978 -137.80614948922164 -20.95073695696017
4.090715465653896e-243 552.4831336866539 0.32017303 0.02333789 0.56050031 0.8561388 -1.78675624 2.89208731 -67.35357302597167 -47.87768491401016 -61.359926033547815 -375.88185346909734 -8.106488252884983
1.170127866555211e-234 533.0012197871658 0.18384412 0.02492601 0.49721785 0.61287408 -1.33146135 -1.25718005 -50.27396154429958 -14.744017826758238 -24.557352120460514 -458.80374912071204 -4.104053074423571
2.4311124326269176e-229 520.747112840066 0.32724203 0.02077989 0.4309569 0.89241301 -1.42192607 -2.91156912 -127.03472372747149 -5.566630727268821 -72.26297839267296 -308.18207242205256 -19.9548145177
4.8735781989098745e-229 520.7226872242543 0.33342346 0.02126019 0.85451076 0.9652844 -0.215385 -0.03226313 -40.105621152074164 -17.608442707065983 -66.43523715819728 -392.96389881649867 -3.6339130062299247
5.368828075889264e-228 517.6789157782317 0.14152678 0.02366431 0.75598904 0.59377143 -0.96203841 2.02645215 -162.05918532930585 -3.3372958189437463 -147.57202128326756 -206.39002552614053 -1.3641592665965767
8.4196017047855315e-227 514.9320281935721 0.16487717 0.02297176 0.72816856 0.6677805 -0.1713486 -0.98031446 -23.408290518418855 -127.53826959564714 -59.97852321669975 -300.36503276297816 -6.38879968448784
2.872913303970541e-226 513.9509632774353 0.17130022 0.0246857 0.6213833 0.64073196 -1.58171648 -1.3620092 -127.13313588641 -82.57366386426018 -27.529333991892013 -275.55542390541905 -2.1404705455909023
4.26363781860257e-226 513.8918589688648 0.22121047 0.02190499 0.60521455 0.71410554 -1.29101141 2.48537584 -229.08416794405818 -8.615348075647413 -47.405053183893315 -212.05531974126822 -16.791074332568186
2.3579646602242427e-225 511.60430154851326 0.18675553 0.02150008 0.82962192 0.64265586 -0.21142479 -2.13542278 -38.69244145843758 -65.81227139020248 -23.850613521715232 -385.5052765358688 -0.03125606264068601
9.743190220665921e-225 510.32419895130784 0.13318763 0.0218657 0.64297915 0.90509184 -1.59092275 0.21459532 -90.6016934998182 -111.18778905953278 -47.14986313508941 -262.02622045206795 -0.6387354020049507
2.6269038595308475e-218 495.2616127229818 0.12382221 0.02043911 0.66819291 0.61016597 -1.55566239 0.20679357 -279.9739908773451 -10.446014896347757 -50.6838566752649 -169.16407979307357 -0.05625670927645862
3.926254055256545e-216 490.25125843096504 0.17959857 0.02454153 0.65046154 0.61587831 -0.15085667 -2.92762263 -285.8727749863752 -4.454004441923519 -48.066568490124965 -150.96275260581024 -5.905512198747888
8.611821416286357e-204 461.8181905423182 0.49952233 0.02422506 0.74285153 0.73746801 -0.11236264 -0.18286335 -96.77446440130412 -137.4310110261265 -28.101166628261794 -212.92076206532764 -15.02385430994497
4.9052999618498425e-191 432.4374535997668 0.20752533 0.02355816 0.70398141 0.60908845 -0.15160112 -2.01990594 -216.5156018863427 -1.2455451548262244 -103.06322112420143 -129.50449781354075 -11.489324563407067
1.0034015917627599e-190 432.3735390585785 0.49543823 0.02475093 0.72493094 0.56334677 -0.06693946 -0.48737612 -115.8166997504417 -97.8435043045409 -23.89131584664569 -189.29531169637778 -5.59062200176072
4.916794574453001e-186 420.90229733520965 0.34456311 0.02183839 0.50400663 0.76106292 -1.95562914 -0.32506394 -224.09197205461214 -1.219028413947393 -82.78010410378586 -106.65957280851995 -17.622861677713136
4.935647702818155e-182 411.67826774020506 0.22926775 0.0219909 0.65908525 0.72209234 -0.63411143 1.35174694 -63.42532381557734 -12.209241446314762 -42.25007485245784 -302.9397177783653 -0.0779394424943601
1.4928226287323469e-176 399.04852669051286 0.29553527 0.022675 0.48215224 0.67048919 -1.50774999 -1.01990488 -49.14683254014993 -55.35627302833498 -44.14830083301145 -263.02486063826876 -0.002000700439949817
4.448961697601813e-172 388.7362639041178 0.38138103 0.02358434 0.66504995 0.79675111 -0.41444903 0.7920072 -55.30010889316384 -7.211054044620164 -53.21166709231794 -282.3119407791221 -1.0137558812888376
1.8099675648770622e-171 387.6019269048124 0.25525053 0.02143447 0.44924768 0.75415683 -1.20989139 -1.36619211 -124.5099755548184 -12.787598841270452 -53.995640375541846 -191.66056313924443 -5.782485993242643
7.111625776434119e-166 374.4317612328196 0.39757913 0.02163392 0.70665167 0.5659362 -0.21201046 0.04562717 -46.120485464563146 -6.812731245016997 -68.37174058097898 -265.48685531480083 -0.810114299452428
1.1592185599977968e-164 371.693287492209 0.30861991 0.02293128 0.52527342 0.95704226 -1.67540494 -1.25434719 -174.82320515883723 -1.6395779294226416 -65.03014089403571 -132.5866249059416 -0.3522123445824755
8.45825335151636e-164 369.7696149520797 0.36797388 0.02131212 0.89868115 0.66356699 -0.22585493 -1.94300574 -65.7901426462039 -18.375602084763134 -40.08920574597031 -245.4760766205923 -1.9622603946793102
2.2227638841070312e-163 369.0557340361872 0.42007302 0.02382238 0.50168249 0.7407777 -1.76412237 -2.42567568 -121.0865546848879 -27.772674469665567 -96.28206533940232 -123.44425101569692 -1.1840694424269393
1.5242010461501949e-159 359.814219787416 0.34214337 0.02308234 0.42675669 0.7442989 -1.01212865 -2.20677534 -26.02511016955641 -12.018627700508311 -32.0969123648834 -291.2389056420002 -7.676178159238876
8.333150517431609e-157 353.5020435527454 0.44775035 0.02191515 0.84483043 0.58935322 -0.32120691 -0.46327255 -19.211315866352237 -7.477571380319327 -58.96880004737066 -271.48981096631564 -2.6667215270581495
2.282704715800384e-155 350.2167368132889 0.13285335 0.02487647 0.43578924 0.72780355 -0.54981536 -0.7895333 -137.90017937668983 -2.0892177969224215 -107.34069061153774 -106.14597897849627 -0.025976789099176282
2.1773218055451047e-154 348.0201449895565 0.47871846 0.0221608 0.50425533 0.80128124 -1.99781675 -2.41592835 -28.27035846262599 -45.82598620261712 -67.73886136666395 -189.10124129279495 -19.280289488586824
1.5237423063361478e-148 334.4461878042624 0.21546895 0.0202004 0.62653316 0.68232877 -1.82592705 1.3577215 -23.889666658486654 -14.079423197974997 -26.980804196769377 -283.023403272475 -0.04684766385052485
2.9718378687468477e-146 329.16814422470793 0.19693075 0.0221494 0.7296792 0.9034412 -0.37669895 -2.55249282 -173.02290073091174 -8.718379464227306 -31.01362068782599 -113.86767188279222 -7.823615038505186
1.3235065128593112e-145 327.90940465824957 0.41333054 0.0237596 0.40150651 0.74067841 -0.84487587 0.26125143 -49.432068399599416 -121.2174917113621 -22.729227544690918 -135.74979340589414 -0.03956316316136134
2.1408859101118864e-145 327.8161240182593 0.41319574 0.02297324 0.41230464 0.79130746 -0.91591376 0.72622173 -44.415367082111864 -3.155125809987119 -48.888075658795536 -224.30002682087482 -7.150809286480255
2.0729732729365444e-144 324.94322472326525 0.24398959 0.0239769 0.856005 0.94232778 -0.4298976 0.10773061 -40.756616135849825 -4.8517724120319015 -44.3216839395989 -235.73890112558504 -2.1471504051936456
1.89546151129863e-142 320.37293301450353 0.40516302 0.02167374 0.40454903 0.85423921 -0.84552669 -1.28106885 -77.06990610866428 -5.344325180517876 -76.81593912057815 -156.66425100151017 -9.048803311994714
2.9858409880592105e-141 317.6599049307662 0.35426333 0.02450277 0.72834028 0.91765563 -0.21689696 -0.41139893 -33.991803777103684 -5.460093103997056 -54.3160132460453 -226.32172102358035 -0.28330186377710015
6.862278695381405e-141 317.2710855662997 0.48986575 0.02158769 0.4823815 0.66425183 -1.60686611 -1.43978011 -153.99486446043497 -5.932438577869229 -48.402683420545344 -94.7643809578213 -14.56553751409533
4.219948432018095e-140 315.02812996795546 0.42698441 0.02472896 0.89794184 0.52210771 -0.52438568 -0.1426075 -23.309982367062037 -7.737988814687078 -28.8239611575391 -256.9575308249858 -0.44162240202571873
1.1312700758270448e-139 314.33750148594834 0.460812 0.024341 0.51917952 0.59106082 -1.76307271 -1.81209698 -91.36655923349173 -1.7461701783792327 -115.67766135591518 -88.89727592540609 -17.340463274763255
8.783919940472968e-139 311.9604270697768 0.32010615 0.02002492 0.51904657 0.95345018 -1.59954069 -0.95410435 -21.68973686899745 -6.984704389485489 -23.7833750158533 -249.1504196879032 -12.729265523708957
1.7800971516013806e-136 306.55469389329 0.37901596 0.02417728 0.51383392 0.8235753 -1.47935915 -2.0874559 -49.82084074629525 -15.68836311643895 -38.747305090320125 -198.29853647626135 -9.405381640461124
5.4648914774981785e-136 305.80581846394205 0.17533671 0.02023141 0.60642596 0.54774987 -0.73664673 1.38775225 -24.704580377161395 -12.588664832453532 -31.43723513118761 -226.82742256019776 -10.996790992289737
6.555665900182754e-135 302.98173340788765 0.38597633 0.0242642 0.48577176 0.95078771 -1.18001751 -2.76594433 -25.62533490801748 -33.609432746854495 -20.106879915156306 -218.90496418509332 -7.5592067088204455
8.500523125553352e-133 298.05638109083355 0.38788545 0.02386365 0.47782727 0.77027127 -1.35505147 1.25842023 -18.696217598069005 -15.237848980221166 -35.81381891977306 -221.33297292240206 -11.900874987422359
1.4929751304621668e-131 295.2309773642194 0.21456946 0.0204988 0.64635614 0.62860752 -1.69317363 0.16617698 -20.142726164320734 -6.408232853829087 -33.752678619038065 -229.720975355455 -8.031768098190636
8.932126590766131e-131 293.54442449092386 0.49103371 0.02187794 0.41049504 0.98379608 -0.53075993 -1.21778272 -157.00168815048022 -6.585414895419502 -28.48627040231473 -97.6896170953252 -5.467986820679773
2.947150146659822e-130 292.46278137006703 0.29692889 0.024261 0.83031401 0.7409259 -1.83568393 2.8160405 -94.19854578505714 -5.111877483783159 -38.300955832170935 -155.88536047132504 -0.047684918587552014
5.042275922559528e-130 292.1898057625594 0.22892737 0.0207031 0.82514556 0.59905782 -0.85007619 1.42139981 -69.18735005043139 -10.969683461269945 -19.8627230467011 -180.5760541106476 -11.866970701017003
4.288663465079353e-128 287.17725446581267 0.20881751 0.02403765 0.62242807 0.61963827 -1.42225839 -1.10899699 -22.15928558247201 -17.757032014305686 -58.3908764966456 -189.78473919137204 -4.097872477764059
1.4451252099865635e-123 276.7355551625778 0.16821224 0.02068924 0.62817858 0.61163053 -1.389753 0.0071656 -116.33672471959899 -5.858727793622176 -33.39751114187457 -121.96496541848539 -9.61932539223153
3.186390835950181e-123 276.5309520690094 0.12903628 0.02164159 0.75349536 0.74033267 -0.94683941 -1.2894143 -138.22147310943325 -3.309016420051333 -37.880430470267946 -93.14001786993225 -4.184617292893019
7.358910581467003e-123 275.3573690978449 0.18075627 0.0227928 0.82388871 0.70384643 -1.4149907 -2.7048334 -76.49405135064444 -14.348967563925687 -29.506479847596765 -155.84310113681315 -0.33835217002939655
1.7818717719484018e-122 274.56804378112435 0.39353895 0.02182495 0.67748575 0.95942633 -0.17732296 -0.80914889 -181.19049487411917 -13.989713283058142 -18.034339041539468 -60.731638485501136 -1.4111834136270065
3.330843515491797e-122 274.01104893336924 0.31826308 0.02468087 0.58482675 0.59677766 -1.64953412 -1.52718873 -164.15636979249095 -15.890228421398048 -28.725787254618258 -65.7057614070159 -0.089896905601191
3.2008564240183215e-120 268.9893683972638 0.28692131 0.02452979 0.57854667 0.64064422 -1.63617224 0.21665121 -57.773998064515595 -7.324794157226051 -24.24332088799493 -167.93871143437434 -16.7302243892583
9.327405993893654e-119 265.6350598257285 0.43531054 0.02475775 0.5786088 0.70228779 -0.73099308 1.06012971 -68.20129933865176 -6.259435580160445 -28.138851250078684 -151.50540322170136 -14.884379006671523
1.996599585210453e-118 265.4219629580986 0.33136704 0.02423403 0.65349448 0.79410715 -0.271766 -0.03226473 -72.52672911543726 -6.831953459469426 -15.077943249882418 -153.4874483992429 -17.710985601696425
5.69141322789524e-118 263.98555496557066 0.48040838 0.02470912 0.5210657 0.5264765 -1.53722619 0.20035392 -140.56543881824882 -2.886684338162065 -26.789191656432436 -83.59766137937982 -11.582986765875486
1.4029114967597764e-117 263.2524220827478 0.37516373 0.02179696 0.65042062 0.58771785 -1.1228815 1.87073141 -24.698738656895838 -4.203200501999307 -19.853357809018153 -198.142960655674 -17.08729734198337
8.289190280110321e-117 261.1938830106637 0.15845292 0.02204557 0.85754062 0.9054775 -0.64380075 -0.70751891 -25.90025418135262 -8.978012021556266 -17.606725290058428 -210.64987660905132 -0.1175539807291305
4.7391287258098e-116 259.487053492933 0.25766609 0.02329829 0.61787641 0.73138269 -1.39455198 2.0150801 -23.852737115497266 -34.40089838327107 -26.640577741171263 -176.29812467361165 -0.0015450971124430569
8.518514319352014e-116 259.35177330707427 0.29533048 0.02374503 0.57188291 0.89597608 -1.56448648 1.86340747 -41.432238227335084 -11.868969488051818 -15.315791762250619 -187.00896548371213 -3.8610885315833428
1.1104253133217217e-111 249.23864396056098 0.44074267 0.02475246 0.52377991 0.7473423 -1.15122071 1.30135041 -45.24982983347891 -8.912424457948543 -22.835920639434228 -175.32213541384016 -7.031462962372406
2.6014914122023755e-110 246.11790498268832 0.14784771 0.02075492 0.88686683 0.56444405 -1.48256525 0.69949465 -32.964019089606076 -5.5367461284580095 -17.061012937040147 -176.03432531761837 -17.642540487838385
3.2658209259983106e-109 243.613306127646 0.11248546 0.02365523 0.42786845 0.90699525 -0.52056152 0.74519971 -184.03322689795374 -3.627263086612807 -14.677001347176697 -39.99865644589611 -3.7817572050489794
5.397184674612769e-107 238.42283161101233 0.27322101 0.0242995 0.59994047 0.85612546 -1.54092419 -0.34760275 -42.718213520479416 -39.0494233441586 -37.05925378447397 -118.46798201510971 -6.3184334634243156
2.5326551877409787e-106 237.09685269236374 0.36312854 0.02109289 0.44887087 0.9555711 -0.26001593 -2.72867554 -69.41672948377041 -10.197881869496864 -25.50753371625479 -121.02251833582662 -12.278168205663638
2.0569225276930697e-105 234.858163984942 0.20538762 0.02325282 0.8891449 0.63794351 -1.60688539 -1.8811011 -99.09922721223067 -59.79261684609314 -35.490305894209285 -40.683680732331084 -2.031022007499558
7.47454786459136e-104 231.17897535242636 0.23333305 0.02142541 0.44459497 0.61009019 -0.56078042 -2.17595952 -178.58499555660794 -10.025141587537695 -12.374459513235438 -30.282249180717297 -3.5913181468436206
1.7732746135180382e-103 230.8028509895132 0.41881673 0.02262049 0.50810796 0.8691285 -1.42632278 0.6348339 -31.262760637973077 -24.89811143286456 -60.34084586064362 -113.84187571927862 -0.8353817016664756
4.536175348780051e-103 229.59168862924068 0.29468434 0.02402353 0.43188449 0.65779686 -0.31722029 -1.88500755 -20.45352667809116 -9.384875584438603 -25.61042657213665 -174.50197185783608 -0.8520502970106819
6.967472787333484e-103 229.57837053128486 0.29244191 0.02319973 0.71000385 0.64803572 -1.88492055 -2.34314167 -82.85570815311505 -35.94852314013249 -45.715969129578106 -55.58625907018473 -9.485229136230307
4.924039091343653e-102 226.99957341269345 0.34193326 0.02495083 0.63840004 0.65660867 -1.87745589 -0.19435833 -111.68309092214288 -11.87633457406264 -11.21956923893325 -91.51069887544188 -3.2886769207041966
1.7145662180687596e-101 225.97580710764993 0.3602024 0.02129581 0.59331565 0.56554554 -1.79232577 -2.30861431 -57.82146332489551 -8.559171801649306 -13.857330226444706 -126.46448205524054 -20.297126004463394
5.1322051294382854e-101 224.84141186343948 0.14613256 0.02003184 0.45631676 0.5575494 -1.13308813 1.00047374 -47.589509594689595 -7.548932664567583 -19.086610350639482 -150.51151739304765 -1.239237104705619
4.3099946169768623e-100 222.5180595137701 0.16791127 0.02277502 0.71499265 0.50311647 -0.55229 -1.65078917 -62.98167828528065 -3.110381040851014 -68.55855298217361 -80.85058721668823 -9.340212338446012
4.814631549633829e-98 217.70688149279917 0.20100874 0.02049868 0.43569175 0.70980086 -0.87261289 -0.31976937 -30.047915404458543 -26.559784570109162 -20.8966140311778 -143.66672541384776 -1.3470200941768342
1.8337149279315594e-97 216.64977833804357 0.49658873 0.02096435 0.49317195 0.76677948 -0.20340678 -2.57650295 -23.235663938653488 -4.682749073484725 -68.09865163805222 -116.22100573815642 -5.468811104452316
3.8779465904240153e-97 216.01951182756585 0.37372066 0.02006169 0.42885657 0.54639772 -0.23094782 -1.73767902 -143.78128816857534 -17.995182275371242 -15.391358621677773 -36.84867207684466 -2.633277195574589
3.304377972204688e-96 213.51901858411105 0.28292977 0.02036575 0.6342003 0.81741191 -1.69702509 -0.47188168 -124.03844603971217 -18.003123718154583 -35.67905568915146 -29.237069487825863 -9.06181689272179
8.216338226015573e-96 212.97820151525173 0.37007739 0.02259006 0.54678405 0.86890229 -0.98839375 -0.69735947 -83.88494978584487 -11.991153845129269 -19.652743070510596 -91.52387315315013 -6.466298729476193
1.070366462954112e-95 212.89949641367127 0.18464036 0.02396602 0.85665519 0.63222135 -0.64246818 -2.23579841 -22.384721934870445 -110.26382391759354 -18.201677024976643 -61.360092643653395 -0.7678859941576941
1.2729433152391086e-95 212.62840752094195 0.2845372 0.02470678 0.59574306 0.84862909 -1.2353255 -2.84235673 -29.35901687115954 -28.78461929761961 -28.41149987094659 -117.39585488994071 -8.948505484004851
7.163050938176123e-95 210.42926053059801 0.2948113 0.02105819 0.59514152 0.79778763 -0.25501704 -2.29645994 -43.7179774349832 -14.815089065703555 -24.331707518311646 -112.70606894897111 -17.057564552972444
2.06620669019229e-94 209.62436318235498 0.40751806 0.0217993 0.59253206 0.54702636 -1.91244053 2.09881525 -93.14908977580411 -66.58497360925779 -13.875339651866213 -34.633955610177956 -2.185901883491909
5.867624883682547e-94 208.47674671837797 0.241675 0.02079602 0.43315286 0.6957301 -0.21351402 -0.20503742 -29.324853565519035 -3.8647760371952677 -14.753836602793143 -161.56580259993973 -0.11509437690782595
1.882699118001133e-92 204.74641717936714 0.28488554 0.02431522 0.49207336 0.57068263 -0.40581644 0.3805731 -143.74960819603626 -6.975677895248561 -25.61237470459744 -28.59906863174943 -3.5400172907462912
2.724167753227289e-91 202.1098848254135 0.18901106 0.02376477 0.75689386 0.7870866 -0.60394014 -2.20783849 -97.82239968840881 -3.5981375535280833 -15.922591809914785 -74.9552213289638 -12.44806679855166
4.903840136706926e-90 199.19302271994206 0.48122799 0.0210248 0.77130868 0.93986467 -0.39827058 -2.46399101 -29.072579551890207 -45.36810273987616 -20.50622240334902 -99.96964117889353 -7.193338951404579
1.884564985890066e-89 198.06437618211618 0.1399284 0.02108192 0.79221483 0.56570157 -1.22391206 0.22697327 -101.73214748641705 -15.109771209564878 -42.01543255112813 -37.99534802641651 -2.3403234464155007
3.0945550083447767e-89 197.88627952014357 0.30534497 0.02399767 0.45846442 0.50063391 -0.51219588 -2.55312091 -111.35322014537908 -2.0535654559259253 -17.598986329098434 -64.97920828788897 -2.0793959638238078
3.461447321717432e-89 197.81378459481132 0.39307452 0.02169899 0.62612783 0.96860488 -1.89798482 -2.00100841 -42.91957059201605 -14.485465592715428 -44.28888130965705 -86.95048662059538 -9.241875405159666
4.154318902178019e-89 197.5214335139408 0.23118252 0.02219356 0.57806769 0.65630062 -1.4543816 1.23729694 -37.99689604852508 -21.86280953711806 -12.555271737480435 -125.15531035351334 -0.2434969181744097
9.879726428959145e-88 193.80907066695303 0.22674253 0.02108804 0.78373458 0.6360142 -0.49959971 -0.45685862 -71.91909894950345 -4.808474131477982 -29.99882726618241 -90.723856467001 -0.07117669977595319
3.633524094542319e-87 192.77758035010098 0.35731821 0.02312531 0.83037724 0.79282258 -0.38161266 -2.97531246 -48.757638970050415 -10.501349902942561 -23.506780323675905 -108.99095841194446 -2.0523430583397007
1.082517912174421e-86 191.65210130451592 0.18378824 0.02418366 0.78403624 0.79282406 -1.15476311 -2.04026273 -69.99143217616792 -32.722858420446855 -40.9815098589977 -46.194957529175305 -2.886822365313205
2.9476035777495397e-86 190.68035437852498 0.33284151 0.02214122 0.53708189 0.90164214 -1.41791837 0.51220209 -94.58399634640422 -10.737048397372073 -18.40792261955575 -56.86114980378806 -11.061984137395829
5.787674538342076e-86 190.1301417291162 0.1885384 0.02104324 0.6753594 0.55099798 -0.53052107 -1.77978927 -27.000447298625538 -9.102902461899493 -27.517504194627108 -127.02477984140961 -0.03472058196321632
2.8177373633419366e-85 188.22007006191834 0.47236463 0.02007222 0.62401989 0.97286611 -1.99299843 -2.76964197 -32.097444480149896 -29.260090276236348 -19.52929143347433 -106.98891637968951 -2.2543991595660993
3.366812475613698e-84 185.66633338954793 0.25880391 0.02087052 0.82570597 0.73947027 -1.74767327 -2.20231169 -24.176142205160414 -21.70572623608787 -11.208520194282977 -122.16499373959047 -8.964687686796596
4.250064145711356e-83 183.12147368124073 0.10709673 0.02491336 0.67318818 0.83101056 -0.98170957 1.26633305 -131.31179967510624 -14.3103565603725 -8.469071929200561 -28.452937054369173 -3.122168170499458
9.65081381768516e-83 182.73386546037693 0.31094473 0.02218205 0.89174842 0.82075913 -1.40449735 1.9730737 -40.3950564254516 -29.280788281676198 -11.27176029316174 -82.39232097975054 -19.781547701200658
1.380976688870645e-82 182.378912094528 0.46455679 0.02259194 0.49065871 0.50665167 -0.33353826 -1.73175991 -26.95573519695994 -10.25608419193783 -44.298461617340884 -101.16152983987067 -0.06205461426762715
2.5345593938817178e-82 181.611812254855 0.36539459 0.02205181 0.58053944 0.92898112 -0.28249046 -0.38879459 -118.50092908691487 -6.4972240087606545 -16.963624267601617 -39.64418607898091 -0.7729486522699824
5.166609257844181e-81 178.23939445667287 0.28017338 0.02193113 0.54416895 0.98356435 -1.02511038 -2.48785561 -134.1930851626388 -4.87478801401137 -10.646969797064818 -31.894577763507318 -0.0023915176327033725
4.521478181853149e-80 176.1423475655853 0.45397281 0.02077106 0.67133181 0.72609247 -1.0358604 1.34087326 -27.88228090223518 -16.245321854594618 -33.384776306022886 -100.70835314892935 -0.01866224489083704
1.830805251125612e-78 172.33748609419305 0.17795144 0.02195119 0.77303536 0.85424433 -1.07019118 -1.85752973 -44.3618426200959 -5.62254625470768 -19.74184630178846 -102.73026414662687 -3.685848242366413
4.635666921547539e-78 171.85859077630823 0.48142455 0.02445538 0.79136607 0.56081544 -1.0657471 0.93424208 -77.93206635237165 -12.873795473313141 -19.56988962413136 -61.95054599427717 -0.011188650099740656
7.880443666411022e-78 171.28166379408603 0.26241052 0.02486431 0.74982293 0.92956817 -1.42114184 -2.65117088 -46.649519953329936 -3.5374599170974244 -49.478449286485784 -58.17830885946091 -14.014852759934158
7.111064940080635e-77 168.6989879633404 0.48459924 0.02029088 0.87875771 0.87588229 -0.94885588 -2.6325348 -78.5208848068983 -19.495569098796828 -9.955555676878204 -44.19311367385293 -19.11654053765977
4.8235285174976375e-76 166.8475926051417 0.42044029 0.02371962 0.55762904 0.6940575 -1.35156604 -0.21358888 -40.19718639686746 -10.171306038348497 -69.13790289028306 -42.12772201925112 -7.064870618590235
1.0432767320211014e-75 166.4239412769693 0.29368007 0.02120879 0.76588068 0.86384334 -1.98565043 1.55693889 -20.137056395386367 -5.676430427791689 -15.997844452008357 -118.21036650832323 -6.825894821632061
4.0210307935174475e-75 164.72994393621738 0.1548516 0.0218929 0.83889594 0.64911367 -0.76547813 0.62778754 -99.85558426096809 -14.647500735395566 -7.738354762684686 -42.627543903730086 -1.5549576141908577
6.914718702945038e-75 164.6754215425418 0.41055279 0.0212493 0.79197227 0.9659866 -1.63653529 2.22523564 -19.07215943677587 -3.1402531346689297 -23.780360841367074 -118.69899611172005 -0.03817441168545272
1.0602386160473072e-74 163.97475023966075 0.2046012 0.02247881 0.75760676 0.73794654 -1.57261905 1.62328983 -22.4184179828991 -10.063090374451463 -28.8199229267003 -101.97045253288366 -1.4035377256072818
2.125283021427774e-74 163.26706963199672 0.21789656 0.023932 0.86987353 0.92805035 -1.52952477 -0.17090635 -115.84135851500187 -6.675767050496031 -9.691891917680824 -31.268319324488964 -0.49741343199302784
2.5534918411174077e-73 160.42711864169763 0.48202252 0.0209146 0.59035243 0.57470423 -1.69357562 0.64828917 -116.71775066946832 -10.860513217034216 -10.755721854637779 -16.29471442869026 -8.638369462166139
1.117938816872727e-72 159.12414550971744 0.28640218 0.02070947 0.79570708 0.6688729 -1.88706368 -0.45592346 -23.878741618419273 -5.309135445037038 -11.767035157984319 -116.58489617078455 -2.887310249472452
3.273234926381041e-72 158.10864789016682 0.3799934 0.02390924 0.66196241 0.72505844 -1.8892996 1.2148862 -106.72715114683865 -9.646218776333775 -7.606239173715716 -31.086208531412172 -4.0583278814171075
4.881703196201868e-72 158.0580170036851 0.43152909 0.02425914 0.61690507 0.93627536 -0.33329335 -2.61197619 -36.88506975142478 -9.404137061551793 -9.633383960069843 -93.75219820862283 -8.433858908497566
8.263648992877191e-72 157.21000243813262 0.25525184 0.02154708 0.67351477 0.90952052 -1.37594241 -1.80182665 -99.82415064327351 -26.974154320790642 -9.101936264674892 -10.310543876221313 -11.847231898724752
5.178669838278432e-71 155.1255528750858 0.24216776 0.02419872 0.76400611 0.50394945 -1.54625266 -0.46093642 -70.82434326974202 -13.926848440084804 -16.530249913522447 -55.40009019024388 -0.528470624539466
3.516624097387981e-70 153.22172608273317 0.44731042 0.02469285 0.65011079 0.53286836 -1.78638438 0.37234504 -97.63846421848352 -4.056130761895268 -9.7772526404191 -32.43724529413177 -11.216459960156135
2.80939133072918e-69 151.10897038318424 0.19998882 0.02484963 0.81341357 0.88741329 -0.67581199 0.12514452 -22.473547092167486 -4.906950210691345 -9.685941647711337 -99.27404180938247 -16.881245322780522
2.4575032967071037e-68 148.9225692449919 0.20639229 0.02211539 0.71262253 0.9728657 -0.61199803 -0.99493474 -25.213573614485256 -4.934008832754429 -21.91982627127692 -80.12190700983379 -18.919654654833867
4.521278349493599e-68 148.8578169629687 0.25208371 0.02368687 0.53092484 0.89131003 -0.55055447 -1.68862821 -27.471817211702138 -35.14768587360292 -12.908985617238526 -73.37258062825325 -0.021499914195087125
1.0818042387670174e-67 147.55443644610875 0.45488594 0.0215264 0.88951622 0.68771266 -0.9324213 -1.91531472 -35.45701792246099 -35.771109053474675 -29.3818402979834 -41.68250828583333 -6.565341403216314
3.512094905531271e-67 146.40083353644076 0.30781492 0.02425377 0.783764 0.71910517 -1.78776198 -0.99585272 -36.48544986825939 -5.329455655413209 -67.08095116669942 -38.08287161794364 -0.5757081377930938
1.0120534208989148e-66 145.36102432109914 0.41409834 0.02185174 0.60644127 0.61590418 -1.12086392 1.314722 -76.75643972274995 -10.883537859491822 -7.696366130533766 -39.27397091628808 -11.790518907377148
1.2679569397874827e-65 142.58051353485726 0.4999391 0.02132324 0.59221456 0.78100353 -0.76617884 0.11147513 -29.62465578391547 -4.239741636270168 -10.654132898634654 -100.77559736494582 -0.06689663733300598
3.995699182726704e-65 141.71334679028186 0.23315503 0.02371721 0.88832959 0.95819773 -1.56229275 0.30470094 -75.86120812101382 -3.6094037563545776 -10.622748781723649 -51.34000703947559 -1.1471458362896283
5.783219915688952e-65 141.64008665616973 0.4300525 0.0241087 0.66884467 0.80412909 -1.74711264 -1.02226189 -101.15302390832127 -11.879243945920567 -11.745034011662046 -10.129494709672425 -6.806550214705567
6.8060508193189585e-65 141.38289349509978 0.36773324 0.0206919 0.52656931 0.89638193 -1.07322032 0.8919372 -23.177091212708493 -11.934196241074877 -9.0469134047553 -87.17311177499079 -10.308774022640279
1.3045991523237635e-64 140.4937950321432 0.34879613 0.02414487 0.63201829 0.93720326 -1.42751342 1.41835592 -23.145691069563338 -6.423999879325985 -19.501176840080646 -88.14416598498441 -4.167859721145386
3.3463796653405676e-64 139.51713745629226 0.28856657 0.02476784 0.48372639 0.58477116 -0.85573617 0.23276717 -23.001932285969954 -14.70788078617932 -10.1549711617849 -81.9600791988387 -10.668931599370325
5.345588353001061e-64 139.31750632735427 0.33205063 0.02408569 0.59859996 0.9049357 -0.38393575 -0.84422325 -22.223394187948873 -2.1017231279650304 -33.67502190010587 -63.675322072507164 -17.841676167765304
5.9420650999333464e-64 139.2761475171048 0.24649392 0.02012803 0.49596475 0.76731753 -0.68062821 -1.24281143 -89.82500801819499 -17.622299967923677 -8.898138872579008 -12.889148797706214 -10.082910670950342
7.08093602432753e-64 138.9698436961715 0.47218543 0.02279811 0.882101 0.96653979 -1.28847449 -1.27363748 -25.019137278367936 -15.47193428661615 -40.12487680065351 -50.201868134755635 -8.458331016711556
9.384254935428336e-64 138.68924745331248 0.28570846 0.02211024 0.74671281 0.92552269 -1.73182929 0.26841961 -26.17172874398738 -12.028375773655378 -62.461152444074834 -36.87793705631863 -1.4306496781352935
3.609671976241388e-63 136.92804293117337 0.283796 0.02491567 0.83708425 0.64828651 -0.61183196 -1.88648058 -80.95679501682403 -14.720166392021092 -7.897271153648031 -35.09577098280441 -0.01924390801491342
6.72016916112091e-63 136.7428583909845 0.25458782 0.02364061 0.59527611 0.74162856 -1.01443762 -1.95402964 -32.17822647904054 -15.015118999834296 -27.44978608973825 -42.47181022217692 -19.81310114038338
7.970730491572458e-62 133.70148820233416 0.23338724 0.02333561 0.42432037 0.8040811 -0.67731638 0.13025026 -31.30441816201195 -8.9053900637215 -25.484996323520683 -64.84206339657038 -6.205990445160012
2.311337703752607e-61 132.97457489361437 0.48630527 0.02263953 0.63662469 0.70673449 -0.45333134 -2.7722965 -28.75242454361866 -3.4964441482234636 -51.47342376560982 -45.889356158336966 -4.08983958654524
3.946904489639271e-61 132.53089988548484 0.19506314 0.0200884 0.70151637 0.722933 -0.87960657 -1.69547252 -91.04149202545827 -9.677782360220696 -10.49362882019822 -20.854721136264914 -0.9069505514722731
5.872924958155401e-61 132.1475372777554 0.33458866 0.02120271 0.57279439 0.84333422 -1.05519655 -2.98595056 -36.20374986617297 -13.070430287004795 -19.226906970813786 -55.21343617508334 -8.816376586409957
3.442026888116481e-60 129.95544360401834 0.40930534 0.02043618 0.67893059 0.84519697 -1.89044809 0.11229207 -20.821958567795086 -13.283274429742663 -20.403203276642536 -76.06074588085251 -1.5783551227226
1.0178214107255828e-59 129.11380573323373 0.23027731 0.02048258 0.79053853 0.9341026 -0.69167191 -0.99191521 -29.86497155281022 -13.298091323407176 -9.032692865539364 -71.83222789599844 -5.927459966263129
2.1015701170291886e-59 128.428567058637 0.46361699 0.0200086 0.67882335 0.84490302 -0.5770946 -1.460028 -23.849375446587484 -19.45804310447094 -16.05773990661336 -64.16342131059064 -5.585225964971323
3.0759788427905946e-59 128.22700690443855 0.46196184 0.02261088 0.81949963 0.98705581 -1.58836437 1.39945675 -77.5027264547609 -5.851329572804513 -14.9012134198324 -20.6134132796038 -9.559884331635356
8.941799702463415e-59 126.76002440519436 0.48757692 0.02389926 0.6826602 0.98124793 -0.65416729 -2.22680795 -23.602977613565432 -13.406906111680719 -40.64521481943595 -49.74690548273637 -0.8250028770200609
1.4731020630311432e-58 126.71348548810873 0.46501756 0.02382217 0.85626751 0.8531246 -1.12566528 -2.31396056 -68.38721412851963 -10.618549928307713 -14.915839847306021 -24.493346268231463 -8.345074232829534
1.706879586519425e-58 126.46089734335925 0.39447034 0.02057615 0.51790743 0.66557255 -0.88532906 -1.08300168 -27.959159456349685 -10.232679301232437 -50.6451634184451 -30.202071508056058 -7.674411804025433
2.0137669274561455e-58 126.35006586705843 0.17226276 0.02271315 0.50292254 0.56331088 -0.85671668 1.03786113 -30.1414635410234 -3.818969988996051 -21.351559177144637 -66.22283661992834 -4.926068016266815
4.249803544462344e-58 125.238424386179 0.415527 0.0216232 0.56851816 0.82145973 -0.75043117 0.49510067 -18.870118080218386 -6.07037738558518 -30.37846672913076 -69.89579803135315 -1.1353056407709565
1.0948763423743949e-57 124.33899989766567 0.24288744 0.02186655 0.62694649 0.58138036 -0.50685533 -1.89710479 -58.3511933467324 -4.229506910296231 -10.273369701349187 -52.0123028030588 -0.3720516247423823
2.2586365682193517e-57 123.68089079054876 0.14894954 0.02436495 0.64831866 0.59116052 -0.59307486 0.28169167 -38.70201650261484 -27.283332542711673 -16.10574261980991 -42.19227165542336 -0.055636577105905985
3.001383597217305e-57 123.64442994339305 0.38457639 0.02475525 0.83143625 0.79378099 -1.83598693 1.65939692 -29.29030073553874 -6.268729542250494 -7.654241240916939 -67.47427904317637 -12.993340228666208
3.4499658564784375e-57 123.39730489723179 0.15872103 0.02337005 0.75478234 0.66990125 -0.90337565 -0.1109942 -32.138409853890444 -9.767541453903567 -23.67493442123245 -40.3849741345516 -17.67857007981499
4.6787764319637196e-57 123.0329604539347 0.36159363 0.02426896 0.86620194 0.82708529 -0.69412129 -2.69790527 -32.07495155054497 -4.075744902073424 -13.099470568219678 -69.84035314706404 -4.306784729329687
6.635762473360354e-57 122.67703119914272 0.20732012 0.02220151 0.63030039 0.73447911 -0.73279801 -1.68427103 -32.708619995609645 -14.391431915459833 -39.780317905834686 -24.201192598469397 -11.95139803856115
8.133179966953697e-57 122.57709320908717 0.12648119 0.02057701 0.60042661 0.81518624 -0.73706976 0.82034723 -24.99647530341086 -19.709111739665385 -22.696581677248115 -55.19701439823322 -0.0778480805851245
1.1334677264212892e-56 122.05754261870133 0.23040191 0.02074441 0.56373036 0.91940985 -0.89699284 -1.21167158 -19.008210539378766 -9.36128213551946 -11.800097355175591 -77.48730813004325 -4.920195048970096
2.949861735613927e-56 120.89690853568588 0.44712008 0.02268073 0.80087784 0.99333393 -1.89995949 -1.93901137 -25.10724194904676 -10.352936859490198 -31.63346170516565 -51.11904850132088 -3.844853603677837
5.351450489187266e-56 120.5559414532669 0.47865298 0.02090788 0.6518408 0.7835627 -1.60771925 -0.3402284 -24.66449092094884 -21.48652984642724 -24.428287261118022 -49.28602869747706 -1.0315718097147148
9.918628372417936e-56 119.76606968071647 0.40021149 0.02473666 0.81723723 0.50599064 -0.67439103 -2.3226255 -23.085945998191313 -9.562607569752215 -10.130243354110977 -74.8546300119941 -2.9225145192182773
1.5183903164378834e-55 119.54455932815867 0.19246411 0.0219244 0.43610797 0.67243499 -0.60378317 0.54786891 -43.43191809410097 -5.903280301451265 -33.86742353113966 -19.124339143474025 -17.43910861055053
2.6468317895322892e-55 118.76918331841775 0.25437581 0.02345414 0.53980112 0.86035353 -0.57283435 -1.17178044 -36.188272245629335 -3.155408074947171 -39.37600164542747 -40.80328366789377 -0.021593694260922967
4.791018861868951e-55 118.25627757341168 0.43756866 0.02450997 0.78921618 0.72980789 -1.86392049 0.41196681 -35.77229751613282 -24.95720513862143 -24.63788403583221 -28.541782423186053 -4.860014204645244
7.831719603710738e-55 117.76184773898534 0.49499733 0.02378339 0.77067339 0.69891047 -1.20483749 -0.6007068 -24.27565058417638 -9.398223184718212 -21.832019529072173 -48.10021952089319 -14.65016475455172
1.0179433027590343e-54 117.65438547071464 0.20407692 0.02076681 0.55938443 0.82990496 -0.99835237 -0.16027701 -35.63074046362312 -5.439603681018305 -31.66965070549536 -37.674178548629264 -7.34767434021929
1.0772540627375079e-54 117.62600075276404 0.44707196 0.02341272 0.8678256 0.63212236 -1.63099183 0.67284462 -31.231516714852177 -2.9480203251111186 -33.77337452484052 -45.99051002940453 -3.710963876506292
3.987824832416554e-54 115.77391673844434 0.48125756 0.0203856 0.72859805 0.80602459 -1.79267836 0.38250917 -21.537336727004032 -6.103850314079692 -48.43811676886195 -36.96332995503425 -4.583366987784107
7.069449221491859e-54 115.7049219701493 0.44006067 0.02188285 0.85868266 0.50952756 -0.9782232 -1.45384423 -23.275041155816822 -10.893392564550188 -17.797708838985862 -57.49570816260253 -6.31206601648893
1.1630449964943958e-53 114.91081386198603 0.47067693 0.02218225 0.73421641 0.91550474 -1.82745255 -0.11494368 -32.06517174174671 -3.440401756988603 -50.24164942753924 -29.913250403701056 -0.0444486401736872
1.5952172233555485e-53 114.89944115035257 0.34595792 0.02346819 0.84245175 0.85261113 -1.86173472 1.64158245 -22.588357848393265 -14.947815739675203 -16.928224453386203 -60.38421105344981 -0.06220476708155923
1.849613752353091e-53 114.61509279465852 0.11709317 0.02172147 0.46827894 0.7455711 -0.6658411 0.12376915 -48.136511141965066 -11.831576959508963 -18.416606575268972 -31.559047989873036 -4.955698483736525
2.5166185130879193e-53 114.27268483745293 0.46653256 0.02350087 0.83776642 0.67985161 -1.09220717 -2.80381202 -20.811317535154394 -9.298235990355419 -49.340777759345386 -34.95417008606242 -0.2105914237409082
7.555896216593099e-53 112.84102930432442 0.36335062 0.02074355 0.58453609 0.87701699 -1.26069323 -0.73125994 -28.48292592540347 -7.549484439496786 -44.0623026993611 -28.996071379439254 -5.18190039375232
1.9005220229489694e-52 112.0767809831181 0.33315253 0.02218198 0.59339465 0.53944077 -0.52354763 0.15507773 -19.471457889937415 -7.711731886577231 -15.374521117663797 -66.43330077349114 -3.850017636654838
2.983559174549006e-52 111.79617485501466 0.4839906 0.02126878 0.80882919 0.7807192 -1.33917841 -1.21787442 -73.55494190632801 -2.0489500156148908 -9.092994137839737 -27.31789996339381 -0.06199495994164856
3.498452771536151e-52 111.72029112965498 0.45431578 0.02410126 0.81207343 0.92909249 -1.24299447 -0.13580847 -27.080966135540308 -8.423309302612804 -37.96256135424212 -36.99585547541896 -1.3334825872004548
5.312951864656241e-52 111.04959351167722 0.20555787 0.02033956 0.66987063 0.53938702 -1.32789358 1.01042852 -26.791561119070312 -8.595496736288066 -36.275547590296284 -29.822233111060278 -10.235452572940037
7.908540435597673e-52 110.80884244339046 0.20706933 0.02289247 0.72128543 0.7506303 -1.31472509 0.43608745 -68.06028261931358 -3.0247682854323337 -15.415619899248494 -17.876214422127006 -6.672708285555793
1.1326180996670608e-51 110.34924023111212 0.26449861 0.02375518 0.77991768 0.97801688 -1.42700684 -0.88549659 -72.08133977991253 -4.192695215075584 -12.51762392248214 -20.218481754118574 -1.7987017718016345
1.4141120212342513e-51 110.29343030344917 0.25617119 0.02009997 0.67966167 0.82151104 -0.71382952 0.6610127 -63.701728506846045 -12.65484749822707 -8.279107120640601 -18.599086526521603 -7.1144705788767935
1.8235026989733908e-51 109.8654852238478 0.26198417 0.02028279 0.62778437 0.84781778 -0.52959523 0.09912472 -32.21536104402613 -4.035126373344476 -10.786146959722087 -54.545714635945814 -8.711081290410664
2.7374206369325977e-51 109.45700414073313 0.47925902 0.02375754 0.69670438 0.73204644 -0.74057514 -2.50907932 -56.524297367275565 -2.778381143951826 -8.198061128749435 -35.23364600095222 -7.131099582918755
3.299112808274056e-51 109.43105061622332 0.25083914 0.02242434 0.59157134 0.57666464 -1.23599352 0.46416948 -55.304690594832465 -7.1373470094375815 -15.135622418486438 -24.74550496712871 -7.133839150847928
5.060615353040887e-51 108.7089024214922 0.49158923 0.02169971 0.72583631 0.94884076 -0.86318089 -2.43719169 -36.96208952457519 -2.8397627740466374 -22.72342727071755 -46.51945403118849 -0.3863170156954329
6.748817472655219e-51 108.70775552136105 0.49312572 0.02158168 0.65557193 0.54831344 -1.08691704 0.24324049 -48.60878462091057 -10.33250001987524 -20.770875580420388 -28.754330684204685 -0.2424115160813056
7.597193157700203e-51 108.46667341037787 0.3318428 0.02063842 0.73586971 0.65451891 -1.71957308 1.6785546 -44.72440903257247 -3.2046494193165147 -12.631302153226494 -47.69342087262504 -0.4539740436205292
9.59388197176471e-51 108.22163930506802 0.46611626 0.02370674 0.72728741 0.85840604 -1.43595973 -2.87791037 -43.62785462642538 -6.940700200202841 -8.383567509083132 -45.00423313982133 -4.510317934845173
1.0984276865427816e-50 108.16200995870406 0.26643999 0.02232624 0.57897731 0.59932929 -0.74075304 -2.747364 -20.921418857186218 -14.54082061133354 -14.818330876107218 -51.21825858838662 -6.722810372054434
1.196061733175081e-50 108.03459667581127 0.42350111 0.02167454 0.7820766 0.97939866 -1.9118016 0.4253468 -23.910308425422997 -13.56259397995881 -24.72602628407747 -45.741473381386136 -0.22160788785865315
1.5283586376367325e-50 107.67915339667637 0.36498612 0.02414903 0.69637858 0.9132807 -1.59442145 0.52994804 -27.310905939183577 -17.801538339301935 -18.155933531945887 -44.484226369481945 -0.2819924958979197
2.153469333872376e-50 107.32814855893132 0.46187847 0.02410949 0.76712838 0.62446786 -1.0505733 -0.26515867 -28.06229597805123 -12.00872895774288 -7.784228552442808 -49.11322456502743 -10.710675343412024
2.887834830480722e-50 107.05971508793934 0.47411236 0.02102922 0.81035166 0.70726293 -1.22452894 -1.41999784 -36.98236741394017 -3.4411988358239065 -28.35545521786023 -28.23254817592737 -10.316578915379651
4.566416003223911e-50 106.46189262283991 0.24938005 0.02145698 0.54375292 0.54593137 -1.05607723 0.04217673 -28.15651043449354 -6.5435326808124525 -37.20539651337072 -32.83469703133416 -2.3195784279284637
7.381248844722553e-50 106.0362854131871 0.21162408 0.02465862 0.62432421 0.70610596 -0.66115677 0.61732038 -24.4625210811247 -2.18183826114316 -30.731791836365662 -48.3367075856296 -0.749033858576791
1.0391917835482879e-49 105.73541861716417 0.35786724 0.02061238 0.68041084 0.54857481 -1.56667364 -1.74639283 -31.66126357184353 -3.454828904857436 -8.335974163077662 -46.13265702106162 -16.45156175234685
1.1868290893982062e-49 105.72816884662831 0.34978234 0.02386696 0.77600207 0.86951871 -1.60097562 -2.10910115 -33.34568509492398 -5.944525157694075 -8.394903588536659 -53.36839934057238 -4.681905435437082
1.2011863284179499e-49 105.69178660327019 0.18622681 0.02322678 0.80330382 0.7211821 -0.82866123 -0.03597043 -39.28121324521646 -15.799910405370358 -9.219692020876188 -33.366708259706165 -8.06064491545913
1.2513734257151046e-49 105.62711856638087 0.4193074 0.02405789 0.62188806 0.68338871 -1.24255748 0.47186963 -21.044446094674516 -3.936921413846897 -13.380076250537837 -63.88914870509499 -3.441194139115948
1.3189953250404532e-49 105.56650181071288 0.38780538 0.02069312 0.86163269 0.99134841 -1.7030452 1.08667316 -22.903907459604717 -4.871320784436374 -8.856350012787432 -59.18221400000495 -9.813326309547401
3.3359970038331825e-49 104.19057859461721 0.39182885 0.02086094 0.70735036 0.86633051 -1.66539422 -1.49811303 -26.803700066409096 -15.680787204434026 -31.102928482412807 -27.818860728057814 -4.160225329399143
5.430226006599474e-49 104.13293182342078 0.31472154 0.02008194 0.55591774 0.70561883 -0.89435991 -1.89910427 -27.684294220721817 -14.447006391852266 -8.245890482047116 -50.63896269479754 -3.174424805198468
8.686525239286747e-49 103.37174612259874 0.44979569 0.02450674 0.66394424 0.62936357 -1.13919991 0.27960744 -20.119832925485372 -7.542209428127448 -22.89327223406422 -44.70216859965304 -8.875448636090699
1.2269556915920083e-48 103.28282749526008 0.42731298 0.02331995 0.7884703 0.65491977 -1.83889439 -1.15625549 -31.417014733697673 -3.881284974394169 -10.35354897288122 -43.10766040963218 -14.6122370319935
2.228691600347452e-48 102.36130208194444 0.32720134 0.02451684 0.8812345 0.9443829 -1.37888757 -2.80424431 -25.68579867058327 -8.500573587381725 -19.055406338109442 -46.04794691413344 -3.993101985052198
3.441747520491995e-48 102.19547449051373 0.34630128 0.02331662 0.86469951 0.50318967 -0.75319937 -1.859235 -36.04344099462256 -18.596293611156458 -21.141636902279622 -11.848759379469664 -14.731171194416133
3.8690053693469104e-48 102.1026515930075 0.32489749 0.02295243 0.62776547 0.51574312 -1.41570273 0.90498308 -28.82054898044609 -5.495925936760422 -37.06961929810994 -26.836739869918276 -3.972640405278992
