9.115583214547514e-23 46.124498935452536 0.15897137 0.02400341 0.41125884 1.38286367 -1.74678359 -2.526525604828799 -1.0340139609245242
1.3018624307497007e-21 43.51683214343658 0.21828164 0.02420571 0.78426428 1.43964611 -1.6512725 -36.828821208241436 -9.295677727211098
2.9866200299202376e-19 37.99438446768998 0.3661584 0.02411348 0.87525029 1.23597274 -1.79745823 -32.228236969842015 -11.288595173594567
1.4681073646892437e-17 34.095656848940166 0.41930888 0.02228647 0.70153166 1.37066132 -1.81199457 -27.63834656384732 -10.356037903842664
2.0767459547059903e-16 31.47672305423846 0.22625736 0.02422764 0.68478086 1.44544092 -1.44849836 -33.92787571802725 -0.16778113091291755
7.731729888316429e-16 30.353670750003758 0.29383109 0.02442277 0.64228321 0.87962342 -1.97425961 -19.96048062604739 -11.51624242819107
1.4390986384277624e-12 22.523613090332308 0.23224743 0.02476615 0.6765096 0.5490469 -1.6436767 -16.711619298971847 -13.642051451031909
3.702935042887382e-12 22.037736923657075 0.18168009 0.02489395 0.62153533 0.67760722 -0.14850236 -4.703859674828608 -17.8197534155037
1.0246850053439279e-11 20.768287183678044 0.27829593 0.02298195 0.57595183 1.13397728 -0.01341087 -2.520719307723822 -19.517017615933252
5.850652420476083e-11 18.90260545509765 0.33944747 0.02400716 0.89195822 0.70934407 -1.88548326 -18.581742187898495 -2.1865449957795478
1.0285267220130266e-10 18.834303822412497 0.14545345 0.02437569 0.76882259 0.90401735 -0.81874292 -9.57181492524138 -9.330790529856271
1.1849979629506222e-10 18.593114784503868 0.24911418 0.02395473 0.60938974 0.73064292 -1.7809363 -5.721698090159739 -13.112605732252758
1.347426530359328e-10 18.524457964395943 0.19988566 0.02179482 0.41334594 1.15011967 -1.60995475 -9.748162043744323 -8.844952740759544
1.6903668639839322e-10 18.13627120706902 0.33461765 0.02445497 0.46132179 0.58835181 -0.05608423 -18.404637223087377 -0.11982074130856371
2.8479831583227013e-10 17.502778001500104 0.25228531 0.02197471 0.84701245 1.44749363 -0.08913598 -4.126158970462172 -14.010112236606846
6.555501600702538e-10 16.54960720001946 0.37880499 0.02444444 0.65553197 0.62006041 -0.98091896 -17.49793136422737 -0.004846637272735273
9.962276930798701e-10 16.411886051017078 0.30594283 0.02383693 0.56925822 0.7156115 -1.73199049 -2.6604272172772903 -13.889179982742167
1.5795019185015586e-09 15.705664879235837 0.40796412 0.02193516 0.80674717 0.93089884 -1.854306 -8.611194458516636 -7.800691592500442
3.512497030668565e-09 14.835341256109825 0.15714044 0.02088696 0.51867262 1.02951787 -1.54372591 -15.688656377285604 -0.017008501950233748
1.4721948423707087e-08 13.21286368947758 0.27745103 0.02053878 0.73874478 1.2417456 -1.19522751 -11.801839368133809 -3.033501887976016
2.4418323157995644e-08 13.187406046488707 0.3178807 0.02255221 0.88693948 1.0281464 -0.0454123 -8.028507325872525 -5.184356363605056
2.739695339004803e-08 12.956231190204438 0.36980348 0.02268572 0.81967587 0.92385656 -1.57028197 -12.518098356073093 -0.6693076904156136
4.141179068255306e-08 12.387890995777312 0.29300282 0.02293671 0.44699136 1.05718318 -0.07891317 -11.908999530687375 -1.0472316595170628
9.638006330285931e-08 11.387759571660482 0.11995995 0.02029745 0.74479451 0.57492496 -0.82125779 -10.402165867198804 -1.9857251285785087
1.8493700336762545e-07 10.870676334377603 0.42346333 0.02077551 0.72793963 0.64575024 -1.8072392 -4.376447170599436 -7.011312401061047
2.396114180796961e-07 10.766735384818983 0.24825693 0.02028599 0.79505918 1.48839026 -0.54261576 -7.211017246487369 -3.659659087890233
2.518049256145086e-07 10.729446630813756 0.30255931 0.02018468 0.65833881 1.08313239 -0.72873188 -3.6618383673302954 -7.104897017488686
3.1440248657109585e-07 10.323635243788136 0.46951206 0.02316816 0.48226687 1.3588594 -0.7534807 -2.770047243655257 -7.959399387158499
3.7422294586135687e-07 10.300725780598293 0.36877248 0.02376174 0.47006177 0.86592584 -0.87794188 -7.208623999855267 -3.1150112439328694
3.91839875399057e-07 10.19470450671661 0.38225137 0.02018964 0.8031863 0.66154332 -0.77423657 -3.1323673000521346 -7.168358480546159
4.70723363471018e-07 9.91146637444891 0.47687911 0.02353977 0.83880349 0.88301224 -0.85841941 -2.2783483263926665 -7.916356180323943
5.390333257977606e-07 9.864644370711567 0.42978703 0.02145885 0.83737327 1.24636216 -1.01665564 -4.453753852780961 -5.457712521667949
6.483106223016907e-07 9.529995764013009 0.16677049 0.02188297 0.56194241 1.39853392 -0.67022827 -9.120587126990491 -0.7440572437210747
7.534260677013663e-07 9.496922894612345 0.22301403 0.0201939 0.62020538 0.50044691 -0.32569247 -9.485625590050095 -0.04437017396291385
7.69737729655076e-07 9.447880397104868 0.15915195 0.02038497 0.77855257 0.63712987 -1.3728513 -1.6173130955658108 -7.879609799046533
8.662942255533912e-07 9.23199587008373 0.3032663 0.02032425 0.63377582 1.05777964 -0.29046065 -3.1309729858836617 -6.316907411221206
9.610345893334087e-07 9.189525470097292 0.34335235 0.02082234 0.58298073 0.55492919 -1.86518524 -2.437210291387489 -6.794785578696242
1.1832636054213584e-06 8.81142608838861 0.31245622 0.02303403 0.60327311 0.94916593 -1.23769441 -5.800118721688039 -3.389406748409253
1.4114174355204462e-06 8.762357024734245 0.45384431 0.02063381 0.5354108 1.11864759 -0.66764177 -6.38171162829109 -2.4297144600975185
1.4945090531331703e-06 8.659458248488574 0.384175 0.02170269 0.54585916 0.97849398 -1.2614233 -4.221891043770274 -4.540465980963971
1.5476537140666783e-06 8.650242548065654 0.29792731 0.02337612 0.82450858 0.60360018 -0.05314636 -8.42153707377317 -0.23792117471540467
1.5389122863820185e-06 8.631250320293772 0.19509665 0.02064785 0.57297145 1.46440721 -1.0607125 -4.304664235176804 -4.34557831288885
1.5458839883744775e-06 8.60172495126877 0.43216754 0.02149064 0.82530212 1.01231558 -0.13851284 -4.182325434924125 -4.448924885369647
1.5608499832563423e-06 8.572373256622686 0.36884203 0.0203699 0.84786537 0.68213665 -0.6887744 -7.939583047482811 -0.6621419037859582
1.6141128238993164e-06 8.496243052632176 0.32849125 0.02061098 0.56018734 1.16994223 -0.88102658 -2.138471890200877 -6.43390136642181
1.7282263999775103e-06 8.397152701386878 0.3563352 0.02040718 0.58188788 0.74416975 -0.7133008 -3.805004140800178 -4.691238911831998
1.8530684325805188e-06 8.316322614486914 0.17231331 0.0210376 0.73785516 1.1971935 -0.81911093 -2.2506555191054876 -6.14649718228139
1.9957736911852092e-06 8.210343281265045 0.17175408 0.02044908 0.42436226 0.51131455 -0.44253331 -6.035800098263687 -2.280522516223227
2.171107600881334e-06 8.108111158497685 0.14201651 0.02221381 0.57706291 1.33361304 -1.342461 -2.3791126221012413 -5.831230659163804
2.607540660325005e-06 7.822159090878866 0.42554982 0.02170312 0.57096475 1.24821168 -0.22258131 -8.019352786567737 -0.0887583719299479
3.2190134733409253e-06 7.635496287844189 0.43977782 0.0227977 0.40570631 0.80305715 -1.23331436 -7.584894838558812 -0.23726425232005433
3.7531154195234175e-06 7.473395053876848 0.14288442 0.02152404 0.51672916 1.43681822 -0.93899515 -6.206349143589671 -1.429147144254518
3.988297100160397e-06 7.4677807421930895 0.20168576 0.02125349 0.83766632 0.52285198 -1.90710168 -6.892154461029273 -0.5812405928475746
3.928010250974093e-06 7.464247735010534 0.36818275 0.02353791 0.447983 0.69921816 -0.5948597 -6.079469426137927 -1.3883113160551621
4.3152083690083144e-06 7.2514468944992 0.14925631 0.02249431 0.84670059 0.94689666 -0.69477903 -2.0198868177535134 -5.44436091725702
5.2419349543239944e-06 7.035850568526658 0.43390367 0.02211736 0.85930181 1.03078766 -0.17081538 -6.719846556566527 -0.5316003379326726
5.8502024359367735e-06 6.981413258348928 0.19837592 0.02337368 0.72000552 0.61291866 -1.25911035 -7.0134503609532075 -0.022400207573450452
5.941417545054025e-06 6.964631984623159 0.39148758 0.02263454 0.55237761 1.31242412 -0.88192377 -2.6514015193260962 -4.330011739022832
6.280381139329549e-06 6.8349717627296815 0.15843135 0.0231824 0.48582724 0.78445112 -1.33330929 -6.072247630202047 -0.8923843544211117
6.709707787673041e-06 6.789103199465367 0.2048922 0.0224955 0.40853439 1.38604124 -0.62606584 -3.642216657750004 -3.192755104979678
7.460818453417212e-06 6.592289457387253 0.30009689 0.02103856 0.76471114 1.0313229 -1.04877086 -6.254836431718941 -0.5342667677464259
9.137642780356792e-06 6.349103522322277 0.44002262 0.02080404 0.65237772 0.6404635 -0.91168607 -4.316261793085877 -2.2760276643013757
1.1058574674947455e-05 6.164807571602148 0.36629244 0.02086734 0.49736248 0.67012499 -1.03838085 -2.8553326690562013 -3.4937708532660756
1.2029977872366034e-05 6.132882647703153 0.27041763 0.02129024 0.81265617 0.54374559 -1.68428122 -3.0253387877475157 -3.139468783854633
1.2262877116064094e-05 6.087121233896089 0.11867133 0.02287088 0.44351502 0.71491349 -0.49609323 -4.874498481586479 -1.258384166116674
1.2576046758678885e-05 6.042809991931129 0.46344646 0.02112166 0.56317005 0.88952506 -0.83452489 -4.376371925130565 -1.7107493087655243
1.2764809632667509e-05 6.017390316368385 0.13461554 0.02092273 0.88659652 0.80016596 -0.42189538 -4.135888636939374 -1.9069213549917554
1.3661656264120878e-05 5.872486012611373 0.45841896 0.02176257 0.54924665 0.86564894 -1.06700672 -3.1723774852848674 -2.845012831083517
1.4538408675636022e-05 5.848284902400512 0.43454726 0.02248757 0.63561173 1.35358978 -0.69918548 -5.715896775776747 -0.15658923683462603
1.496257584480598e-05 5.776505882000555 0.17935104 0.02326388 0.86284272 0.66272407 -0.39154174 -5.3316959032085025 -0.5165889991920098
1.5918785676068905e-05 5.6855632726759 0.24420359 0.02328643 0.42923783 1.43159808 -0.36713263 -2.1204479247826087 -3.6560579572179464
1.6360002545233815e-05 5.680161822152095 0.26448779 0.02151602 0.84023166 0.65290549 -1.48804197 -1.8957591125818563 -3.789804160094043
1.6618250757217486e-05 5.615666364265693 0.28712224 0.02076376 0.61211809 0.64712448 -0.23725793 -5.079976968612755 -0.6001848535393398
1.6994597286359847e-05 5.594837386865741 0.39358225 0.02306997 0.689525 0.63576904 -1.03028347 -1.886590742856782 -3.7290756214089114
1.756546253623463e-05 5.511605763483278 0.37533349 0.02311847 0.62411625 0.53017632 -1.12590237 -2.9898581763605425 -2.6049792105051988
1.847534139793743e-05 5.453344573002715 0.27258424 0.02315831 0.69202833 1.09240101 -0.50110624 -2.6603673036292736 -2.851238459854004
2.0002424551957696e-05 5.316965176747519 0.25744194 0.02286666 0.4373007 0.92180266 -1.10727174 -2.391547501340369 -3.0617970716623457
2.1929614359554406e-05 5.227140553664201 0.33850673 0.02308468 0.72585379 0.52996344 -1.1350949 -3.623119770900418 -1.6938454058471004
2.4190810934368833e-05 5.084178906310884 0.40316133 0.02111151 0.41187046 0.51096253 -1.29646346 -2.548615411728947 -2.6785251419352543
2.5449692946687088e-05 5.080971048039045 0.2831731 0.02302463 0.6494621 0.99839162 -0.65471735 -3.1339247603398857 -1.9502541459709983
2.6040911538203654e-05 5.000268571742463 0.3079148 0.02084506 0.69684581 0.53393849 -0.43448119 -2.6961006398522325 -2.3848704081868117
2.7587557435444756e-05 4.9257344617510785 0.43188262 0.02148402 0.42650225 1.37114175 -0.49599413 -1.7382398052662902 -3.2620287664761727
2.8790728248762523e-05 4.874552538985403 0.24433207 0.02292819 0.62603103 1.11556207 -0.2336835 -4.2469174322330225 -0.6788170295180558
2.9239199085285085e-05 4.854659623831148 0.18589818 0.02096114 0.66768376 0.67125636 -0.40655165 -2.925577473361399 -1.9489750656240044
2.9721805825881655e-05 4.802779688748066 0.36419992 0.02131818 0.66856435 1.41015889 -0.6846339 -2.2053760296717195 -2.6492835941594293
3.062786708199588e-05 4.7548961089578405 0.11071809 0.02287749 0.46302664 0.89403032 -0.38323073 -3.6389213309184396 -1.1638583578296264
3.1284916394549187e-05 4.720446373840497 0.26100258 0.02103069 0.49260977 0.63523326 -0.7867265 -3.0174470926250905 -1.7374490163327505
3.150407909997072e-05 4.701125583517366 0.26552136 0.02122419 0.69393143 1.14583202 -0.88751333 -2.407763764723636 -2.312682609116861
3.254412654824787e-05 4.6175344088273595 0.32054874 0.02111617 0.87161535 0.79599885 -0.90563864 -3.20462958710623 -1.4964959964111364
3.387096180024846e-05 4.580200098881166 0.20639101 0.02193173 0.46376669 1.07397217 -0.59583808 -2.687236358247984 -1.9302980505793754
3.385746375639078e-05 4.57837872749118 0.32353479 0.02296713 0.60669908 0.55273288 -1.08608994 -4.561788150619391 -0.01841194826177568
3.3592419142082275e-05 4.5564325201882365 0.34430585 0.0213563 0.78330884 1.21453278 -0.79134761 -2.4586775699399417 -2.1197011575512383
3.392655344099609e-05 4.519204381128445 0.30966064 0.02269597 0.60455235 0.89701284 -1.00971777 -3.5155535819495194 -1.0408789382387176
3.6620844283303106e-05 4.369257372069962 0.20260986 0.02129864 0.52810137 1.06121633 -1.04141043 -3.4394988648994698 -1.0797055162289744
3.935640001495424e-05 4.330281100200334 0.32878406 0.0229792 0.88846663 1.19548449 -0.4370691 -3.139660855226322 -1.22959651684364
4.003402490225684e-05 4.295433703714412 0.37205078 0.02252031 0.73077242 1.16095138 -0.29644857 -2.1562057199366325 -2.174075380263701
4.167909768123603e-05 4.211589170801656 0.2037098 0.0216725 0.80963993 0.8849741 -0.74038529 -3.703970984397825 -0.5914627193165871
4.621821689923723e-05 4.053559770263809 0.36717059 0.02145558 0.76950378 0.83397888 -0.21619573 -3.9262442260363057 -0.2853449447653505
4.907638416492171e-05 4.04575447108518 0.2570412 0.02184872 0.65761508 1.4978042 -0.7577096 -3.3008009264258273 -0.752758843837982
4.8322065254229e-05 4.044918761550343 0.37438702 0.02133649 0.62229273 0.62701316 -1.05875466 -3.97643641696587 -0.06931805411931007
4.758787622394148e-05 4.036786109420066 0.12925018 0.02290149 0.55523774 0.52768269 -1.12931308 -2.940969317906334 -1.1039494436440087
4.75470146290788e-05 4.007233354232257 0.38688733 0.02198198 0.54428721 0.61753024 -1.28804524 -2.2007351633375576 -1.8360509460825087
4.836497159270172e-05 3.9633307013033026 0.27616475 0.02131182 0.59274186 1.39860362 -0.29644687 -4.003817011189006 -0.0034163430432508145
4.862620109887424e-05 3.9563849811051233 0.19732869 0.02287509 0.8233004 0.54042274 -1.02872018 -2.7782541488561687 -1.185076552447134
5.030196777574291e-05 3.85835166860676 0.14656997 0.02234034 0.88692428 1.17595567 -1.04735962 -2.228660798461518 -1.7277241826436052
5.2736799841557344e-05 3.82020325091817 0.38911276 0.02149154 0.60980362 1.2946433 -0.42548195 -3.615878616571913 -0.2424730520348469
5.27123190884646e-05 3.819311437555621 0.29900744 0.02108522 0.5126935 0.73070745 -0.40616808 -3.16031111460481 -0.65989213631336
5.4341320975807064e-05 3.7220884904834084 0.39935337 0.02203605 0.65771373 1.4551273 -0.51059716 -1.754544209334774 -2.064767228220847
5.654844363178602e-05 3.6978651920835994 0.33612386 0.02293315 0.40563008 0.50265795 -0.4563288 -3.7214799639993132 -0.0006085264840953352
5.788073838531851e-05 3.6366978065954063 0.19690171 0.02236397 0.62812258 0.68132564 -0.11128659 -1.7275391021029307 -1.9703260899806687
5.971218564780456e-05 3.5954471834963746 0.25358297 0.02196505 0.6902818 1.47580717 -0.554186 -3.357117440083989 -0.2795803665114173
6.080987726099228e-05 3.560539565753323 0.32571254 0.02268151 0.40931329 0.86061718 -0.25298404 -3.588312593798561 -0.007134589697813428
6.508529741332e-05 3.4242823372563995 0.39387559 0.0219847 0.46482095 0.92136195 -0.8413653 -2.526525604828799 -1.0340139609245242
6.976697430735454e-05 3.3779097985319178 0.24763766 0.0212533 0.83870717 1.18500415 -0.40207269 -3.4213379832091233 -0.002944354047276099
7.046228950696936e-05 3.3643516517083496 0.29254436 0.02279621 0.71470546 1.1526122 -0.3712186 -1.988909552122026 -1.3890002464098916
6.994796542057272e-05 3.3529432295135293 0.22619462 0.02149182 0.48197061 0.58867273 -0.75225427 -1.9406673975830095 -1.4236842541253398
6.937689418154861e-05 3.3411441422425194 0.11178954 0.022438 0.48464973 0.55235254 -1.027781 -2.693746695328419 -0.6591965341851106
6.859183040004519e-05 3.336070481908379 0.24186991 0.02283981 0.75914026 1.09061371 -0.32941551 -2.9282812588445633 -0.41286288339795635
6.793036502997227e-05 3.3209700582139043 0.17109108 0.02190297 0.77955221 0.87153498 -0.95800671 -1.7479661797518262 -1.5881043021565526
6.723977564595004e-05 3.316848798130387 0.38539415 0.0215915 0.64060448 0.52452074 -1.20025914 -3.2886089126524167 -0.03236114556148783
6.72634783641176e-05 3.2809773341593393 0.18391888 0.02142629 0.40876454 0.59387196 -1.25188564 -2.8829874022040602 -0.4338613959263269
6.993502133960618e-05 3.2006368369936533 0.2670094 0.02202247 0.7668589 1.1710146 -0.85585347 -2.448049078549408 -0.8329282556099316
7.178850205460043e-05 3.1874865360797653 0.10780394 0.02166251 0.58724984 1.20943962 -0.3548094 -3.2006223930454487 -1.4443948204778845e-05
7.086346044332204e-05 3.1869272113959175 0.18647698 0.02121654 0.70686705 1.16292909 -0.29658375 -2.885503362051482 -0.3019831740282831
6.989174643665202e-05 3.1755284214798563 0.10110543 0.02192485 0.88333983 1.33023908 -1.17731611 -1.6615121122821865 -1.5254150991137307
7.02524355381731e-05 3.1373588573622073 0.22164627 0.02251163 0.41915761 0.75694023 -1.0552981 -3.154134342941002 -0.02139407853885431
7.063183903577083e-05 3.1248261401077935 0.32793445 0.02135038 0.40912819 0.72327965 -0.58826622 -2.5662263033783232 -0.5711325539838842
6.995248383066303e-05 3.1170590407833467 0.16673426 0.02194603 0.5926984 1.08239552 -1.09821573 -2.0652855212360692 -1.0595406188717242
6.949497866679815e-05 3.098416109216522 0.19025075 0.02142778 0.72226897 0.72045124 -0.17731587 -3.1041312782321624 -0.012927762551184396
7.018368282343246e-05 3.058051505309571 0.12657321 0.02169115 0.69427578 1.05372161 -0.37084751 -2.269670677750459 -0.8287454314660629
7.199945950926465e-05 3.007945608399192 0.4701199 0.02220118 0.7272209 0.86678564 -0.41383034 -2.802523725580084 -0.2555277797294872
7.262160497487282e-05 3.000624357140786 0.19643913 0.02198023 0.52278466 0.59580914 -0.56790668 -2.930381171514271 -0.07756443688492097
7.168302730303727e-05 2.99435371466047 0.10590013 0.02165467 0.62425358 0.8944717 -1.27597853 -2.996887258294187 -0.0037370988465989653
7.096832160303633e-05 2.9810940238225174 0.19302268 0.02173988 0.72364911 1.38483415 -0.40471257 -2.678981889942321 -0.31537182471814906
7.164787611699825e-05 2.936149645343173 0.2154366 0.02236823 0.82687318 0.58461079 -0.55221215 -2.7956796700633992 -0.18541435375911805
7.186351665550343e-05 2.934973744689863 0.38261711 0.022216 0.41007915 0.58152139 -1.08884817 -2.649601350105614 -0.28654829523755904
7.150071161175919e-05 2.906864206732184 0.23317949 0.02167311 0.57464861 0.75014598 -1.06834686 -2.844195385967055 -0.09077835872280796
7.164146614383646e-05 2.8912982538668426 0.19538721 0.02156476 0.48933279 0.60589941 -0.99475293 -2.6225228124329565 -0.28434139429922745
7.095210426458658e-05 2.8865419951975526 0.25904058 0.02269587 0.78450721 0.51148084 -0.4182148 -2.4015982846701354 -0.4896999691967074
6.987389542506327e-05 2.8823176811882214 0.22895081 0.02232949 0.51848412 0.66783653 -0.83247662 -1.8071336318435471 -1.0794083633540055
6.919812480726481e-05 2.866432085544152 0.1181649 0.02185792 0.57946426 0.99806684 -1.22642575 -2.6559910420500636 -0.22632663913815773
6.853381174736566e-05 2.8619474441349193 0.40102435 0.02211955 0.66182714 0.78084545 -0.81991776 -2.8043594787812656 -0.06207260676288621
6.810046193073822e-05 2.83963274557739 0.36553344 0.02155411 0.58296301 0.92127209 -0.61291381 -2.838529100524291 -0.0234183436106283
6.767014897617187e-05 2.8349009920595862 0.28030688 0.02227362 0.65505896 0.9069276 -0.83784511 -2.3267361140409872 -0.5128966315364026
6.681362928845904e-05 2.8255200157282885 0.24356787 0.02153485 0.74924285 0.60264006 -0.99242911 -2.682913674151249 -0.15198731790833694
6.582366250114866e-05 2.8251291847153723 0.3486454 0.02132758 0.4488132 0.55170547 -0.41546391 -2.2693492798653665 -0.556170735862922
6.490785899471225e-05 2.8139672218957474 0.12830929 0.02254137 0.59075868 0.60069647 -1.25411202 -1.6922245962376192 -1.1329045884777533
6.427743902317569e-05 2.8050327613533184 0.30290004 0.02245614 0.70766961 0.73652943 -0.21880306 -2.171659529163397 -0.6423076927323503
6.369067265261087e-05 2.79272105240017 0.35356075 0.02201086 0.78959226 1.30611177 -0.38317515 -2.3555505197279087 -0.44948224162540973
6.315587642624537e-05 2.782281311711679 0.19686505 0.0213066 0.8550577 0.7491224 -0.28629032 -2.7925235387681786 -0.00019751363199174574
6.231141542647955e-05 2.780012352601727 0.2490431 0.02194039 0.6631375 1.35882081 -0.27240021 -1.5796881014315143 -1.2025932102801649
6.132927529260007e-05 2.7744571633651214 0.32761428 0.02251028 0.46887371 0.95530532 -0.56363902 -2.76503483270277 -0.014977519898957337
6.039530245458238e-05 2.771094160550851 0.1469053 0.02202984 0.56103489 0.67417353 -1.31465846 -2.206460474428355 -0.567996688936766
6.0003496151784636e-05 2.747999416691436 0.23258017 0.02213757 0.72180884 1.1900134 -0.46156672 -2.7708655123165906 -0.00022864823426060698
5.952542339711157e-05 2.747354320048828 0.19567273 0.02151688 0.67438795 0.5170452 -1.18238833 -2.715338585824515 -0.03266083086692081
5.949119120319114e-05 2.709895332865364 0.28063142 0.02136545 0.63814127 0.7588176 -0.36541137 -2.1492225474279842 -0.5981317726208436
5.9849302110875395e-05 2.6954474435311373 0.18774332 0.02204383 0.68488744 0.50403132 -0.85210768 -1.697538901586659 -1.0123564312787048
5.9233852695595665e-05 2.6909161400651698 0.35717243 0.02139891 0.42924167 0.51285747 -0.51281079 -2.694105603118748 -0.001341840412389689
5.8348180612277546e-05 2.6859732375842054 0.19793032 0.02149155 0.82773564 1.46639217 -0.28365136 -1.7794128042059336 -0.9115033358592363
5.747081086168676e-05 2.6816115253923365 0.37522156 0.02216483 0.46630208 1.06832476 -0.61547025 -2.026108208419495 -0.6598650291647105
5.707693281480614e-05 2.660231749209817 0.36491778 0.02232156 0.86794416 0.82641023 -0.72669575 -2.6320470674401433 -0.049564457952193365
5.69928027789763e-05 2.644900884524391 0.18729104 0.02208047 0.72323437 0.61954802 -0.47369374 -2.4453456275334444 -0.21488612167637244
5.6409342572745854e-05 2.641151649704118 0.20747614 0.02144528 0.60871223 0.70050254 -0.3730481 -2.6362591293583004 -0.008641755166090382
5.562773483002018e-05 2.633213645634314 0.34794704 0.02177625 0.61965178 0.79194581 -0.79893863 -1.8606750622108126 -0.7804765874933052
5.526159159228817e-05 2.6148227646969797 0.37579847 0.0225195 0.65214663 0.78022185 -0.52888709 -2.492817174377552 -0.14039647125676188
5.501034096700385e-05 2.602674601998436 0.46373738 0.02216051 0.60132866 0.70231986 -0.67877097 -2.025257986075829 -0.5895647786211508
5.445859369607324e-05 2.595355051638273 0.44728901 0.02153634 0.56221513 0.5998915 -0.58468795 -2.5560221858606935 -0.046652416137742424
5.436554678436521e-05 2.566681572866462 0.34018557 0.02239044 0.48676784 0.5604192 -0.1769829 -2.0425976941339687 -0.552757357504304
5.4087408959818164e-05 2.565802854438145 0.4655397 0.02184164 0.56619558 0.70117455 -0.64746159 -2.242417075863644 -0.3242644970028178
5.348192995216276e-05 2.5496564677846805 0.24243524 0.02207687 0.78107979 0.59718275 -0.73616287 -2.490629555781411 -0.07517329865673399
5.350221924377407e-05 2.5255194785535835 0.30256306 0.02172968 0.78353782 0.57487937 -1.0244868 -2.542015145990438 -0.0076413217942424595
5.338286558224546e-05 2.51440307959471 0.48111477 0.02177144 0.77954524 0.65964069 -0.60117693 -2.3263570847912303 -0.19916239376235317
5.353010254576562e-05 2.4806593078823904 0.15272602 0.02218068 0.59608512 1.32311349 -0.23239339 -2.3684210598549273 -0.1459820197397829
5.3402789063167577e-05 2.4792760279859714 0.32669977 0.02149506 0.67042008 0.69516154 -0.46457322 -2.4196493428960455 -0.06100996498634488
5.293163544072992e-05 2.458881142314094 0.17654882 0.022259 0.59100848 0.55349922 -0.43122065 -1.8281250733742498 -0.6511509546117213
5.2839604642667464e-05 2.443109346313293 0.32486556 0.02215267 0.83642007 1.33185758 -0.5127651 -2.3239040474566384 -0.13497709485745576
5.250609598095123e-05 2.4319085068888135 0.25863478 0.02179028 0.75853245 0.58500011 -0.58226735 -2.401516167655906 -0.041593178657387
5.228332477139972e-05 2.412074660084732 0.29549565 0.02208745 0.78334825 0.69312893 -0.91844659 -2.3072082824748943 -0.12470022441391942
5.201251579158678e-05 2.4026134954400344 0.4127488 0.02216852 0.5472069 0.50913192 -0.15966726 -2.4013245518668764 -0.010750108217855303
5.1541724423813085e-05 2.390668130460992 0.35849654 0.02205469 0.80931454 0.8026325 -0.73071649 -2.3504943480585396 -0.05211914738149491
5.087161378730421e-05 2.389146308211335 0.38771716 0.02251179 0.41736805 0.64030819 -0.38784619 -2.387824861455596 -0.00284326900539617
5.0002668769440556e-05 2.3855229843835057 0.30788721 0.02169332 0.68662919 0.61620386 -0.67692932 -1.8176606607044143 -0.5714856475069205
4.94003265028282e-05 2.373810757076021 0.33451043 0.02248164 0.86455055 0.73575697 -0.47919506 -2.1333546004733495 -0.25216838391015634
4.880714452435449e-05 2.370047630618889 0.40524244 0.02248694 0.68925794 0.62052683 -0.38083741 -1.8702463167445544 -0.5035644403314669
4.8102559484625364e-05 2.3632959961181346 0.39791828 0.02167793 0.50133263 0.79437092 -0.40972354 -1.8548413884866874 -0.5152062421322017
4.7458714876730083e-05 2.3573901293547093 0.281179 0.02189917 0.55318412 1.23977871 -0.48375607 -2.086799651270553 -0.2764963448475816
4.677953492075312e-05 2.352516666067113 0.26303801 0.02192141 0.54935056 1.13951969 -0.27899796 -2.3228908800851995 -0.034499249269509646
4.6355902142811185e-05 2.3360411902460005 0.20422369 0.02251897 0.55816138 0.91814742 -0.26429605 -2.329547307180834 -0.02296935888627901
4.6171162011316196e-05 2.320887397072496 0.35630145 0.02181855 0.6788105 0.57698263 -0.88543903 -1.7477249321126886 -0.5883162581333118
4.5736347568761075e-05 2.3153104442626393 0.25448322 0.02223101 0.88959005 0.54565203 -0.54388829 -2.2249920247900636 -0.09589537228243249
4.5008160040207405e-05 2.313374355662398 0.1071301 0.02187353 0.50149578 0.64978396 -1.30775184 -2.2100962631920043 -0.10521418107063508
4.420194924423529e-05 2.3118546677205165 0.30641811 0.02166788 0.62478051 0.52308719 -0.62031642 -2.2626814334586203 -0.05069292220377736
4.3737539871297384e-05 2.2949640845330705 0.28403906 0.02222864 0.69582147 0.85803493 -0.51698798 -2.018872633911264 -0.29298203380925253
4.324365915425024e-05 2.294890404019782 0.37777883 0.02177258 0.72665227 0.72210336 -0.65109303 -2.1921074774545133 -0.10285660707855741
4.263367153180376e-05 2.2838020878551184 0.37354909 0.02182647 0.74200394 0.73858257 -0.6681778 -2.1502371306912336 -0.14465327332854866
4.206166295196367e-05 2.282270289506099 0.24718916 0.02157129 0.40705002 1.21042996 -0.35852181 -2.1953015981368296 -0.08850048971828882
4.1566706854311426e-05 2.2679220666223037 0.35960432 0.02226084 0.68455124 0.99321645 -0.45067926 -1.8065096666011407 -0.4757606229049585
4.123739079104509e-05 2.258543840346487 0.3860113 0.02181276 0.53993334 0.75776357 -0.6137013 -2.13085733609079 -0.13706473053151338
4.080220479532483e-05 2.2495336585194035 0.37678557 0.02205129 0.84079151 0.94151039 -0.39379113 -2.1570556718280245 -0.10148816851846268
4.035134851598401e-05 2.2411584348665303 0.27159968 0.02219309 0.82844131 0.91285783 -0.48139937 -2.247220291810371 -0.0023133667090323544
4.016264827664209e-05 2.2194039762206477 0.1222639 0.02214234 0.48506331 0.59897897 -1.28175306 -2.1703608672584647 -0.07079756760806584
3.999213319781961e-05 2.2099664384574464 0.21857158 0.02248844 0.74861466 0.76339677 -0.25984578 -2.1840371353276398 -0.03536684089300783
3.966078582855748e-05 2.1964617044208565 0.25373251 0.02167398 0.43715156 1.32549374 -0.38187364 -1.6914471222550027 -0.5185193162024438
3.932390317577768e-05 2.1873968918771056 0.12480933 0.02149575 0.64727343 0.63641264 -0.22836133 -1.9135438136354175 -0.2829178907854391
3.881999670240505e-05 2.1826357033948716 0.32049913 0.02238725 0.72606088 0.63244861 -0.49586311 -1.5379808442596374 -0.6494160476174682
3.827211567387615e-05 2.1762240714122156 0.21052762 0.0221556 0.51574165 0.78007639 -0.20649287 -1.86393905551921 -0.3186966478756618
3.767988893996768e-05 2.1742113413106092 0.30799194 0.02245346 0.66594976 0.70251266 -0.39884139 -2.132774042509974 -0.043450028902241374
3.719733814417353e-05 2.162431094991606 0.31638656 0.02214222 0.88792442 0.55085873 -0.88150694 -1.730235841896898 -0.44397549941371117
3.6905362252051e-05 2.1503684589092096 0.19328031 0.02235147 0.86133575 0.7503016 -0.21601593 -2.127133196282514 -0.03529789870909176
3.653723383789444e-05 2.142853608413713 0.29887612 0.02227989 0.85220929 1.15846259 -0.37265864 -1.890748530566493 -0.25961992834271636
3.5984066951274555e-05 2.1412609002508853 0.29834357 0.02205772 0.63398511 0.56068289 -0.78852274 -1.9832486014962354 -0.1596050069174774
3.55026897705035e-05 2.1302138170094524 0.33308487 0.02206226 0.89908553 0.63798912 -0.72760298 -2.1378987948386454 -0.0033621054122400795
3.5091370290822744e-05 2.124938537859071 0.30819501 0.02185838 0.67623418 0.6364686 -0.58900673 -2.1259931795096136 -0.004220637499838928
3.4554244543085625e-05 2.1214543296620434 0.11470175 0.02240887 0.4115344 1.25958141 -0.30389777 -2.0632191501828943 -0.061719387676176685
3.4008515549058106e-05 2.1171737177945187 0.35008089 0.02185949 0.71927374 0.65488111 -0.65681723 -1.7641363977072682 -0.35731793195477507
3.358179833798172e-05 2.10712324013417 0.39111451 0.02242127 0.84923299 0.54893471 -0.3748313 -2.056296237829491 -0.06087747996502792
3.324157777444116e-05 2.097929877801039 0.14492015 0.02243461 0.80402934 1.22359641 -0.30831946 -1.726653311549129 -0.3804699285850408
3.3140167209654744e-05 2.0737537290415284 0.28857816 0.02166129 0.74806644 0.87882391 -0.38275235 -1.6917411349033853 -0.40618874289765383
3.2909220351936045e-05 2.072165506185319 0.32782443 0.02199938 0.52823569 0.59113615 -0.70855692 -1.7697012142699267 -0.3040525147716018
3.255912574654159e-05 2.055606755366564 0.12859768 0.0224839 0.89359494 0.76157788 -0.24494532 -2.0711606666975113 -0.0010048394878076246
3.227537609339459e-05 2.050005748718188 0.26420509 0.02220421 0.89991229 1.0091189 -0.42314126 -1.5470910587316264 -0.5085156966349377
3.1836248179710294e-05 2.0434026959440414 0.29538352 0.02213403 0.74370397 1.26283644 -0.396308 -1.9698270189070346 -0.08017872981115327
3.140573577803872e-05 2.037627883489529 0.38310226 0.02185017 0.56944027 0.77269059 -0.41508225 -2.0126783482538535 -0.03072434769018815
3.0965902905065634e-05 2.0320047121854667 0.26730104 0.02197037 0.652212 1.23882177 -0.41885058 -1.9694790517877319 -0.06814883170179753
3.046066256489808e-05 2.0309162074227536 0.12316199 0.02247104 0.76228543 0.8874413 -0.25426504 -2.02618469811415 -0.005820014071316916
2.9904346709558047e-05 2.029264352467698 0.3130703 0.02183897 0.80224651 0.981317 -0.35334298 -1.5502097393290706 -0.48070646809368317
2.957270599776212e-05 2.013675033700629 0.25232092 0.02202725 0.89021768 1.36634536 -0.32524306 -1.9518233775759473 -0.07744097489175088
2.9276574821523062e-05 2.0097305099058134 0.31602677 0.02202688 0.67954146 0.64832351 -0.56734785 -2.0135509210967415 -0.0001241126038877104
2.8780871908102554e-05 2.0082198707720322 0.35682225 0.02188892 0.72250955 0.61982602 -0.61383936 -2.0096188011262957 -0.00011170877951749464
2.8382475149581095e-05 1.9980288770297432 0.13003523 0.02223367 0.76779075 1.31665477 -0.31889104 -1.9676173206630014 -0.04060255010903087
2.798167858957291e-05 1.9970327454425278 0.33454715 0.02206279 0.88487259 0.98877135 -0.436643 -1.8901535862821204 -0.10787529074762271
2.7537003830966513e-05 1.9904726647960658 0.26130371 0.02187288 0.57031645 0.87472063 -0.42347251 -1.992705694612172 -0.004327050830355888
2.7097388839515353e-05 1.9896035681726265 0.35209088 0.02228919 0.63614345 0.71517205 -0.3599727 -1.9393315326487124 -0.05114113214735348
2.6590365584081177e-05 1.9886442841606853 0.40256717 0.02203447 0.63667203 0.64265321 -0.58171567 -1.818374621361242 -0.1712289468113846
2.615750106258232e-05 1.9828324422806445 0.3485896 0.02227162 0.58025477 0.75211176 -0.37181774 -1.9881498482455449 -0.000494435915140348
2.5757729052383084e-05 1.9798353457495697 0.43793485 0.02226009 0.56618194 0.54824396 -0.48361312 -1.8332316396954869 -0.1496008025851576
2.537919278600781e-05 1.9728473157323039 0.41677678 0.02200933 0.7815141 0.64704034 -0.35987485 -1.843628254057914 -0.13620709169165554
2.4968520710418013e-05 1.972845476634686 0.39178167 0.02181115 0.67790074 0.66892092 -0.45048956 -1.9725784640467645 -0.0002688516855392962
2.462809924733737e-05 1.9607343765287433 0.22591549 0.02209191 0.61348288 1.29914977 -0.37621625 -1.8697759568652386 -0.10306951976944723
2.4344776948060087e-05 1.956349777615468 0.2751553 0.02217861 0.66031985 1.20515432 -0.38533356 -1.948514495242047 -0.012219881286696167
2.392532808683384e-05 1.9558837242330018 0.25082259 0.02210647 0.68464186 0.74362277 -0.42348876 -1.896907322844472 -0.05944245477099594
2.346298746128988e-05 1.9557714168736788 0.21574467 0.02211187 0.6903346 1.39324133 -0.29890556 -1.9382167027590822 -0.01766702147391966
2.3019946780724832e-05 1.9544051061167413 0.26515018 0.02227309 0.65282769 0.93580272 -0.30923597 -1.9358261110740367 -0.019945305799642155
2.2666723710749426e-05 1.9471053337483 0.2636823 0.02233125 0.61455424 0.9088077 -0.34903787 -1.8030467150590421 -0.15135839105769913
2.236101354848466e-05 1.9419510859485205 0.29842425 0.0217788 0.74553164 0.6982955 -0.27927289 -1.7181913937286728 -0.22891394001962717
2.1984468880464797e-05 1.9414589618051301 0.21562587 0.02235193 0.54958093 1.05221325 -0.32504522 -1.8044805838046836 -0.13747050214383688
2.1627753240685115e-05 1.9350737273376397 0.22226913 0.02204305 0.53870247 1.2447316 -0.3735418 -1.6811202186893415 -0.2603387431157887
2.1324288917086796e-05 1.9301109006656423 0.24660284 0.02174449 0.47866691 0.66182196 -0.24154399 -1.9338179833941416 -0.0012557439434982
2.1032182456697057e-05 1.9230607120039045 0.22773745 0.02188126 0.48369007 0.78257271 -0.38691451 -1.7507473068358712 -0.179363593829771
2.076125214058808e-05 1.9164349769774889 0.31112025 0.0219936 0.80610056 0.9591145 -0.35390546 -1.8775773018196866 -0.04548341018421783
2.043343084656509e-05 1.9152769076431917 0.26822677 0.02235821 0.8601148 0.68237358 -0.34364404 -1.9147882498100595 -0.0016467271674293375
2.0059096443904155e-05 1.9138091010832976 0.11580839 0.02239056 0.74990249 0.91024301 -0.24166291 -1.6449860717358458 -0.2702908359073458
1.9690862575702115e-05 1.9127274855998044 0.26225523 0.02193124 0.66805307 1.06536726 -0.40109594 -1.5893368237634058 -0.3244722773198918
1.9451509698172117e-05 1.8987126832911834 0.30622227 0.02169664 0.64525202 0.61739648 -0.32372132 -1.8941094641977136 -0.018618021402090772
1.921831566366799e-05 1.8971955458810432 0.13279948 0.02209714 0.61503564 0.74318122 -0.19374425 -1.6516314221028605 -0.2470812611883228
1.8889667967796172e-05 1.8936073938194804 0.29006979 0.02198491 0.73397723 1.06393814 -0.40629593 -1.8831346396936035 -0.01406090618743963
1.8563966367671508e-05 1.8923728426833368 0.26490667 0.02218271 0.70189664 0.89601026 -0.29505138 -1.8906984836917387 -0.0029089101277416686
1.827710812897506e-05 1.885160870911138 0.33545039 0.02172953 0.7380681 0.60411216 -0.38136005 -1.8298128826958235 -0.06255995998751318
1.8003071333271555e-05 1.882969749059946 0.2317271 0.02201782 0.59645022 0.77550295 -0.39215272 -1.685788952060172 -0.19937191885096603
1.7685655005818235e-05 1.8811322873898577 0.33651523 0.02194013 0.74406269 0.52588157 -0.55755928 -1.8829585009739622 -1.1248085983834486e-05
1.7358451763714127e-05 1.8807123708846096 0.32657206 0.021982 0.63933968 0.81222118 -0.45727469 -1.8660597532299454 -0.015072534159912353
1.7040042692186896e-05 1.8785551407835424 0.17190303 0.02235696 0.54108312 1.01367632 -0.28206584 -1.87730066497024 -0.0034117059143696565
1.676420887763513e-05 1.873751395729181 0.238841 0.02192307 0.52223788 1.29843358 -0.32466664 -1.6102586343324714 -0.26829650645107095
1.6542809681789293e-05 1.8655502175379794 0.36946219 0.02220763 0.5683425 0.65281057 -0.40267527 -1.8515499724407622 -0.02220142328841874
1.631213455526897e-05 1.8622166345719031 0.3009003 0.02234712 0.46918081 0.55338549 -0.32179849 -1.782362010054418 -0.08318820748356144
1.603948118449245e-05 1.859655874687479 0.40803798 0.02203797 0.482371 0.62613066 -0.44872788 -1.6093667780898473 -0.2528498564820559
1.5747948041037567e-05 1.859296139226523 0.21059067 0.02185006 0.4478953 1.39088539 -0.34136743 -1.858893003283821 -0.0007628714036580878
1.5453848508340795e-05 1.8577551952886096 0.30672303 0.02226403 0.56136081 0.74341425 -0.36074929 -1.7910527500559896 -0.06824338917053345
1.517665916977036e-05 1.8558899608071313 0.31244817 0.02205678 0.75177088 0.54146818 -0.50208079 -1.7170408560238286 -0.14071433926478086
1.4905548972999497e-05 1.8542000024823824 0.32230376 0.02178656 0.634412 0.69764672 -0.38680406 -1.8526932541811219 -0.0031967066260093703
1.4643920791811581e-05 1.8517020952934793 0.20803023 0.02215396 0.41173254 1.38424597 -0.34434257 -1.7254372677858958 -0.12876273469648658
1.4401600671766085e-05 1.8479685292020664 0.30667424 0.02206574 0.51252886 0.90948718 -0.41290075 -1.809297510090868 -0.04240458520261148
1.4159343924819164e-05 1.8460235095329378 0.31641901 0.02219774 0.52862884 0.77036477 -0.3441563 -1.8430243751612818 -0.004944154040784655
1.3912411356433583e-05 1.8435506758068043 0.2149283 0.02229777 0.57869626 0.81612186 -0.27377422 -1.7713734524729088 -0.07465005706002896
1.3659901537538108e-05 1.843050186928582 0.38275086 0.02179029 0.56492792 0.54955154 -0.41712587 -1.6612311503958703 -0.18231952541093407
1.3415598890427953e-05 1.8400406625154322 0.27486015 0.02193202 0.47857219 0.76748438 -0.41373292 -1.7183623904503031 -0.12468779647827898
1.3213282945239736e-05 1.8338433075429719 0.37693304 0.02195555 0.57837875 0.6732583 -0.42162527 -1.8217488710023546 -0.018291791513077565
1.2998784249177216e-05 1.8331594701731797 0.29030107 0.02231635 0.5247584 0.57443823 -0.28968655 -1.8240271721544974 -0.009816135388474489
1.2751849897341767e-05 1.832596980594428 0.32514391 0.02231022 0.75959455 0.50847373 -0.37384213 -1.6256431666598963 -0.20751630351328348
1.2513544291344458e-05 1.8312840675393751 0.37253683 0.02227447 0.47134988 0.53035683 -0.35232343 -1.633574135545023 -0.19902284504940498
1.227638640050114e-05 1.831259272525999 0.13925782 0.02229841 0.51040661 1.01436769 -0.25113785 -1.678269976468886 -0.1530140910704892
1.2055291229296786e-05 1.8280293062233794 0.17836443 0.02235913 0.63667579 0.57177924 -0.23528727 -1.6481027948783553 -0.18315647764764367
1.1889378100908117e-05 1.8193866132811098 0.11788403 0.02230173 0.57992721 1.30874402 -0.26030202 -1.5562651638552647 -0.27176414236811464
1.170849708820122e-05 1.8190665630313292 0.36230588 0.02214041 0.41877175 0.67602279 -0.4045798 -1.631831154273803 -0.18755545900730675
1.1490415627199553e-05 1.8173851616824273 0.19025125 0.02192288 0.7863521 1.08284178 -0.34205663 -1.784804459386038 -0.03426210364529124
1.1282424348915009e-05 1.8159953178391655 0.16524801 0.0220607 0.69311695 0.87063534 -0.33498895 -1.7950989652973142 -0.0222861963851132
1.1071463988146022e-05 1.81552980094603 0.25553769 0.02217189 0.76917267 1.05226293 -0.35227943 -1.8120801605808097 -0.003915157258355727
1.0882281385633481e-05 1.8108656089409843 0.22452058 0.02210725 0.76580437 1.20962945 -0.30942829 -1.7610183497879526 -0.05451145115807738
1.0703377224054786e-05 1.8090730820593732 0.15299388 0.02202963 0.41243273 0.71956345 -0.20304517 -1.7928774999438881 -0.01798810899709622
1.0521170409959293e-05 1.8056022891865904 0.2471359 0.02215229 0.46316704 0.86836027 -0.37253009 -1.8088537711867212 -0.00021931087265210725
1.035215833718146e-05 1.8018571700576114 0.3256676 0.02221173 0.89733077 0.61094534 -0.41431595 -1.7642494669297957 -0.041352822256794694
1.0195969948246263e-05 1.7964059447940643 0.10861678 0.02195878 0.54292224 1.18123622 -0.30472045 -1.7149939500846898 -0.0868632199729216
1.002506001118045e-05 1.7960536770852342 0.26169139 0.02184312 0.46622133 0.51390857 -0.20665152 -1.7875485266189606 -0.008857418175103738
9.8332907658653e-06 1.7954293837223974 0.27157461 0.02184236 0.87664803 0.87978013 -0.34951375 -1.722124665432565 -0.07392901165266927
9.692838721101027e-06 1.785246864070198 0.19651875 0.02208257 0.80335524 0.53526236 -0.17960876 -1.7208602515893747 -0.07456913213302258
9.553529474638422e-06 1.7847516135589185 0.27490644 0.02201704 0.67052181 0.94019597 -0.32938142 -1.7759959717667235 -0.009250892303474456
9.373936553741566e-06 1.7835969485858403 0.28814777 0.02190443 0.41757398 0.87638224 -0.36848661 -1.7847309645204783 -2.064903844016009e-05
9.2141457677227e-06 1.7795366362305844 0.35781799 0.02178851 0.48090923 0.5231344 -0.3653977 -1.752037331294427 -0.031559617291413114
9.05899929144006e-06 1.7779506536192957 0.23169601 0.02194897 0.86011359 1.22612069 -0.33476834 -1.652911033169551 -0.12662560306103343
8.90728581820248e-06 1.7737134160852543 0.32044799 0.02213009 0.8172064 0.73103371 -0.39155776 -1.7660294586199503 -0.011921194999345328
8.752370704540495e-06 1.7734308739756783 0.41287657 0.02195438 0.60438408 0.53181263 -0.45762134 -1.745075128372986 -0.028638287712268496
8.587919230479349e-06 1.7720448743638497 0.16929345 0.02188802 0.44605887 0.87771525 -0.24138451 -1.763255549396128 -0.010175324579550338
8.435416571838678e-06 1.7696613077933903 0.29272575 0.02183233 0.5797814 0.711316 -0.364505 -1.7308873848550232 -0.04115748950882645
8.287427511962595e-06 1.7678380146957984 0.19489434 0.02210822 0.55456312 1.1060615 -0.33676025 -1.6864389135979387 -0.08322239419545142
8.136202672508394e-06 1.7668875275240223 0.28977915 0.02204015 0.48252003 0.88315649 -0.37774563 -1.7494495160259373 -0.01838849866986095
7.987662358862422e-06 1.765084193059489 0.21480768 0.02223917 0.50409201 0.87984332 -0.28774544 -1.7659276598974576 -0.0009598676265647089
7.843860993203158e-06 1.7636159175968966 0.23752131 0.02181851 0.85697821 0.86412874 -0.33497496 -1.651575677955465 -0.11350851510402411
7.748827233503856e-06 1.7499047572294695 0.26708638 0.0218944 0.58639133 0.84317569 -0.36123027 -1.6676853541924184 -0.0959305634044782
7.659617103123739e-06 1.7471246191634755 0.13108118 0.0221148 0.55831936 1.14144915 -0.24755174 -1.7126271947761782 -0.03727756245329128
7.526822775799541e-06 1.7452763949718189 0.20389711 0.02222783 0.43689549 0.8922134 -0.31972716 -1.7258903743242375 -0.02123424483923807
7.399149557468958e-06 1.7417375248965075 0.28013749 0.02215676 0.48375305 0.67629353 -0.37848134 -1.6432170520841018 -0.10205934288771702
7.268807344489664e-06 1.7412137630703124 0.32747309 0.02186754 0.57934133 0.63302536 -0.3649639 -1.6975401196642936 -0.04419740523221379
7.132394281066916e-06 1.7400230453397163 0.11526535 0.02209117 0.67946864 1.03476379 -0.30297864 -1.686288585454743 -0.0549251776155695
7.0016948700137444e-06 1.7385981372511063 0.28099696 0.02193473 0.65830704 0.84309017 -0.34773648 -1.7280552030116125 -0.011967842328103773
6.888631015990915e-06 1.732984900632651 0.18279176 0.02226786 0.67007418 0.53467958 -0.21510687 -1.7214187271129369 -0.017179410138169413
6.774690409766649e-06 1.7323425169256692 0.14982097 0.02186948 0.54316136 0.56155059 -0.18806398 -1.5878215464230943 -0.14516335420955664
6.654406261052955e-06 1.7292108723765263 0.21525308 0.02205189 0.66385256 1.22197728 -0.31929727 -1.6788076484462349 -0.05353486847943433
6.550437264956167e-06 1.724235849177948 0.21632163 0.02225332 0.40859961 0.60309284 -0.2484616 -1.7268075024847025 -0.0024033698918238156
6.441777343250907e-06 1.7230544158452628 0.30939313 0.02214699 0.53858406 0.6122563 -0.29617767 -1.5956016932397774 -0.12863415593817043
6.330207642762351e-06 1.7195761670598488 0.22358416 0.02213839 0.52075222 1.00568963 -0.30817889 -1.6849474560673583 -0.03810695977790454
6.251773195288666e-06 1.7084130977203775 0.24123769 0.02215928 0.45202048 0.81238479 -0.29714604 -1.6864571504104084 -0.03311901664944041
6.164986101848789e-06 1.7078983303580213 0.1593001 0.02220383 0.5857209 0.95257089 -0.30347027 -1.6625753250986377 -0.04583777262173988
6.0483177484844696e-06 1.7070193839674255 0.25951279 0.02200335 0.81946664 0.62150905 -0.24875639 -1.628046216332851 -0.07985211402517016
5.941027486121072e-06 1.7040911850125926 0.30218243 0.02188287 0.84927313 0.57943717 -0.37670684 -1.706364310514173 -0.0006550734532523431
5.845467491685495e-06 1.6998475332953318 0.3099526 0.02207061 0.77724978 0.69091751 -0.3533873 -1.6596560130454154 -0.0444351719671771
5.7452250107585565e-06 1.6990765694694692 0.16811922 0.02188956 0.6299132 0.95447214 -0.31270808 -1.6937943443502788 -0.006053188945053042
5.6412841897443935e-06 1.696758162036402 0.27737908 0.02211495 0.68238415 0.61474846 -0.37319644 -1.6588714093532437 -0.04020516011622542
5.5462890093019495e-06 1.693438078196575 0.31675715 0.02201194 0.54674233 0.65465913 -0.32917812 -1.6754548689435302 -0.021303293092871926
5.44743466884937e-06 1.6931187016971068 0.26564393 0.02208247 0.64645313 0.77149995 -0.35585538 -1.6932845649017916 -0.0001535132947835013
5.349102336289893e-06 1.6902669026440194 0.12951308 0.02218232 0.65009111 1.21652377 -0.2947687 -1.6838961483036123 -0.00922255339349443
5.255516138314108e-06 1.688813024749079 0.31890666 0.02214993 0.87817178 0.54077971 -0.28869585 -1.628009617950709 -0.062257284693310176
5.15645006148575e-06 1.688720817482453 0.20304879 0.02202242 0.73596469 1.11459019 -0.32549696 -1.6489206425419352 -0.03989238220714372
5.058392215057041e-06 1.6876074407396935 0.28562263 0.02210374 0.83025526 0.62751066 -0.37241218 -1.688706998518404 -1.3818964048965525e-05
4.965862259395643e-06 1.6860393452739453 0.3647586 0.02209124 0.52746853 0.53940532 -0.37358506 -1.6710385576815772 -0.016568883058116324
4.880053274543186e-06 1.68286571589757 0.2663122 0.02197705 0.52814898 0.77269438 -0.3114946 -1.6740479311669323 -0.011991414107012922
4.801834165898664e-06 1.6787521508513588 0.15697576 0.02226764 0.78584117 0.62060177 -0.2487414 -1.6785075386858967 -0.004358177211673187
4.72522861618649e-06 1.675423039034214 0.20301253 0.02188239 0.81938333 0.66160049 -0.3213747 -1.533847196907267 -0.14490495394409178
4.6457252026915685e-06 1.6730824124046855 0.25276045 0.02222098 0.89616729 0.55690998 -0.27929265 -1.630679710771282 -0.04474332826293188
4.563795301723988e-06 1.6714029302949394 0.11793244 0.02227105 0.67367548 0.64392967 -0.234414 -1.5776396299872677 -0.09544278241741788
4.478115233779871e-06 1.6713811111752697 0.19448573 0.02203131 0.57799355 0.99264008 -0.28057035 -1.522477336536569 -0.14892559375837036
4.392121284422577e-06 1.6705777019164805 0.33702927 0.02209945 0.65413889 0.52245435 -0.29309249 -1.6710787147709112 -0.00030239640435840074
4.314125303902458e-06 1.6676133425853639 0.10761705 0.02223156 0.44495518 0.78999683 -0.27427863 -1.6556627572759348 -0.014914944640545708
4.236875133299637e-06 1.667107499947028 0.26805764 0.02216525 0.53547233 0.61464257 -0.28919242 -1.5618492472223249 -0.10576409536303895
4.156901171249216e-06 1.66612049703345 0.26686191 0.02189389 0.59510938 0.67828421 -0.32308673 -1.617257337609078 -0.049850162337949935
4.08088182919211e-06 1.6644163004097015 0.21500987 0.02184074 0.81522545 0.71559343 -0.29611416 -1.6285396094999713 -0.037580887533478685
4.008924632288561e-06 1.6620959939514628 0.15222762 0.02210799 0.43276851 0.99436162 -0.30392405 -1.5884826289259968 -0.07593367148370468
3.950040326749486e-06 1.6544189255515023 0.2726992 0.02205264 0.78847232 0.5403964 -0.36509793 -1.6438034554881145 -0.01829253846334836
3.887916630378609e-06 1.6541807084376228 0.30445393 0.02197965 0.60097818 0.56080158 -0.37364702 -1.6519008963189683 -0.002518029232533989
3.8127705154381985e-06 1.6538483829404498 0.29919822 0.02215413 0.46801983 0.52515102 -0.34610194 -1.650334380532521 -0.0038463279051017237
3.7498378312230833e-06 1.6478713579196143 0.32448392 0.02193769 0.89941154 0.54795612 -0.34242106 -1.611336734532524 -0.042511648407925685
3.6878961575856773e-06 1.6475471145957294 0.23166852 0.02208056 0.73800576 0.55975549 -0.33800898 -1.631864399878484 -0.016006958041130157
3.6186970396230255e-06 1.646150806904403 0.232072 0.02207738 0.84789305 0.80578542 -0.29983259 -1.638881462832636 -0.008665651763093394
3.559185656120185e-06 1.6411122330324748 0.12514209 0.02219825 0.7835649 0.579268 -0.27510984 -1.6383707219080255 -0.007780084996377676
3.5063839120761988e-06 1.636437645377864 0.20835042 0.0218991 0.89780723 0.79145655 -0.29127686 -1.5660369403299352 -0.07507529270253956
3.446214503068115e-06 1.6361193384541308 0.17580996 0.02221583 0.65444932 0.58298945 -0.2430298 -1.6018989357624338 -0.034538709615430055
3.3841211597973707e-06 1.6331987745094914 0.21213591 0.02197561 0.61041657 0.88181784 -0.31139507 -1.5455029085129468 -0.090616429941184
3.333633742367388e-06 1.6265855288742663 0.16611801 0.02215124 0.69805253 0.7789025 -0.29422761 -1.6285430808187589 -0.004655693690732477
3.279445199808492e-06 1.6263599214792879 0.20261048 0.0220258 0.4369152 0.93014142 -0.29601303 -1.585883795239602 -0.04070173363466427
3.2189778909817113e-06 1.624202180886142 0.24635132 0.02205899 0.74017497 0.71065844 -0.30192351 -1.6262805251566403 -7.93963226475277e-05
3.1599373584707417e-06 1.6237769078838067 0.12374069 0.02215209 0.63675589 1.22559375 -0.28396347 -1.6206096601155022 -0.003592520770639759
3.099031877543974e-06 1.6235217753206264 0.18436322 0.02219663 0.58868865 0.60988405 -0.27908468 -1.5825482861106288 -0.041228621773177786
3.0407757767197662e-06 1.6221263090025635 0.10070686 0.02208707 0.87259107 0.81963006 -0.28386965 -1.5497984414414656 -0.07372333387916066
2.984801660513365e-06 1.621075056830334 0.23085479 0.02206707 0.88347785 0.74421327 -0.31525506 -1.6114975965747091 -0.010628712427854329
2.9279146779247535e-06 1.6210064665562918 0.2592667 0.022063 0.88183794 0.60079685 -0.33520697 -1.6158395330138715 -0.005235523816462588
2.8757912850174685e-06 1.6173982352325078 0.13904582 0.02204536 0.78435349 0.79367994 -0.23555118 -1.6166372762549452 -0.004369190301346471
2.8253756017687324e-06 1.6167711630634443 0.18950633 0.02201532 0.79556744 0.93584503 -0.28785925 -1.6158790088603392 -0.0015192263721685172
2.7735110955882317e-06 1.6148483087992729 0.22406793 0.02213412 0.50047279 0.53885234 -0.31005374 -1.6167194074219493 -5.1755641494846035e-05
2.7220713922113184e-06 1.6146068573860617 0.22273731 0.02187425 0.41320835 0.60227249 -0.27964504 -1.5840771133640417 -0.030771195435231154
2.6693620774158375e-06 1.6143502764649618 0.29717586 0.02211705 0.75537926 0.51590356 -0.32056984 -1.564407769531086 -0.05019908785497556
2.619128096489168e-06 1.612998136929834 0.1563338 0.0221914 0.54072919 0.53850864 -0.27177416 -1.592095210291896 -0.022255066173065916
2.5700048598997166e-06 1.6126119718241136 0.1520941 0.02194657 0.57638145 1.13327528 -0.29073007 -1.5435828313494717 -0.0694153055803623
2.5207375210946694e-06 1.612105437423224 0.11076858 0.02203425 0.53880091 0.9014966 -0.28669413 -1.5998712562939381 -0.012740715530175637
2.4734166830549347e-06 1.6109091279045806 0.12715541 0.0222191 0.59768297 0.60297501 -0.23736822 -1.6116258543516249 -0.0004795830715991886
2.4272063251496366e-06 1.610219007584319 0.20956144 0.02204751 0.594455 0.79701776 -0.28682574 -1.5172402735232988 -0.09366885438128185
2.384726621187427e-06 1.6066198767263644 0.20274241 0.02215588 0.72221511 0.58392701 -0.29162576 -1.6084302673233224 -0.00178874026099652
2.344121216306882e-06 1.604959023588575 0.10422807 0.02212376 0.6264796 0.81549122 -0.27841731 -1.5629900402353165 -0.043629836491047985
2.3003376143033006e-06 1.6047233120737292 0.14888501 0.02191836 0.63229003 0.84923726 -0.28861116 -1.5795207340568305 -0.025438289531744464
2.2567321039589065e-06 1.603630265457023 0.1636367 0.02210606 0.45931809 0.81583546 -0.29325057 -1.5803130698957093 -0.024410242178019858
2.2152731018588185e-06 1.6022024738642269 0.25846454 0.02201225 0.41074703 0.62508792 -0.29496242 -1.5861290317652386 -0.017501233691784288
2.17440187674168e-06 1.601268848980853 0.15549752 0.02210435 0.86187381 0.70539831 -0.23894889 -1.6020604591505565 -0.00014201471367039433
2.133998492854458e-06 1.6001096990584631 0.19866995 0.0221598 0.48824837 0.6148051 -0.27992126 -1.58445624735035 -0.01681260163050309
2.0943402578696142e-06 1.5991811851324254 0.211803 0.02202124 0.40072355 0.78053474 -0.29242693 -1.5539278865258932 -0.04618181253256998
2.0547884066897625e-06 1.59863573038145 0.1977791 0.02208047 0.88223457 0.77984275 -0.2831037 -1.5991775548616212 -3.6302708042293212e-06
2.0151416806033094e-06 1.5985426016303936 0.18536389 0.02201225 0.77779335 0.80281289 -0.30214155 -1.5899947247855122 -0.008641005595937919
1.9763719339696066e-06 1.5978839792161956 0.18720773 0.02212209 0.5960152 0.64006457 -0.29409902 -1.598400847550197 -0.00014175408019668782
1.939130946801627e-06 1.5969832417522483 0.12642559 0.02202155 0.56898934 1.22668602 -0.28810143 -1.573254790612049 -0.024629188604146545
1.9025533046333047e-06 1.5963647745716845 0.14291078 0.02195585 0.86761322 0.91643809 -0.28945801 -1.5969775283948018 -5.713357446522815e-06
1.8669120019734904e-06 1.5952004274600486 0.13006812 0.02186231 0.78737483 0.80266042 -0.2636084 -1.5866404744193656 -0.009724300152318748
1.8337127837322447e-06 1.5926467612881836 0.21788161 0.02209405 0.58794722 0.60289968 -0.25878372 -1.5364421608369296 -0.05875826662311899
1.8004988443024503e-06 1.592151589601231 0.1458165 0.02205307 0.755017 1.13711811 -0.28192815 -1.5796908471841977 -0.012955914103985883
1.7666652797356251e-06 1.5909818182809705 0.1504302 0.02199513 0.65638319 0.92936752 -0.29145358 -1.589567530908118 -0.0025840586931129453
1.7337562639855816e-06 1.5901530470823548 0.18072679 0.02202461 0.5838049 0.88427926 -0.2899373 -1.589520444838266 -0.0014613734427043718
1.7350782084492746e-06 1.5894574001683326 0.24728925 0.02199008 0.69136701 0.58650477 -0.27650901 -1.5901028457055704 -5.0201376784554765e-05
1.7359421965092817e-06 1.589157289731238 0.20492283 0.02204692 0.71779259 0.62349719 -0.25114618 -1.5873419711645878 -0.0021154290037447704
1.7362713455841039e-06 1.5890781985324074 0.19402895 0.02216121 0.72615866 0.57147039 -0.269458 -1.5874444667667114 -0.0017128229645267702
1.7366365890534491e-06 1.588736639932342 0.1076748 0.02212092 0.80117001 1.21002219 -0.2781133 -1.5419626153200199 -0.047115583212387444
1.7379131859597874e-06 1.5876088328128164 0.12214289 0.02203283 0.58552418 0.62188584 -0.2813234 -1.5646690792285913 -0.02406756070375062
1.741969334801744e-06 1.5840770407775708 0.14691132 0.02192303 0.43973752 0.85534466 -0.28049757 -1.5872199063626111 -0.00038892645020530397
1.7469973604100422e-06 1.5818424719669295 0.19452123 0.02207244 0.61945397 0.59415774 -0.2971968 -1.5618572947630405 -0.022219746014530365
1.7495727768374414e-06 1.581129698691838 0.15634663 0.02195402 0.50373972 0.7425629 -0.28654828 -1.575343802742184 -0.006498669224745423
1.7511328192047666e-06 1.580060084652719 0.24577721 0.0220008 0.53206529 0.58604594 -0.28352012 -1.5708437723106832 -0.010285926381154819
1.7524464037158917e-06 1.5796297531098173 0.13320166 0.02210293 0.5951619 0.90432789 -0.25690479 -1.5791892732210189 -0.0008708114317001242
1.75327998003463e-06 1.579109003591546 0.15606253 0.02212991 0.59822926 0.7497486 -0.27496682 -1.563377111695106 -0.016252641414711284
1.7538342352243816e-06 1.5789975388411979 0.18819309 0.02203606 0.74766001 0.56649663 -0.29696236 -1.550562555546436 -0.02854644804511017
1.7562591365770033e-06 1.576347409007053 0.20736211 0.02203459 0.79675187 0.54432211 -0.30118456 -1.5783878275163052 -0.0006097113248925653
1.7587798494805157e-06 1.5761273053945402 0.18903049 0.02205781 0.5005205 0.55170937 -0.29417651 -1.5758444490937618 -0.0005029599132912564
1.7590964809842349e-06 1.5759873760538528 0.17847149 0.02212512 0.67653836 0.66751054 -0.26949889 -1.5727493028937776 -0.0033780025007625566
1.7600821378465126e-06 1.5750072146084695 0.24382559 0.02209303 0.73888844 0.54026337 -0.28605746 -1.5498781617619948 -0.026109214291857946
1.7610352670216104e-06 1.5749043808722665 0.23016627 0.02206214 0.87203827 0.60072342 -0.28506368 -1.5624061869938446 -0.012601027614624801
1.7620918739608993e-06 1.5738078885354827 0.16636776 0.0221008 0.88514617 0.69414983 -0.25402346 -1.5707079625468072 -0.00419641832545925
1.764351653519653e-06 1.572341378425048 0.12749903 0.02194576 0.71424396 0.83472806 -0.27799287 -1.5583818938637668 -0.015425994671715841
1.7676814485176746e-06 1.5700377095565976 0.12809132 0.02188317 0.45157508 0.70302929 -0.2584083 -1.559316220025344 -0.013025158399703928
1.7712449416119766e-06 1.5683130265651637 0.14802624 0.02191964 0.49901823 0.66628521 -0.24268407 -1.525794394587564 -0.044243314969033457
1.7732088786512564e-06 1.567820676882363 0.10732921 0.02192959 0.51197143 1.18567466 -0.2679962 -1.5445122958171968 -0.023800730747966792
1.7740016906965504e-06 1.5674189944642536 0.11694263 0.02208644 0.65426531 1.12091974 -0.26689477 -1.5485042117549508 -0.01931646512741229
1.7761141203501327e-06 1.5654414891157975 0.10342319 0.02215273 0.6740406 0.85191278 -0.25862852 -1.5569893375596737 -0.010429656904579882
1.7800519135750457e-06 1.5629902602648253 0.12461517 0.02207826 0.73445445 0.75344865 -0.23859814 -1.5238132626719532 -0.041628226443844334
1.7828748312844034e-06 1.5622709035105669 0.15706121 0.02201685 0.60184359 0.65113786 -0.23758901 -1.5549700687193913 -0.008020191545434126
1.784751444099642e-06 1.5608865633904232 0.11359699 0.0220631 0.62242044 1.19408609 -0.27149877 -1.562247514100781 -2.3389409785929913e-05
1.7860961242617148e-06 1.5607641412612545 0.15762565 0.02210891 0.73202206 0.61641249 -0.27236112 -1.556497370970803 -0.004389192419620152
1.789887772072969e-06 1.5566495546165746 0.23534285 0.02204392 0.79649421 0.53174405 -0.27449318 -1.542085780319416 -0.018678360941838678
1.796737415504826e-06 1.5531239111704838 0.14344411 0.02197362 0.53579971 0.74535812 -0.2510343 -1.5552973450030492 -0.0013522096135255345
1.8003406693464216e-06 1.552639636842151 0.11620204 0.02195741 0.43585113 0.74917648 -0.23681806 -1.5480418730547356 -0.005082038115748229
1.801433657497357e-06 1.5519101525208967 0.17745874 0.02209806 0.49473454 0.59768491 -0.25772032 -1.5433814307149967 -0.009258206127154263
1.8036271893082476e-06 1.5502063931006318 0.11085126 0.02204612 0.69816418 0.68740097 -0.26925306 -1.5375132658628134 -0.014396886658083356
1.8055941742835857e-06 1.5497295285271169 0.17227791 0.02209116 0.58678235 0.55305314 -0.23763999 -1.5485937262100493 -0.0016126668905825632
1.8070900325015554e-06 1.5485504545656863 0.16609945 0.02201587 0.42973604 0.68396965 -0.27545895 -1.5377650883441776 -0.01196444018293938
1.8084532771078643e-06 1.5482210036093969 0.10376977 0.02192971 0.72035523 0.91916955 -0.26220391 -1.5485102466574923 -4.02079081940951e-05
1.8093954092401412e-06 1.5475089051613518 0.18017528 0.02206789 0.82021286 0.61355371 -0.26272505 -1.5289565099410154 -0.019264493668381528
1.8129620068091279e-06 1.5442850468731393 0.15426055 0.02197871 0.42182787 0.6063019 -0.27063422 -1.5420901785501582 -0.005418726611193676
1.8170458033062888e-06 1.5430066719545898 0.16492674 0.02202715 0.48528795 0.68109228 -0.26388582 -1.5402572932974627 -0.004027753575676625
1.8210263057512643e-06 1.5399105365985684 0.11463948 0.02192961 0.86715839 0.68569618 -0.25566228 -1.5428858014894022 -0.0001208704651875083
1.8247208552335198e-06 1.5389509598674764 0.18194393 0.02206577 0.71046488 0.53188137 -0.26773919 -1.5206038118925829 -0.019306724705985562
1.826324768507684e-06 1.5381532555864088 0.1413764 0.0219599 0.72705024 0.65210817 -0.2470652 -1.534000849123702 -0.0049501107437743665
1.8275680656266138e-06 1.537589814325165 0.1048037 0.0219941 0.43810097 0.71331932 -0.26409413 -1.5296170743618716 -0.008536181224537203
1.829115759159092e-06 1.536460492659482 0.18321754 0.022076 0.55790013 0.53432298 -0.2554252 -1.5360049696001796 -0.0015848447249853176
1.8347670172417562e-06 1.5314261336640334 0.15136735 0.02205675 0.89267991 0.61694505 -0.25033404 -1.5290499681964866 -0.007410524462995303
1.8414611566226766e-06 1.5291717151137365 0.12476743 0.02199681 0.44928409 0.71478665 -0.24551599 -1.528235670278173 -0.003190463385860323
1.8443233415370713e-06 1.5283188562598629 0.11519608 0.02200545 0.52888273 0.73257412 -0.26151845 -1.5279012473165658 -0.0012704677971706645
1.8451785439359614e-06 1.528244360812035 0.1156044 0.0220493 0.48112629 0.74865469 -0.26037012 -1.5278186985961746 -0.000500157663688256
1.8544546867527638e-06 1.5183142289608362 0.16368619 0.02203587 0.79105614 0.50857765 -0.24218413 -1.5262160479721585 -0.0020283128398766036
